eigenvector_centrality,"[0, 28, 85, 23, 2, 54, 39, 44, 63, 11]"
0,"[tensor(0.0228, device='cuda:1'), tensor(0.0230, device='cuda:1'), tensor(0.0230, device='cuda:1'), tensor(0.0230, device='cuda:1'), tensor(0.0230, device='cuda:1'), tensor(0.0230, device='cuda:1'), tensor(0.0230, device='cuda:1'), tensor(0.0231, device='cuda:1'), tensor(0.0230, device='cuda:1'), tensor(0.0230, device='cuda:1'), tensor(0.0230, device='cuda:1'), tensor(0.0231, device='cuda:1'), tensor(0.0229, device='cuda:1'), tensor(0.0230, device='cuda:1'), tensor(0.0230, device='cuda:1'), tensor(0.0230, device='cuda:1'), tensor(0.0230, device='cuda:1'), tensor(0.0230, device='cuda:1'), tensor(0.0230, device='cuda:1'), tensor(0.0231, device='cuda:1'), tensor(0.0230, device='cuda:1'), tensor(0.0230, device='cuda:1'), tensor(0.0231, device='cuda:1'), tensor(0.0230, device='cuda:1'), tensor(0.0230, device='cuda:1'), tensor(0.0229, device='cuda:1'), tensor(0.0230, device='cuda:1'), tensor(0.0230, device='cuda:1'), tensor(0.0230, device='cuda:1'), tensor(0.0231, device='cuda:1'), tensor(0.0230, device='cuda:1'), tensor(0.0230, device='cuda:1'), tensor(0.0230, device='cuda:1'), tensor(0.0230, device='cuda:1'), tensor(0.0230, device='cuda:1'), tensor(0.0230, device='cuda:1'), tensor(0.0230, device='cuda:1'), tensor(0.0230, device='cuda:1'), tensor(0.0230, device='cuda:1'), tensor(0.0230, device='cuda:1'), tensor(0.0230, device='cuda:1'), tensor(0.0230, device='cuda:1'), tensor(0.0230, device='cuda:1'), tensor(0.0230, device='cuda:1'), tensor(0.0229, device='cuda:1'), tensor(0.0230, device='cuda:1'), tensor(0.0230, device='cuda:1'), tensor(0.0229, device='cuda:1'), tensor(0.0230, device='cuda:1'), tensor(0.0230, device='cuda:1'), tensor(0.0230, device='cuda:1'), tensor(0.0230, device='cuda:1'), tensor(0.0230, device='cuda:1'), tensor(0.0230, device='cuda:1'), tensor(0.0230, device='cuda:1'), tensor(0.0230, device='cuda:1'), tensor(0.0230, device='cuda:1'), tensor(0.0230, device='cuda:1'), tensor(0.0230, device='cuda:1'), tensor(0.0230, device='cuda:1'), tensor(0.0230, device='cuda:1'), tensor(0.0230, device='cuda:1'), tensor(0.0230, device='cuda:1'), tensor(0.0230, device='cuda:1'), tensor(0.0230, device='cuda:1'), tensor(0.0230, device='cuda:1'), tensor(0.0230, device='cuda:1'), tensor(0.0230, device='cuda:1'), tensor(0.0230, device='cuda:1'), tensor(0.0230, device='cuda:1'), tensor(0.0230, device='cuda:1'), tensor(0.0230, device='cuda:1'), tensor(0.0230, device='cuda:1'), tensor(0.0230, device='cuda:1'), tensor(0.0229, device='cuda:1'), tensor(0.0230, device='cuda:1'), tensor(0.0230, device='cuda:1'), tensor(0.0230, device='cuda:1'), tensor(0.0229, device='cuda:1'), tensor(0.0230, device='cuda:1'), tensor(0.0230, device='cuda:1'), tensor(0.0229, device='cuda:1'), tensor(0.0230, device='cuda:1'), tensor(0.0230, device='cuda:1'), tensor(0.0230, device='cuda:1'), tensor(0.0230, device='cuda:1'), tensor(0.0230, device='cuda:1'), tensor(0.0230, device='cuda:1'), tensor(0.0230, device='cuda:1'), tensor(0.0230, device='cuda:1'), tensor(0.0230, device='cuda:1'), tensor(0.0230, device='cuda:1'), tensor(0.0229, device='cuda:1'), tensor(0.0230, device='cuda:1'), tensor(0.0230, device='cuda:1'), tensor(0.0230, device='cuda:1'), tensor(0.0230, device='cuda:1'), tensor(0.0230, device='cuda:1'), tensor(0.0231, device='cuda:1'), tensor(0.0232, device='cuda:1')]"
1,"[tensor(0.0228, device='cuda:1'), tensor(0.0230, device='cuda:1'), tensor(0.0230, device='cuda:1'), tensor(0.0230, device='cuda:1'), tensor(0.0230, device='cuda:1'), tensor(0.0231, device='cuda:1'), tensor(0.0230, device='cuda:1'), tensor(0.0231, device='cuda:1'), tensor(0.0230, device='cuda:1'), tensor(0.0230, device='cuda:1'), tensor(0.0230, device='cuda:1'), tensor(0.0230, device='cuda:1'), tensor(0.0230, device='cuda:1'), tensor(0.0231, device='cuda:1'), tensor(0.0230, device='cuda:1'), tensor(0.0230, device='cuda:1'), tensor(0.0230, device='cuda:1'), tensor(0.0230, device='cuda:1'), tensor(0.0230, device='cuda:1'), tensor(0.0231, device='cuda:1'), tensor(0.0230, device='cuda:1'), tensor(0.0231, device='cuda:1'), tensor(0.0230, device='cuda:1'), tensor(0.0230, device='cuda:1'), tensor(0.0230, device='cuda:1'), tensor(0.0230, device='cuda:1'), tensor(0.0230, device='cuda:1'), tensor(0.0230, device='cuda:1'), tensor(0.0230, device='cuda:1'), tensor(0.0230, device='cuda:1'), tensor(0.0230, device='cuda:1'), tensor(0.0230, device='cuda:1'), tensor(0.0230, device='cuda:1'), tensor(0.0230, device='cuda:1'), tensor(0.0230, device='cuda:1'), tensor(0.0230, device='cuda:1'), tensor(0.0230, device='cuda:1'), tensor(0.0230, device='cuda:1'), tensor(0.0230, device='cuda:1'), tensor(0.0230, device='cuda:1'), tensor(0.0230, device='cuda:1'), tensor(0.0230, device='cuda:1'), tensor(0.0230, device='cuda:1'), tensor(0.0230, device='cuda:1'), tensor(0.0230, device='cuda:1'), tensor(0.0230, device='cuda:1'), tensor(0.0230, device='cuda:1'), tensor(0.0230, device='cuda:1'), tensor(0.0230, device='cuda:1'), tensor(0.0230, device='cuda:1'), tensor(0.0231, device='cuda:1'), tensor(0.0230, device='cuda:1'), tensor(0.0230, device='cuda:1'), tensor(0.0230, device='cuda:1'), tensor(0.0230, device='cuda:1'), tensor(0.0230, device='cuda:1'), tensor(0.0230, device='cuda:1'), tensor(0.0230, device='cuda:1'), tensor(0.0231, device='cuda:1'), tensor(0.0230, device='cuda:1'), tensor(0.0230, device='cuda:1'), tensor(0.0230, device='cuda:1'), tensor(0.0230, device='cuda:1'), tensor(0.0230, device='cuda:1'), tensor(0.0230, device='cuda:1'), tensor(0.0230, device='cuda:1'), tensor(0.0230, device='cuda:1'), tensor(0.0230, device='cuda:1'), tensor(0.0230, device='cuda:1'), tensor(0.0230, device='cuda:1'), tensor(0.0230, device='cuda:1'), tensor(0.0230, device='cuda:1'), tensor(0.0230, device='cuda:1'), tensor(0.0230, device='cuda:1'), tensor(0.0230, device='cuda:1'), tensor(0.0230, device='cuda:1'), tensor(0.0230, device='cuda:1'), tensor(0.0230, device='cuda:1'), tensor(0.0230, device='cuda:1'), tensor(0.0230, device='cuda:1'), tensor(0.0230, device='cuda:1'), tensor(0.0230, device='cuda:1'), tensor(0.0230, device='cuda:1'), tensor(0.0230, device='cuda:1'), tensor(0.0230, device='cuda:1'), tensor(0.0230, device='cuda:1'), tensor(0.0230, device='cuda:1'), tensor(0.0230, device='cuda:1'), tensor(0.0230, device='cuda:1'), tensor(0.0230, device='cuda:1'), tensor(0.0230, device='cuda:1'), tensor(0.0230, device='cuda:1'), tensor(0.0230, device='cuda:1'), tensor(0.0230, device='cuda:1'), tensor(0.0230, device='cuda:1'), tensor(0.0230, device='cuda:1'), tensor(0.0230, device='cuda:1'), tensor(0.0230, device='cuda:1'), tensor(0.0230, device='cuda:1'), tensor(0.0232, device='cuda:1')]"
2,"[tensor(0.0228, device='cuda:1'), tensor(0.0230, device='cuda:1'), tensor(0.0230, device='cuda:1'), tensor(0.0230, device='cuda:1'), tensor(0.0230, device='cuda:1'), tensor(0.0230, device='cuda:1'), tensor(0.0230, device='cuda:1'), tensor(0.0230, device='cuda:1'), tensor(0.0230, device='cuda:1'), tensor(0.0230, device='cuda:1'), tensor(0.0230, device='cuda:1'), tensor(0.0230, device='cuda:1'), tensor(0.0230, device='cuda:1'), tensor(0.0230, device='cuda:1'), tensor(0.0230, device='cuda:1'), tensor(0.0230, device='cuda:1'), tensor(0.0230, device='cuda:1'), tensor(0.0230, device='cuda:1'), tensor(0.0230, device='cuda:1'), tensor(0.0231, device='cuda:1'), tensor(0.0230, device='cuda:1'), tensor(0.0230, device='cuda:1'), tensor(0.0230, device='cuda:1'), tensor(0.0230, device='cuda:1'), tensor(0.0230, device='cuda:1'), tensor(0.0230, device='cuda:1'), tensor(0.0230, device='cuda:1'), tensor(0.0230, device='cuda:1'), tensor(0.0230, device='cuda:1'), tensor(0.0230, device='cuda:1'), tensor(0.0230, device='cuda:1'), tensor(0.0230, device='cuda:1'), tensor(0.0230, device='cuda:1'), tensor(0.0230, device='cuda:1'), tensor(0.0230, device='cuda:1'), tensor(0.0230, device='cuda:1'), tensor(0.0230, device='cuda:1'), tensor(0.0230, device='cuda:1'), tensor(0.0230, device='cuda:1'), tensor(0.0230, device='cuda:1'), tensor(0.0230, device='cuda:1'), tensor(0.0230, device='cuda:1'), tensor(0.0230, device='cuda:1'), tensor(0.0230, device='cuda:1'), tensor(0.0230, device='cuda:1'), tensor(0.0230, device='cuda:1'), tensor(0.0230, device='cuda:1'), tensor(0.0230, device='cuda:1'), tensor(0.0230, device='cuda:1'), tensor(0.0230, device='cuda:1'), tensor(0.0230, device='cuda:1'), tensor(0.0230, device='cuda:1'), tensor(0.0230, device='cuda:1'), tensor(0.0230, device='cuda:1'), tensor(0.0230, device='cuda:1'), tensor(0.0230, device='cuda:1'), tensor(0.0230, device='cuda:1'), tensor(0.0230, device='cuda:1'), tensor(0.0230, device='cuda:1'), tensor(0.0230, device='cuda:1'), tensor(0.0231, device='cuda:1'), tensor(0.0230, device='cuda:1'), tensor(0.0230, device='cuda:1'), tensor(0.0230, device='cuda:1'), tensor(0.0230, device='cuda:1'), tensor(0.0230, device='cuda:1'), tensor(0.0230, device='cuda:1'), tensor(0.0230, device='cuda:1'), tensor(0.0230, device='cuda:1'), tensor(0.0230, device='cuda:1'), tensor(0.0230, device='cuda:1'), tensor(0.0230, device='cuda:1'), tensor(0.0230, device='cuda:1'), tensor(0.0230, device='cuda:1'), tensor(0.0230, device='cuda:1'), tensor(0.0230, device='cuda:1'), tensor(0.0230, device='cuda:1'), tensor(0.0230, device='cuda:1'), tensor(0.0230, device='cuda:1'), tensor(0.0230, device='cuda:1'), tensor(0.0230, device='cuda:1'), tensor(0.0230, device='cuda:1'), tensor(0.0230, device='cuda:1'), tensor(0.0230, device='cuda:1'), tensor(0.0230, device='cuda:1'), tensor(0.0230, device='cuda:1'), tensor(0.0230, device='cuda:1'), tensor(0.0230, device='cuda:1'), tensor(0.0230, device='cuda:1'), tensor(0.0230, device='cuda:1'), tensor(0.0230, device='cuda:1'), tensor(0.0230, device='cuda:1'), tensor(0.0230, device='cuda:1'), tensor(0.0230, device='cuda:1'), tensor(0.0230, device='cuda:1'), tensor(0.0230, device='cuda:1'), tensor(0.0230, device='cuda:1'), tensor(0.0230, device='cuda:1'), tensor(0.0231, device='cuda:1'), tensor(0.0233, device='cuda:1')]"
3,"[tensor(0.0228, device='cuda:1'), tensor(0.0230, device='cuda:1'), tensor(0.0230, device='cuda:1'), tensor(0.0230, device='cuda:1'), tensor(0.0230, device='cuda:1'), tensor(0.0230, device='cuda:1'), tensor(0.0230, device='cuda:1'), tensor(0.0230, device='cuda:1'), tensor(0.0230, device='cuda:1'), tensor(0.0230, device='cuda:1'), tensor(0.0230, device='cuda:1'), tensor(0.0230, device='cuda:1'), tensor(0.0230, device='cuda:1'), tensor(0.0230, device='cuda:1'), tensor(0.0230, device='cuda:1'), tensor(0.0230, device='cuda:1'), tensor(0.0230, device='cuda:1'), tensor(0.0230, device='cuda:1'), tensor(0.0230, device='cuda:1'), tensor(0.0231, device='cuda:1'), tensor(0.0230, device='cuda:1'), tensor(0.0230, device='cuda:1'), tensor(0.0230, device='cuda:1'), tensor(0.0230, device='cuda:1'), tensor(0.0230, device='cuda:1'), tensor(0.0230, device='cuda:1'), tensor(0.0230, device='cuda:1'), tensor(0.0230, device='cuda:1'), tensor(0.0230, device='cuda:1'), tensor(0.0230, device='cuda:1'), tensor(0.0230, device='cuda:1'), tensor(0.0230, device='cuda:1'), tensor(0.0230, device='cuda:1'), tensor(0.0230, device='cuda:1'), tensor(0.0230, device='cuda:1'), tensor(0.0230, device='cuda:1'), tensor(0.0230, device='cuda:1'), tensor(0.0230, device='cuda:1'), tensor(0.0230, device='cuda:1'), tensor(0.0230, device='cuda:1'), tensor(0.0230, device='cuda:1'), tensor(0.0230, device='cuda:1'), tensor(0.0230, device='cuda:1'), tensor(0.0230, device='cuda:1'), tensor(0.0230, device='cuda:1'), tensor(0.0230, device='cuda:1'), tensor(0.0230, device='cuda:1'), tensor(0.0230, device='cuda:1'), tensor(0.0230, device='cuda:1'), tensor(0.0230, device='cuda:1'), tensor(0.0230, device='cuda:1'), tensor(0.0230, device='cuda:1'), tensor(0.0230, device='cuda:1'), tensor(0.0230, device='cuda:1'), tensor(0.0230, device='cuda:1'), tensor(0.0230, device='cuda:1'), tensor(0.0230, device='cuda:1'), tensor(0.0230, device='cuda:1'), tensor(0.0231, device='cuda:1'), tensor(0.0230, device='cuda:1'), tensor(0.0230, device='cuda:1'), tensor(0.0230, device='cuda:1'), tensor(0.0230, device='cuda:1'), tensor(0.0230, device='cuda:1'), tensor(0.0230, device='cuda:1'), tensor(0.0230, device='cuda:1'), tensor(0.0230, device='cuda:1'), tensor(0.0230, device='cuda:1'), tensor(0.0230, device='cuda:1'), tensor(0.0230, device='cuda:1'), tensor(0.0230, device='cuda:1'), tensor(0.0230, device='cuda:1'), tensor(0.0230, device='cuda:1'), tensor(0.0230, device='cuda:1'), tensor(0.0230, device='cuda:1'), tensor(0.0230, device='cuda:1'), tensor(0.0230, device='cuda:1'), tensor(0.0230, device='cuda:1'), tensor(0.0230, device='cuda:1'), tensor(0.0230, device='cuda:1'), tensor(0.0230, device='cuda:1'), tensor(0.0230, device='cuda:1'), tensor(0.0230, device='cuda:1'), tensor(0.0230, device='cuda:1'), tensor(0.0230, device='cuda:1'), tensor(0.0230, device='cuda:1'), tensor(0.0230, device='cuda:1'), tensor(0.0230, device='cuda:1'), tensor(0.0230, device='cuda:1'), tensor(0.0230, device='cuda:1'), tensor(0.0230, device='cuda:1'), tensor(0.0230, device='cuda:1'), tensor(0.0230, device='cuda:1'), tensor(0.0230, device='cuda:1'), tensor(0.0230, device='cuda:1'), tensor(0.0230, device='cuda:1'), tensor(0.0230, device='cuda:1'), tensor(0.0230, device='cuda:1'), tensor(0.0230, device='cuda:1'), tensor(0.0232, device='cuda:1')]"
4,"[tensor(0.0228, device='cuda:1'), tensor(0.0230, device='cuda:1'), tensor(0.0230, device='cuda:1'), tensor(0.0230, device='cuda:1'), tensor(0.0230, device='cuda:1'), tensor(0.0230, device='cuda:1'), tensor(0.0230, device='cuda:1'), tensor(0.0230, device='cuda:1'), tensor(0.0230, device='cuda:1'), tensor(0.0230, device='cuda:1'), tensor(0.0230, device='cuda:1'), tensor(0.0230, device='cuda:1'), tensor(0.0230, device='cuda:1'), tensor(0.0230, device='cuda:1'), tensor(0.0230, device='cuda:1'), tensor(0.0230, device='cuda:1'), tensor(0.0230, device='cuda:1'), tensor(0.0230, device='cuda:1'), tensor(0.0230, device='cuda:1'), tensor(0.0231, device='cuda:1'), tensor(0.0230, device='cuda:1'), tensor(0.0230, device='cuda:1'), tensor(0.0230, device='cuda:1'), tensor(0.0230, device='cuda:1'), tensor(0.0230, device='cuda:1'), tensor(0.0230, device='cuda:1'), tensor(0.0230, device='cuda:1'), tensor(0.0230, device='cuda:1'), tensor(0.0230, device='cuda:1'), tensor(0.0230, device='cuda:1'), tensor(0.0230, device='cuda:1'), tensor(0.0230, device='cuda:1'), tensor(0.0230, device='cuda:1'), tensor(0.0230, device='cuda:1'), tensor(0.0230, device='cuda:1'), tensor(0.0230, device='cuda:1'), tensor(0.0230, device='cuda:1'), tensor(0.0230, device='cuda:1'), tensor(0.0230, device='cuda:1'), tensor(0.0230, device='cuda:1'), tensor(0.0230, device='cuda:1'), tensor(0.0230, device='cuda:1'), tensor(0.0230, device='cuda:1'), tensor(0.0230, device='cuda:1'), tensor(0.0230, device='cuda:1'), tensor(0.0230, device='cuda:1'), tensor(0.0230, device='cuda:1'), tensor(0.0230, device='cuda:1'), tensor(0.0230, device='cuda:1'), tensor(0.0230, device='cuda:1'), tensor(0.0230, device='cuda:1'), tensor(0.0230, device='cuda:1'), tensor(0.0230, device='cuda:1'), tensor(0.0230, device='cuda:1'), tensor(0.0230, device='cuda:1'), tensor(0.0230, device='cuda:1'), tensor(0.0230, device='cuda:1'), tensor(0.0230, device='cuda:1'), tensor(0.0230, device='cuda:1'), tensor(0.0230, device='cuda:1'), tensor(0.0230, device='cuda:1'), tensor(0.0230, device='cuda:1'), tensor(0.0230, device='cuda:1'), tensor(0.0230, device='cuda:1'), tensor(0.0230, device='cuda:1'), tensor(0.0230, device='cuda:1'), tensor(0.0230, device='cuda:1'), tensor(0.0230, device='cuda:1'), tensor(0.0230, device='cuda:1'), tensor(0.0230, device='cuda:1'), tensor(0.0230, device='cuda:1'), tensor(0.0230, device='cuda:1'), tensor(0.0230, device='cuda:1'), tensor(0.0230, device='cuda:1'), tensor(0.0230, device='cuda:1'), tensor(0.0230, device='cuda:1'), tensor(0.0230, device='cuda:1'), tensor(0.0230, device='cuda:1'), tensor(0.0230, device='cuda:1'), tensor(0.0230, device='cuda:1'), tensor(0.0230, device='cuda:1'), tensor(0.0230, device='cuda:1'), tensor(0.0230, device='cuda:1'), tensor(0.0230, device='cuda:1'), tensor(0.0230, device='cuda:1'), tensor(0.0230, device='cuda:1'), tensor(0.0230, device='cuda:1'), tensor(0.0230, device='cuda:1'), tensor(0.0230, device='cuda:1'), tensor(0.0230, device='cuda:1'), tensor(0.0230, device='cuda:1'), tensor(0.0230, device='cuda:1'), tensor(0.0230, device='cuda:1'), tensor(0.0230, device='cuda:1'), tensor(0.0230, device='cuda:1'), tensor(0.0230, device='cuda:1'), tensor(0.0230, device='cuda:1'), tensor(0.0230, device='cuda:1'), tensor(0.0230, device='cuda:1'), tensor(0.0232, device='cuda:1')]"
5,"[tensor(0.0228, device='cuda:1'), tensor(0.0230, device='cuda:1'), tensor(0.0230, device='cuda:1'), tensor(0.0230, device='cuda:1'), tensor(0.0230, device='cuda:1'), tensor(0.0230, device='cuda:1'), tensor(0.0230, device='cuda:1'), tensor(0.0230, device='cuda:1'), tensor(0.0230, device='cuda:1'), tensor(0.0230, device='cuda:1'), tensor(0.0230, device='cuda:1'), tensor(0.0230, device='cuda:1'), tensor(0.0230, device='cuda:1'), tensor(0.0230, device='cuda:1'), tensor(0.0230, device='cuda:1'), tensor(0.0230, device='cuda:1'), tensor(0.0230, device='cuda:1'), tensor(0.0230, device='cuda:1'), tensor(0.0230, device='cuda:1'), tensor(0.0230, device='cuda:1'), tensor(0.0230, device='cuda:1'), tensor(0.0230, device='cuda:1'), tensor(0.0230, device='cuda:1'), tensor(0.0230, device='cuda:1'), tensor(0.0230, device='cuda:1'), tensor(0.0230, device='cuda:1'), tensor(0.0230, device='cuda:1'), tensor(0.0230, device='cuda:1'), tensor(0.0230, device='cuda:1'), tensor(0.0230, device='cuda:1'), tensor(0.0230, device='cuda:1'), tensor(0.0230, device='cuda:1'), tensor(0.0230, device='cuda:1'), tensor(0.0230, device='cuda:1'), tensor(0.0230, device='cuda:1'), tensor(0.0230, device='cuda:1'), tensor(0.0230, device='cuda:1'), tensor(0.0230, device='cuda:1'), tensor(0.0230, device='cuda:1'), tensor(0.0230, device='cuda:1'), tensor(0.0230, device='cuda:1'), tensor(0.0230, device='cuda:1'), tensor(0.0230, device='cuda:1'), tensor(0.0230, device='cuda:1'), tensor(0.0230, device='cuda:1'), tensor(0.0230, device='cuda:1'), tensor(0.0230, device='cuda:1'), tensor(0.0230, device='cuda:1'), tensor(0.0230, device='cuda:1'), tensor(0.0230, device='cuda:1'), tensor(0.0230, device='cuda:1'), tensor(0.0230, device='cuda:1'), tensor(0.0230, device='cuda:1'), tensor(0.0230, device='cuda:1'), tensor(0.0230, device='cuda:1'), tensor(0.0230, device='cuda:1'), tensor(0.0230, device='cuda:1'), tensor(0.0230, device='cuda:1'), tensor(0.0230, device='cuda:1'), tensor(0.0230, device='cuda:1'), tensor(0.0230, device='cuda:1'), tensor(0.0230, device='cuda:1'), tensor(0.0230, device='cuda:1'), tensor(0.0230, device='cuda:1'), tensor(0.0230, device='cuda:1'), tensor(0.0230, device='cuda:1'), tensor(0.0230, device='cuda:1'), tensor(0.0230, device='cuda:1'), tensor(0.0230, device='cuda:1'), tensor(0.0230, device='cuda:1'), tensor(0.0230, device='cuda:1'), tensor(0.0230, device='cuda:1'), tensor(0.0230, device='cuda:1'), tensor(0.0230, device='cuda:1'), tensor(0.0230, device='cuda:1'), tensor(0.0230, device='cuda:1'), tensor(0.0230, device='cuda:1'), tensor(0.0230, device='cuda:1'), tensor(0.0230, device='cuda:1'), tensor(0.0230, device='cuda:1'), tensor(0.0230, device='cuda:1'), tensor(0.0230, device='cuda:1'), tensor(0.0230, device='cuda:1'), tensor(0.0230, device='cuda:1'), tensor(0.0230, device='cuda:1'), tensor(0.0230, device='cuda:1'), tensor(0.0230, device='cuda:1'), tensor(0.0230, device='cuda:1'), tensor(0.0230, device='cuda:1'), tensor(0.0230, device='cuda:1'), tensor(0.0230, device='cuda:1'), tensor(0.0230, device='cuda:1'), tensor(0.0230, device='cuda:1'), tensor(0.0230, device='cuda:1'), tensor(0.0230, device='cuda:1'), tensor(0.0230, device='cuda:1'), tensor(0.0230, device='cuda:1'), tensor(0.0230, device='cuda:1'), tensor(0.0230, device='cuda:1'), tensor(0.0232, device='cuda:1')]"
6,"[tensor(0.0228, device='cuda:1'), tensor(0.0230, device='cuda:1'), tensor(0.0230, device='cuda:1'), tensor(0.0230, device='cuda:1'), tensor(0.0230, device='cuda:1'), tensor(0.0230, device='cuda:1'), tensor(0.0230, device='cuda:1'), tensor(0.0230, device='cuda:1'), tensor(0.0230, device='cuda:1'), tensor(0.0230, device='cuda:1'), tensor(0.0230, device='cuda:1'), tensor(0.0230, device='cuda:1'), tensor(0.0230, device='cuda:1'), tensor(0.0230, device='cuda:1'), tensor(0.0230, device='cuda:1'), tensor(0.0230, device='cuda:1'), tensor(0.0230, device='cuda:1'), tensor(0.0230, device='cuda:1'), tensor(0.0230, device='cuda:1'), tensor(0.0231, device='cuda:1'), tensor(0.0230, device='cuda:1'), tensor(0.0230, device='cuda:1'), tensor(0.0230, device='cuda:1'), tensor(0.0230, device='cuda:1'), tensor(0.0230, device='cuda:1'), tensor(0.0230, device='cuda:1'), tensor(0.0230, device='cuda:1'), tensor(0.0230, device='cuda:1'), tensor(0.0230, device='cuda:1'), tensor(0.0230, device='cuda:1'), tensor(0.0230, device='cuda:1'), tensor(0.0230, device='cuda:1'), tensor(0.0230, device='cuda:1'), tensor(0.0230, device='cuda:1'), tensor(0.0230, device='cuda:1'), tensor(0.0230, device='cuda:1'), tensor(0.0230, device='cuda:1'), tensor(0.0230, device='cuda:1'), tensor(0.0230, device='cuda:1'), tensor(0.0230, device='cuda:1'), tensor(0.0230, device='cuda:1'), tensor(0.0230, device='cuda:1'), tensor(0.0230, device='cuda:1'), tensor(0.0230, device='cuda:1'), tensor(0.0230, device='cuda:1'), tensor(0.0230, device='cuda:1'), tensor(0.0230, device='cuda:1'), tensor(0.0230, device='cuda:1'), tensor(0.0230, device='cuda:1'), tensor(0.0230, device='cuda:1'), tensor(0.0230, device='cuda:1'), tensor(0.0230, device='cuda:1'), tensor(0.0230, device='cuda:1'), tensor(0.0230, device='cuda:1'), tensor(0.0230, device='cuda:1'), tensor(0.0230, device='cuda:1'), tensor(0.0230, device='cuda:1'), tensor(0.0230, device='cuda:1'), tensor(0.0230, device='cuda:1'), tensor(0.0230, device='cuda:1'), tensor(0.0230, device='cuda:1'), tensor(0.0230, device='cuda:1'), tensor(0.0230, device='cuda:1'), tensor(0.0230, device='cuda:1'), tensor(0.0230, device='cuda:1'), tensor(0.0230, device='cuda:1'), tensor(0.0230, device='cuda:1'), tensor(0.0230, device='cuda:1'), tensor(0.0230, device='cuda:1'), tensor(0.0230, device='cuda:1'), tensor(0.0230, device='cuda:1'), tensor(0.0230, device='cuda:1'), tensor(0.0230, device='cuda:1'), tensor(0.0230, device='cuda:1'), tensor(0.0230, device='cuda:1'), tensor(0.0230, device='cuda:1'), tensor(0.0230, device='cuda:1'), tensor(0.0230, device='cuda:1'), tensor(0.0230, device='cuda:1'), tensor(0.0230, device='cuda:1'), tensor(0.0230, device='cuda:1'), tensor(0.0230, device='cuda:1'), tensor(0.0230, device='cuda:1'), tensor(0.0230, device='cuda:1'), tensor(0.0230, device='cuda:1'), tensor(0.0230, device='cuda:1'), tensor(0.0230, device='cuda:1'), tensor(0.0230, device='cuda:1'), tensor(0.0230, device='cuda:1'), tensor(0.0230, device='cuda:1'), tensor(0.0230, device='cuda:1'), tensor(0.0230, device='cuda:1'), tensor(0.0230, device='cuda:1'), tensor(0.0230, device='cuda:1'), tensor(0.0230, device='cuda:1'), tensor(0.0230, device='cuda:1'), tensor(0.0230, device='cuda:1'), tensor(0.0230, device='cuda:1'), tensor(0.0230, device='cuda:1'), tensor(0.0232, device='cuda:1')]"
7,"[tensor(0.0228, device='cuda:1'), tensor(0.0230, device='cuda:1'), tensor(0.0230, device='cuda:1'), tensor(0.0230, device='cuda:1'), tensor(0.0230, device='cuda:1'), tensor(0.0230, device='cuda:1'), tensor(0.0230, device='cuda:1'), tensor(0.0230, device='cuda:1'), tensor(0.0230, device='cuda:1'), tensor(0.0230, device='cuda:1'), tensor(0.0230, device='cuda:1'), tensor(0.0230, device='cuda:1'), tensor(0.0230, device='cuda:1'), tensor(0.0230, device='cuda:1'), tensor(0.0230, device='cuda:1'), tensor(0.0230, device='cuda:1'), tensor(0.0230, device='cuda:1'), tensor(0.0230, device='cuda:1'), tensor(0.0230, device='cuda:1'), tensor(0.0230, device='cuda:1'), tensor(0.0230, device='cuda:1'), tensor(0.0230, device='cuda:1'), tensor(0.0230, device='cuda:1'), tensor(0.0230, device='cuda:1'), tensor(0.0230, device='cuda:1'), tensor(0.0230, device='cuda:1'), tensor(0.0230, device='cuda:1'), tensor(0.0230, device='cuda:1'), tensor(0.0230, device='cuda:1'), tensor(0.0230, device='cuda:1'), tensor(0.0230, device='cuda:1'), tensor(0.0230, device='cuda:1'), tensor(0.0230, device='cuda:1'), tensor(0.0230, device='cuda:1'), tensor(0.0230, device='cuda:1'), tensor(0.0230, device='cuda:1'), tensor(0.0230, device='cuda:1'), tensor(0.0230, device='cuda:1'), tensor(0.0230, device='cuda:1'), tensor(0.0230, device='cuda:1'), tensor(0.0230, device='cuda:1'), tensor(0.0230, device='cuda:1'), tensor(0.0230, device='cuda:1'), tensor(0.0230, device='cuda:1'), tensor(0.0230, device='cuda:1'), tensor(0.0230, device='cuda:1'), tensor(0.0230, device='cuda:1'), tensor(0.0230, device='cuda:1'), tensor(0.0230, device='cuda:1'), tensor(0.0230, device='cuda:1'), tensor(0.0230, device='cuda:1'), tensor(0.0230, device='cuda:1'), tensor(0.0230, device='cuda:1'), tensor(0.0230, device='cuda:1'), tensor(0.0230, device='cuda:1'), tensor(0.0230, device='cuda:1'), tensor(0.0230, device='cuda:1'), tensor(0.0230, device='cuda:1'), tensor(0.0230, device='cuda:1'), tensor(0.0230, device='cuda:1'), tensor(0.0230, device='cuda:1'), tensor(0.0230, device='cuda:1'), tensor(0.0230, device='cuda:1'), tensor(0.0230, device='cuda:1'), tensor(0.0230, device='cuda:1'), tensor(0.0230, device='cuda:1'), tensor(0.0230, device='cuda:1'), tensor(0.0230, device='cuda:1'), tensor(0.0230, device='cuda:1'), tensor(0.0230, device='cuda:1'), tensor(0.0230, device='cuda:1'), tensor(0.0230, device='cuda:1'), tensor(0.0230, device='cuda:1'), tensor(0.0230, device='cuda:1'), tensor(0.0230, device='cuda:1'), tensor(0.0230, device='cuda:1'), tensor(0.0230, device='cuda:1'), tensor(0.0230, device='cuda:1'), tensor(0.0230, device='cuda:1'), tensor(0.0230, device='cuda:1'), tensor(0.0230, device='cuda:1'), tensor(0.0230, device='cuda:1'), tensor(0.0230, device='cuda:1'), tensor(0.0230, device='cuda:1'), tensor(0.0230, device='cuda:1'), tensor(0.0230, device='cuda:1'), tensor(0.0230, device='cuda:1'), tensor(0.0230, device='cuda:1'), tensor(0.0230, device='cuda:1'), tensor(0.0230, device='cuda:1'), tensor(0.0230, device='cuda:1'), tensor(0.0230, device='cuda:1'), tensor(0.0230, device='cuda:1'), tensor(0.0230, device='cuda:1'), tensor(0.0230, device='cuda:1'), tensor(0.0230, device='cuda:1'), tensor(0.0230, device='cuda:1'), tensor(0.0230, device='cuda:1'), tensor(0.0230, device='cuda:1'), tensor(0.0232, device='cuda:1')]"
8,"[tensor(0.0228, device='cuda:1'), tensor(0.0230, device='cuda:1'), tensor(0.0230, device='cuda:1'), tensor(0.0230, device='cuda:1'), tensor(0.0230, device='cuda:1'), tensor(0.0230, device='cuda:1'), tensor(0.0230, device='cuda:1'), tensor(0.0230, device='cuda:1'), tensor(0.0230, device='cuda:1'), tensor(0.0230, device='cuda:1'), tensor(0.0230, device='cuda:1'), tensor(0.0230, device='cuda:1'), tensor(0.0230, device='cuda:1'), tensor(0.0230, device='cuda:1'), tensor(0.0230, device='cuda:1'), tensor(0.0230, device='cuda:1'), tensor(0.0230, device='cuda:1'), tensor(0.0230, device='cuda:1'), tensor(0.0230, device='cuda:1'), tensor(0.0230, device='cuda:1'), tensor(0.0230, device='cuda:1'), tensor(0.0230, device='cuda:1'), tensor(0.0230, device='cuda:1'), tensor(0.0230, device='cuda:1'), tensor(0.0230, device='cuda:1'), tensor(0.0230, device='cuda:1'), tensor(0.0230, device='cuda:1'), tensor(0.0230, device='cuda:1'), tensor(0.0230, device='cuda:1'), tensor(0.0230, device='cuda:1'), tensor(0.0230, device='cuda:1'), tensor(0.0230, device='cuda:1'), tensor(0.0230, device='cuda:1'), tensor(0.0230, device='cuda:1'), tensor(0.0230, device='cuda:1'), tensor(0.0230, device='cuda:1'), tensor(0.0230, device='cuda:1'), tensor(0.0230, device='cuda:1'), tensor(0.0230, device='cuda:1'), tensor(0.0230, device='cuda:1'), tensor(0.0230, device='cuda:1'), tensor(0.0230, device='cuda:1'), tensor(0.0230, device='cuda:1'), tensor(0.0230, device='cuda:1'), tensor(0.0230, device='cuda:1'), tensor(0.0230, device='cuda:1'), tensor(0.0230, device='cuda:1'), tensor(0.0230, device='cuda:1'), tensor(0.0230, device='cuda:1'), tensor(0.0230, device='cuda:1'), tensor(0.0230, device='cuda:1'), tensor(0.0230, device='cuda:1'), tensor(0.0230, device='cuda:1'), tensor(0.0230, device='cuda:1'), tensor(0.0230, device='cuda:1'), tensor(0.0230, device='cuda:1'), tensor(0.0230, device='cuda:1'), tensor(0.0230, device='cuda:1'), tensor(0.0230, device='cuda:1'), tensor(0.0230, device='cuda:1'), tensor(0.0230, device='cuda:1'), tensor(0.0230, device='cuda:1'), tensor(0.0230, device='cuda:1'), tensor(0.0230, device='cuda:1'), tensor(0.0230, device='cuda:1'), tensor(0.0230, device='cuda:1'), tensor(0.0230, device='cuda:1'), tensor(0.0230, device='cuda:1'), tensor(0.0230, device='cuda:1'), tensor(0.0230, device='cuda:1'), tensor(0.0230, device='cuda:1'), tensor(0.0230, device='cuda:1'), tensor(0.0230, device='cuda:1'), tensor(0.0230, device='cuda:1'), tensor(0.0230, device='cuda:1'), tensor(0.0230, device='cuda:1'), tensor(0.0230, device='cuda:1'), tensor(0.0230, device='cuda:1'), tensor(0.0230, device='cuda:1'), tensor(0.0230, device='cuda:1'), tensor(0.0230, device='cuda:1'), tensor(0.0230, device='cuda:1'), tensor(0.0230, device='cuda:1'), tensor(0.0230, device='cuda:1'), tensor(0.0230, device='cuda:1'), tensor(0.0230, device='cuda:1'), tensor(0.0230, device='cuda:1'), tensor(0.0230, device='cuda:1'), tensor(0.0230, device='cuda:1'), tensor(0.0230, device='cuda:1'), tensor(0.0230, device='cuda:1'), tensor(0.0230, device='cuda:1'), tensor(0.0230, device='cuda:1'), tensor(0.0230, device='cuda:1'), tensor(0.0230, device='cuda:1'), tensor(0.0230, device='cuda:1'), tensor(0.0230, device='cuda:1'), tensor(0.0230, device='cuda:1'), tensor(0.0230, device='cuda:1'), tensor(0.0232, device='cuda:1')]"
9,"[tensor(0.0227, device='cuda:1'), tensor(0.0230, device='cuda:1'), tensor(0.0230, device='cuda:1'), tensor(0.0230, device='cuda:1'), tensor(0.0230, device='cuda:1'), tensor(0.0230, device='cuda:1'), tensor(0.0230, device='cuda:1'), tensor(0.0230, device='cuda:1'), tensor(0.0230, device='cuda:1'), tensor(0.0230, device='cuda:1'), tensor(0.0230, device='cuda:1'), tensor(0.0230, device='cuda:1'), tensor(0.0229, device='cuda:1'), tensor(0.0230, device='cuda:1'), tensor(0.0230, device='cuda:1'), tensor(0.0230, device='cuda:1'), tensor(0.0230, device='cuda:1'), tensor(0.0230, device='cuda:1'), tensor(0.0230, device='cuda:1'), tensor(0.0230, device='cuda:1'), tensor(0.0230, device='cuda:1'), tensor(0.0230, device='cuda:1'), tensor(0.0230, device='cuda:1'), tensor(0.0230, device='cuda:1'), tensor(0.0230, device='cuda:1'), tensor(0.0230, device='cuda:1'), tensor(0.0230, device='cuda:1'), tensor(0.0230, device='cuda:1'), tensor(0.0230, device='cuda:1'), tensor(0.0230, device='cuda:1'), tensor(0.0230, device='cuda:1'), tensor(0.0230, device='cuda:1'), tensor(0.0230, device='cuda:1'), tensor(0.0230, device='cuda:1'), tensor(0.0230, device='cuda:1'), tensor(0.0229, device='cuda:1'), tensor(0.0230, device='cuda:1'), tensor(0.0230, device='cuda:1'), tensor(0.0230, device='cuda:1'), tensor(0.0230, device='cuda:1'), tensor(0.0230, device='cuda:1'), tensor(0.0230, device='cuda:1'), tensor(0.0230, device='cuda:1'), tensor(0.0230, device='cuda:1'), tensor(0.0230, device='cuda:1'), tensor(0.0230, device='cuda:1'), tensor(0.0230, device='cuda:1'), tensor(0.0230, device='cuda:1'), tensor(0.0230, device='cuda:1'), tensor(0.0230, device='cuda:1'), tensor(0.0230, device='cuda:1'), tensor(0.0230, device='cuda:1'), tensor(0.0230, device='cuda:1'), tensor(0.0230, device='cuda:1'), tensor(0.0230, device='cuda:1'), tensor(0.0230, device='cuda:1'), tensor(0.0230, device='cuda:1'), tensor(0.0230, device='cuda:1'), tensor(0.0230, device='cuda:1'), tensor(0.0230, device='cuda:1'), tensor(0.0230, device='cuda:1'), tensor(0.0230, device='cuda:1'), tensor(0.0230, device='cuda:1'), tensor(0.0230, device='cuda:1'), tensor(0.0230, device='cuda:1'), tensor(0.0230, device='cuda:1'), tensor(0.0229, device='cuda:1'), tensor(0.0230, device='cuda:1'), tensor(0.0230, device='cuda:1'), tensor(0.0230, device='cuda:1'), tensor(0.0230, device='cuda:1'), tensor(0.0230, device='cuda:1'), tensor(0.0230, device='cuda:1'), tensor(0.0230, device='cuda:1'), tensor(0.0230, device='cuda:1'), tensor(0.0230, device='cuda:1'), tensor(0.0230, device='cuda:1'), tensor(0.0230, device='cuda:1'), tensor(0.0230, device='cuda:1'), tensor(0.0230, device='cuda:1'), tensor(0.0230, device='cuda:1'), tensor(0.0229, device='cuda:1'), tensor(0.0230, device='cuda:1'), tensor(0.0230, device='cuda:1'), tensor(0.0230, device='cuda:1'), tensor(0.0230, device='cuda:1'), tensor(0.0230, device='cuda:1'), tensor(0.0230, device='cuda:1'), tensor(0.0230, device='cuda:1'), tensor(0.0230, device='cuda:1'), tensor(0.0230, device='cuda:1'), tensor(0.0230, device='cuda:1'), tensor(0.0229, device='cuda:1'), tensor(0.0230, device='cuda:1'), tensor(0.0229, device='cuda:1'), tensor(0.0230, device='cuda:1'), tensor(0.0230, device='cuda:1'), tensor(0.0230, device='cuda:1'), tensor(0.0230, device='cuda:1'), tensor(0.0232, device='cuda:1')]"
10,"[tensor(0.0227, device='cuda:1'), tensor(0.0229, device='cuda:1'), tensor(0.0230, device='cuda:1'), tensor(0.0230, device='cuda:1'), tensor(0.0229, device='cuda:1'), tensor(0.0230, device='cuda:1'), tensor(0.0230, device='cuda:1'), tensor(0.0230, device='cuda:1'), tensor(0.0230, device='cuda:1'), tensor(0.0230, device='cuda:1'), tensor(0.0229, device='cuda:1'), tensor(0.0229, device='cuda:1'), tensor(0.0229, device='cuda:1'), tensor(0.0229, device='cuda:1'), tensor(0.0230, device='cuda:1'), tensor(0.0229, device='cuda:1'), tensor(0.0230, device='cuda:1'), tensor(0.0230, device='cuda:1'), tensor(0.0229, device='cuda:1'), tensor(0.0230, device='cuda:1'), tensor(0.0230, device='cuda:1'), tensor(0.0230, device='cuda:1'), tensor(0.0230, device='cuda:1'), tensor(0.0229, device='cuda:1'), tensor(0.0229, device='cuda:1'), tensor(0.0230, device='cuda:1'), tensor(0.0230, device='cuda:1'), tensor(0.0230, device='cuda:1'), tensor(0.0230, device='cuda:1'), tensor(0.0230, device='cuda:1'), tensor(0.0230, device='cuda:1'), tensor(0.0230, device='cuda:1'), tensor(0.0230, device='cuda:1'), tensor(0.0230, device='cuda:1'), tensor(0.0230, device='cuda:1'), tensor(0.0228, device='cuda:1'), tensor(0.0229, device='cuda:1'), tensor(0.0230, device='cuda:1'), tensor(0.0230, device='cuda:1'), tensor(0.0230, device='cuda:1'), tensor(0.0230, device='cuda:1'), tensor(0.0230, device='cuda:1'), tensor(0.0229, device='cuda:1'), tensor(0.0229, device='cuda:1'), tensor(0.0229, device='cuda:1'), tensor(0.0230, device='cuda:1'), tensor(0.0230, device='cuda:1'), tensor(0.0230, device='cuda:1'), tensor(0.0229, device='cuda:1'), tensor(0.0230, device='cuda:1'), tensor(0.0230, device='cuda:1'), tensor(0.0229, device='cuda:1'), tensor(0.0230, device='cuda:1'), tensor(0.0230, device='cuda:1'), tensor(0.0230, device='cuda:1'), tensor(0.0230, device='cuda:1'), tensor(0.0230, device='cuda:1'), tensor(0.0230, device='cuda:1'), tensor(0.0230, device='cuda:1'), tensor(0.0230, device='cuda:1'), tensor(0.0230, device='cuda:1'), tensor(0.0230, device='cuda:1'), tensor(0.0230, device='cuda:1'), tensor(0.0230, device='cuda:1'), tensor(0.0230, device='cuda:1'), tensor(0.0230, device='cuda:1'), tensor(0.0229, device='cuda:1'), tensor(0.0230, device='cuda:1'), tensor(0.0229, device='cuda:1'), tensor(0.0230, device='cuda:1'), tensor(0.0230, device='cuda:1'), tensor(0.0230, device='cuda:1'), tensor(0.0229, device='cuda:1'), tensor(0.0230, device='cuda:1'), tensor(0.0230, device='cuda:1'), tensor(0.0230, device='cuda:1'), tensor(0.0230, device='cuda:1'), tensor(0.0230, device='cuda:1'), tensor(0.0230, device='cuda:1'), tensor(0.0230, device='cuda:1'), tensor(0.0229, device='cuda:1'), tensor(0.0229, device='cuda:1'), tensor(0.0229, device='cuda:1'), tensor(0.0230, device='cuda:1'), tensor(0.0230, device='cuda:1'), tensor(0.0230, device='cuda:1'), tensor(0.0230, device='cuda:1'), tensor(0.0230, device='cuda:1'), tensor(0.0229, device='cuda:1'), tensor(0.0230, device='cuda:1'), tensor(0.0229, device='cuda:1'), tensor(0.0230, device='cuda:1'), tensor(0.0229, device='cuda:1'), tensor(0.0230, device='cuda:1'), tensor(0.0229, device='cuda:1'), tensor(0.0229, device='cuda:1'), tensor(0.0230, device='cuda:1'), tensor(0.0230, device='cuda:1'), tensor(0.0230, device='cuda:1'), tensor(0.0232, device='cuda:1')]"
11,"[tensor(0.0226, device='cuda:1'), tensor(0.0229, device='cuda:1'), tensor(0.0230, device='cuda:1'), tensor(0.0230, device='cuda:1'), tensor(0.0229, device='cuda:1'), tensor(0.0229, device='cuda:1'), tensor(0.0230, device='cuda:1'), tensor(0.0229, device='cuda:1'), tensor(0.0229, device='cuda:1'), tensor(0.0229, device='cuda:1'), tensor(0.0229, device='cuda:1'), tensor(0.0228, device='cuda:1'), tensor(0.0228, device='cuda:1'), tensor(0.0229, device='cuda:1'), tensor(0.0230, device='cuda:1'), tensor(0.0228, device='cuda:1'), tensor(0.0229, device='cuda:1'), tensor(0.0229, device='cuda:1'), tensor(0.0228, device='cuda:1'), tensor(0.0229, device='cuda:1'), tensor(0.0229, device='cuda:1'), tensor(0.0230, device='cuda:1'), tensor(0.0229, device='cuda:1'), tensor(0.0229, device='cuda:1'), tensor(0.0228, device='cuda:1'), tensor(0.0229, device='cuda:1'), tensor(0.0229, device='cuda:1'), tensor(0.0229, device='cuda:1'), tensor(0.0229, device='cuda:1'), tensor(0.0229, device='cuda:1'), tensor(0.0229, device='cuda:1'), tensor(0.0230, device='cuda:1'), tensor(0.0229, device='cuda:1'), tensor(0.0229, device='cuda:1'), tensor(0.0229, device='cuda:1'), tensor(0.0227, device='cuda:1'), tensor(0.0228, device='cuda:1'), tensor(0.0229, device='cuda:1'), tensor(0.0229, device='cuda:1'), tensor(0.0229, device='cuda:1'), tensor(0.0229, device='cuda:1'), tensor(0.0229, device='cuda:1'), tensor(0.0229, device='cuda:1'), tensor(0.0229, device='cuda:1'), tensor(0.0229, device='cuda:1'), tensor(0.0230, device='cuda:1'), tensor(0.0229, device='cuda:1'), tensor(0.0230, device='cuda:1'), tensor(0.0229, device='cuda:1'), tensor(0.0230, device='cuda:1'), tensor(0.0229, device='cuda:1'), tensor(0.0229, device='cuda:1'), tensor(0.0229, device='cuda:1'), tensor(0.0229, device='cuda:1'), tensor(0.0230, device='cuda:1'), tensor(0.0229, device='cuda:1'), tensor(0.0229, device='cuda:1'), tensor(0.0229, device='cuda:1'), tensor(0.0230, device='cuda:1'), tensor(0.0230, device='cuda:1'), tensor(0.0229, device='cuda:1'), tensor(0.0229, device='cuda:1'), tensor(0.0230, device='cuda:1'), tensor(0.0229, device='cuda:1'), tensor(0.0228, device='cuda:1'), tensor(0.0229, device='cuda:1'), tensor(0.0228, device='cuda:1'), tensor(0.0229, device='cuda:1'), tensor(0.0228, device='cuda:1'), tensor(0.0229, device='cuda:1'), tensor(0.0229, device='cuda:1'), tensor(0.0229, device='cuda:1'), tensor(0.0229, device='cuda:1'), tensor(0.0229, device='cuda:1'), tensor(0.0229, device='cuda:1'), tensor(0.0229, device='cuda:1'), tensor(0.0229, device='cuda:1'), tensor(0.0229, device='cuda:1'), tensor(0.0229, device='cuda:1'), tensor(0.0229, device='cuda:1'), tensor(0.0228, device='cuda:1'), tensor(0.0228, device='cuda:1'), tensor(0.0228, device='cuda:1'), tensor(0.0230, device='cuda:1'), tensor(0.0230, device='cuda:1'), tensor(0.0229, device='cuda:1'), tensor(0.0230, device='cuda:1'), tensor(0.0229, device='cuda:1'), tensor(0.0229, device='cuda:1'), tensor(0.0230, device='cuda:1'), tensor(0.0228, device='cuda:1'), tensor(0.0230, device='cuda:1'), tensor(0.0228, device='cuda:1'), tensor(0.0230, device='cuda:1'), tensor(0.0228, device='cuda:1'), tensor(0.0229, device='cuda:1'), tensor(0.0229, device='cuda:1'), tensor(0.0230, device='cuda:1'), tensor(0.0229, device='cuda:1'), tensor(0.0231, device='cuda:1')]"
12,"[tensor(0.0225, device='cuda:1'), tensor(0.0227, device='cuda:1'), tensor(0.0229, device='cuda:1'), tensor(0.0229, device='cuda:1'), tensor(0.0228, device='cuda:1'), tensor(0.0228, device='cuda:1'), tensor(0.0229, device='cuda:1'), tensor(0.0229, device='cuda:1'), tensor(0.0228, device='cuda:1'), tensor(0.0228, device='cuda:1'), tensor(0.0227, device='cuda:1'), tensor(0.0227, device='cuda:1'), tensor(0.0227, device='cuda:1'), tensor(0.0227, device='cuda:1'), tensor(0.0229, device='cuda:1'), tensor(0.0227, device='cuda:1'), tensor(0.0229, device='cuda:1'), tensor(0.0229, device='cuda:1'), tensor(0.0227, device='cuda:1'), tensor(0.0228, device='cuda:1'), tensor(0.0228, device='cuda:1'), tensor(0.0228, device='cuda:1'), tensor(0.0229, device='cuda:1'), tensor(0.0227, device='cuda:1'), tensor(0.0226, device='cuda:1'), tensor(0.0228, device='cuda:1'), tensor(0.0228, device='cuda:1'), tensor(0.0229, device='cuda:1'), tensor(0.0228, device='cuda:1'), tensor(0.0228, device='cuda:1'), tensor(0.0228, device='cuda:1'), tensor(0.0229, device='cuda:1'), tensor(0.0229, device='cuda:1'), tensor(0.0228, device='cuda:1'), tensor(0.0228, device='cuda:1'), tensor(0.0226, device='cuda:1'), tensor(0.0227, device='cuda:1'), tensor(0.0228, device='cuda:1'), tensor(0.0228, device='cuda:1'), tensor(0.0228, device='cuda:1'), tensor(0.0229, device='cuda:1'), tensor(0.0228, device='cuda:1'), tensor(0.0228, device='cuda:1'), tensor(0.0227, device='cuda:1'), tensor(0.0228, device='cuda:1'), tensor(0.0229, device='cuda:1'), tensor(0.0228, device='cuda:1'), tensor(0.0230, device='cuda:1'), tensor(0.0228, device='cuda:1'), tensor(0.0229, device='cuda:1'), tensor(0.0228, device='cuda:1'), tensor(0.0227, device='cuda:1'), tensor(0.0228, device='cuda:1'), tensor(0.0228, device='cuda:1'), tensor(0.0229, device='cuda:1'), tensor(0.0228, device='cuda:1'), tensor(0.0228, device='cuda:1'), tensor(0.0228, device='cuda:1'), tensor(0.0229, device='cuda:1'), tensor(0.0230, device='cuda:1'), tensor(0.0228, device='cuda:1'), tensor(0.0228, device='cuda:1'), tensor(0.0229, device='cuda:1'), tensor(0.0228, device='cuda:1'), tensor(0.0227, device='cuda:1'), tensor(0.0227, device='cuda:1'), tensor(0.0226, device='cuda:1'), tensor(0.0229, device='cuda:1'), tensor(0.0227, device='cuda:1'), tensor(0.0228, device='cuda:1'), tensor(0.0229, device='cuda:1'), tensor(0.0228, device='cuda:1'), tensor(0.0227, device='cuda:1'), tensor(0.0228, device='cuda:1'), tensor(0.0228, device='cuda:1'), tensor(0.0228, device='cuda:1'), tensor(0.0228, device='cuda:1'), tensor(0.0228, device='cuda:1'), tensor(0.0229, device='cuda:1'), tensor(0.0229, device='cuda:1'), tensor(0.0227, device='cuda:1'), tensor(0.0226, device='cuda:1'), tensor(0.0227, device='cuda:1'), tensor(0.0229, device='cuda:1'), tensor(0.0229, device='cuda:1'), tensor(0.0228, device='cuda:1'), tensor(0.0229, device='cuda:1'), tensor(0.0228, device='cuda:1'), tensor(0.0228, device='cuda:1'), tensor(0.0228, device='cuda:1'), tensor(0.0227, device='cuda:1'), tensor(0.0228, device='cuda:1'), tensor(0.0227, device='cuda:1'), tensor(0.0229, device='cuda:1'), tensor(0.0227, device='cuda:1'), tensor(0.0227, device='cuda:1'), tensor(0.0228, device='cuda:1'), tensor(0.0229, device='cuda:1'), tensor(0.0228, device='cuda:1'), tensor(0.0229, device='cuda:1')]"
13,"[tensor(0.0224, device='cuda:1'), tensor(0.0227, device='cuda:1'), tensor(0.0228, device='cuda:1'), tensor(0.0228, device='cuda:1'), tensor(0.0226, device='cuda:1'), tensor(0.0226, device='cuda:1'), tensor(0.0228, device='cuda:1'), tensor(0.0227, device='cuda:1'), tensor(0.0226, device='cuda:1'), tensor(0.0226, device='cuda:1'), tensor(0.0226, device='cuda:1'), tensor(0.0225, device='cuda:1'), tensor(0.0226, device='cuda:1'), tensor(0.0226, device='cuda:1'), tensor(0.0228, device='cuda:1'), tensor(0.0225, device='cuda:1'), tensor(0.0227, device='cuda:1'), tensor(0.0227, device='cuda:1'), tensor(0.0226, device='cuda:1'), tensor(0.0226, device='cuda:1'), tensor(0.0226, device='cuda:1'), tensor(0.0228, device='cuda:1'), tensor(0.0227, device='cuda:1'), tensor(0.0227, device='cuda:1'), tensor(0.0225, device='cuda:1'), tensor(0.0227, device='cuda:1'), tensor(0.0226, device='cuda:1'), tensor(0.0228, device='cuda:1'), tensor(0.0227, device='cuda:1'), tensor(0.0227, device='cuda:1'), tensor(0.0226, device='cuda:1'), tensor(0.0228, device='cuda:1'), tensor(0.0227, device='cuda:1'), tensor(0.0227, device='cuda:1'), tensor(0.0225, device='cuda:1'), tensor(0.0224, device='cuda:1'), tensor(0.0226, device='cuda:1'), tensor(0.0227, device='cuda:1'), tensor(0.0226, device='cuda:1'), tensor(0.0226, device='cuda:1'), tensor(0.0227, device='cuda:1'), tensor(0.0227, device='cuda:1'), tensor(0.0227, device='cuda:1'), tensor(0.0227, device='cuda:1'), tensor(0.0227, device='cuda:1'), tensor(0.0228, device='cuda:1'), tensor(0.0227, device='cuda:1'), tensor(0.0228, device='cuda:1'), tensor(0.0226, device='cuda:1'), tensor(0.0229, device='cuda:1'), tensor(0.0227, device='cuda:1'), tensor(0.0226, device='cuda:1'), tensor(0.0226, device='cuda:1'), tensor(0.0226, device='cuda:1'), tensor(0.0228, device='cuda:1'), tensor(0.0227, device='cuda:1'), tensor(0.0227, device='cuda:1'), tensor(0.0227, device='cuda:1'), tensor(0.0228, device='cuda:1'), tensor(0.0229, device='cuda:1'), tensor(0.0226, device='cuda:1'), tensor(0.0226, device='cuda:1'), tensor(0.0228, device='cuda:1'), tensor(0.0227, device='cuda:1'), tensor(0.0225, device='cuda:1'), tensor(0.0226, device='cuda:1'), tensor(0.0225, device='cuda:1'), tensor(0.0228, device='cuda:1'), tensor(0.0226, device='cuda:1'), tensor(0.0226, device='cuda:1'), tensor(0.0227, device='cuda:1'), tensor(0.0227, device='cuda:1'), tensor(0.0226, device='cuda:1'), tensor(0.0227, device='cuda:1'), tensor(0.0227, device='cuda:1'), tensor(0.0226, device='cuda:1'), tensor(0.0226, device='cuda:1'), tensor(0.0226, device='cuda:1'), tensor(0.0227, device='cuda:1'), tensor(0.0228, device='cuda:1'), tensor(0.0225, device='cuda:1'), tensor(0.0225, device='cuda:1'), tensor(0.0225, device='cuda:1'), tensor(0.0228, device='cuda:1'), tensor(0.0229, device='cuda:1'), tensor(0.0227, device='cuda:1'), tensor(0.0227, device='cuda:1'), tensor(0.0227, device='cuda:1'), tensor(0.0227, device='cuda:1'), tensor(0.0228, device='cuda:1'), tensor(0.0226, device='cuda:1'), tensor(0.0227, device='cuda:1'), tensor(0.0225, device='cuda:1'), tensor(0.0228, device='cuda:1'), tensor(0.0226, device='cuda:1'), tensor(0.0226, device='cuda:1'), tensor(0.0226, device='cuda:1'), tensor(0.0227, device='cuda:1'), tensor(0.0226, device='cuda:1'), tensor(0.0228, device='cuda:1')]"
14,"[tensor(0.0221, device='cuda:1'), tensor(0.0224, device='cuda:1'), tensor(0.0226, device='cuda:1'), tensor(0.0226, device='cuda:1'), tensor(0.0224, device='cuda:1'), tensor(0.0225, device='cuda:1'), tensor(0.0227, device='cuda:1'), tensor(0.0225, device='cuda:1'), tensor(0.0226, device='cuda:1'), tensor(0.0225, device='cuda:1'), tensor(0.0224, device='cuda:1'), tensor(0.0225, device='cuda:1'), tensor(0.0223, device='cuda:1'), tensor(0.0223, device='cuda:1'), tensor(0.0227, device='cuda:1'), tensor(0.0223, device='cuda:1'), tensor(0.0226, device='cuda:1'), tensor(0.0227, device='cuda:1'), tensor(0.0223, device='cuda:1'), tensor(0.0225, device='cuda:1'), tensor(0.0224, device='cuda:1'), tensor(0.0225, device='cuda:1'), tensor(0.0227, device='cuda:1'), tensor(0.0224, device='cuda:1'), tensor(0.0222, device='cuda:1'), tensor(0.0225, device='cuda:1'), tensor(0.0224, device='cuda:1'), tensor(0.0226, device='cuda:1'), tensor(0.0224, device='cuda:1'), tensor(0.0225, device='cuda:1'), tensor(0.0224, device='cuda:1'), tensor(0.0226, device='cuda:1'), tensor(0.0226, device='cuda:1'), tensor(0.0225, device='cuda:1'), tensor(0.0225, device='cuda:1'), tensor(0.0221, device='cuda:1'), tensor(0.0223, device='cuda:1'), tensor(0.0225, device='cuda:1'), tensor(0.0224, device='cuda:1'), tensor(0.0225, device='cuda:1'), tensor(0.0226, device='cuda:1'), tensor(0.0226, device='cuda:1'), tensor(0.0225, device='cuda:1'), tensor(0.0224, device='cuda:1'), tensor(0.0223, device='cuda:1'), tensor(0.0226, device='cuda:1'), tensor(0.0224, device='cuda:1'), tensor(0.0227, device='cuda:1'), tensor(0.0224, device='cuda:1'), tensor(0.0227, device='cuda:1'), tensor(0.0224, device='cuda:1'), tensor(0.0222, device='cuda:1'), tensor(0.0223, device='cuda:1'), tensor(0.0225, device='cuda:1'), tensor(0.0226, device='cuda:1'), tensor(0.0225, device='cuda:1'), tensor(0.0225, device='cuda:1'), tensor(0.0224, device='cuda:1'), tensor(0.0225, device='cuda:1'), tensor(0.0227, device='cuda:1'), tensor(0.0224, device='cuda:1'), tensor(0.0224, device='cuda:1'), tensor(0.0226, device='cuda:1'), tensor(0.0225, device='cuda:1'), tensor(0.0225, device='cuda:1'), tensor(0.0224, device='cuda:1'), tensor(0.0221, device='cuda:1'), tensor(0.0226, device='cuda:1'), tensor(0.0223, device='cuda:1'), tensor(0.0225, device='cuda:1'), tensor(0.0226, device='cuda:1'), tensor(0.0225, device='cuda:1'), tensor(0.0223, device='cuda:1'), tensor(0.0225, device='cuda:1'), tensor(0.0226, device='cuda:1'), tensor(0.0224, device='cuda:1'), tensor(0.0224, device='cuda:1'), tensor(0.0226, device='cuda:1'), tensor(0.0226, device='cuda:1'), tensor(0.0225, device='cuda:1'), tensor(0.0222, device='cuda:1'), tensor(0.0222, device='cuda:1'), tensor(0.0224, device='cuda:1'), tensor(0.0227, device='cuda:1'), tensor(0.0226, device='cuda:1'), tensor(0.0224, device='cuda:1'), tensor(0.0225, device='cuda:1'), tensor(0.0225, device='cuda:1'), tensor(0.0226, device='cuda:1'), tensor(0.0225, device='cuda:1'), tensor(0.0223, device='cuda:1'), tensor(0.0225, device='cuda:1'), tensor(0.0222, device='cuda:1'), tensor(0.0226, device='cuda:1'), tensor(0.0223, device='cuda:1'), tensor(0.0223, device='cuda:1'), tensor(0.0225, device='cuda:1'), tensor(0.0225, device='cuda:1'), tensor(0.0226, device='cuda:1'), tensor(0.0226, device='cuda:1')]"
15,"[tensor(0.0219, device='cuda:1'), tensor(0.0223, device='cuda:1'), tensor(0.0224, device='cuda:1'), tensor(0.0224, device='cuda:1'), tensor(0.0223, device='cuda:1'), tensor(0.0221, device='cuda:1'), tensor(0.0227, device='cuda:1'), tensor(0.0223, device='cuda:1'), tensor(0.0222, device='cuda:1'), tensor(0.0221, device='cuda:1'), tensor(0.0221, device='cuda:1'), tensor(0.0221, device='cuda:1'), tensor(0.0225, device='cuda:1'), tensor(0.0221, device='cuda:1'), tensor(0.0224, device='cuda:1'), tensor(0.0220, device='cuda:1'), tensor(0.0226, device='cuda:1'), tensor(0.0222, device='cuda:1'), tensor(0.0225, device='cuda:1'), tensor(0.0222, device='cuda:1'), tensor(0.0220, device='cuda:1'), tensor(0.0224, device='cuda:1'), tensor(0.0223, device='cuda:1'), tensor(0.0227, device='cuda:1'), tensor(0.0225, device='cuda:1'), tensor(0.0222, device='cuda:1'), tensor(0.0222, device='cuda:1'), tensor(0.0224, device='cuda:1'), tensor(0.0223, device='cuda:1'), tensor(0.0223, device='cuda:1'), tensor(0.0220, device='cuda:1'), tensor(0.0225, device='cuda:1'), tensor(0.0221, device='cuda:1'), tensor(0.0222, device='cuda:1'), tensor(0.0219, device='cuda:1'), tensor(0.0220, device='cuda:1'), tensor(0.0221, device='cuda:1'), tensor(0.0221, device='cuda:1'), tensor(0.0221, device='cuda:1'), tensor(0.0221, device='cuda:1'), tensor(0.0223, device='cuda:1'), tensor(0.0224, device='cuda:1'), tensor(0.0226, device='cuda:1'), tensor(0.0226, device='cuda:1'), tensor(0.0223, device='cuda:1'), tensor(0.0224, device='cuda:1'), tensor(0.0223, device='cuda:1'), tensor(0.0224, device='cuda:1'), tensor(0.0220, device='cuda:1'), tensor(0.0225, device='cuda:1'), tensor(0.0224, device='cuda:1'), tensor(0.0222, device='cuda:1'), tensor(0.0220, device='cuda:1'), tensor(0.0221, device='cuda:1'), tensor(0.0223, device='cuda:1'), tensor(0.0221, device='cuda:1'), tensor(0.0224, device='cuda:1'), tensor(0.0222, device='cuda:1'), tensor(0.0225, device='cuda:1'), tensor(0.0226, device='cuda:1'), tensor(0.0220, device='cuda:1'), tensor(0.0224, device='cuda:1'), tensor(0.0223, device='cuda:1'), tensor(0.0222, device='cuda:1'), tensor(0.0220, device='cuda:1'), tensor(0.0220, device='cuda:1'), tensor(0.0223, device='cuda:1'), tensor(0.0226, device='cuda:1'), tensor(0.0225, device='cuda:1'), tensor(0.0220, device='cuda:1'), tensor(0.0223, device='cuda:1'), tensor(0.0225, device='cuda:1'), tensor(0.0226, device='cuda:1'), tensor(0.0222, device='cuda:1'), tensor(0.0224, device='cuda:1'), tensor(0.0224, device='cuda:1'), tensor(0.0220, device='cuda:1'), tensor(0.0221, device='cuda:1'), tensor(0.0223, device='cuda:1'), tensor(0.0224, device='cuda:1'), tensor(0.0221, device='cuda:1'), tensor(0.0222, device='cuda:1'), tensor(0.0219, device='cuda:1'), tensor(0.0225, device='cuda:1'), tensor(0.0225, device='cuda:1'), tensor(0.0223, device='cuda:1'), tensor(0.0224, device='cuda:1'), tensor(0.0226, device='cuda:1'), tensor(0.0225, device='cuda:1'), tensor(0.0225, device='cuda:1'), tensor(0.0221, device='cuda:1'), tensor(0.0222, device='cuda:1'), tensor(0.0219, device='cuda:1'), tensor(0.0224, device='cuda:1'), tensor(0.0224, device='cuda:1'), tensor(0.0224, device='cuda:1'), tensor(0.0221, device='cuda:1'), tensor(0.0222, device='cuda:1'), tensor(0.0221, device='cuda:1'), tensor(0.0223, device='cuda:1')]"
16,"[tensor(0.0218, device='cuda:1'), tensor(0.0219, device='cuda:1'), tensor(0.0221, device='cuda:1'), tensor(0.0220, device='cuda:1'), tensor(0.0218, device='cuda:1'), tensor(0.0220, device='cuda:1'), tensor(0.0223, device='cuda:1'), tensor(0.0221, device='cuda:1'), tensor(0.0223, device='cuda:1'), tensor(0.0223, device='cuda:1'), tensor(0.0223, device='cuda:1'), tensor(0.0226, device='cuda:1'), tensor(0.0221, device='cuda:1'), tensor(0.0217, device='cuda:1'), tensor(0.0223, device='cuda:1'), tensor(0.0219, device='cuda:1'), tensor(0.0226, device='cuda:1'), tensor(0.0225, device='cuda:1'), tensor(0.0219, device='cuda:1'), tensor(0.0225, device='cuda:1'), tensor(0.0222, device='cuda:1'), tensor(0.0221, device='cuda:1'), tensor(0.0227, device='cuda:1'), tensor(0.0220, device='cuda:1'), tensor(0.0216, device='cuda:1'), tensor(0.0225, device='cuda:1'), tensor(0.0217, device='cuda:1'), tensor(0.0221, device='cuda:1'), tensor(0.0218, device='cuda:1'), tensor(0.0223, device='cuda:1'), tensor(0.0221, device='cuda:1'), tensor(0.0222, device='cuda:1'), tensor(0.0224, device='cuda:1'), tensor(0.0219, device='cuda:1'), tensor(0.0222, device='cuda:1'), tensor(0.0217, device='cuda:1'), tensor(0.0216, device='cuda:1'), tensor(0.0219, device='cuda:1'), tensor(0.0217, device='cuda:1'), tensor(0.0226, device='cuda:1'), tensor(0.0219, device='cuda:1'), tensor(0.0225, device='cuda:1'), tensor(0.0222, device='cuda:1'), tensor(0.0221, device='cuda:1'), tensor(0.0218, device='cuda:1'), tensor(0.0220, device='cuda:1'), tensor(0.0220, device='cuda:1'), tensor(0.0223, device='cuda:1'), tensor(0.0217, device='cuda:1'), tensor(0.0222, device='cuda:1'), tensor(0.0218, device='cuda:1'), tensor(0.0216, device='cuda:1'), tensor(0.0217, device='cuda:1'), tensor(0.0221, device='cuda:1'), tensor(0.0220, device='cuda:1'), tensor(0.0223, device='cuda:1'), tensor(0.0221, device='cuda:1'), tensor(0.0221, device='cuda:1'), tensor(0.0219, device='cuda:1'), tensor(0.0222, device='cuda:1'), tensor(0.0217, device='cuda:1'), tensor(0.0221, device='cuda:1'), tensor(0.0224, device='cuda:1'), tensor(0.0218, device='cuda:1'), tensor(0.0225, device='cuda:1'), tensor(0.0220, device='cuda:1'), tensor(0.0216, device='cuda:1'), tensor(0.0223, device='cuda:1'), tensor(0.0220, device='cuda:1'), tensor(0.0220, device='cuda:1'), tensor(0.0221, device='cuda:1'), tensor(0.0222, device='cuda:1'), tensor(0.0219, device='cuda:1'), tensor(0.0218, device='cuda:1'), tensor(0.0224, device='cuda:1'), tensor(0.0219, device='cuda:1'), tensor(0.0221, device='cuda:1'), tensor(0.0225, device='cuda:1'), tensor(0.0225, device='cuda:1'), tensor(0.0218, device='cuda:1'), tensor(0.0218, device='cuda:1'), tensor(0.0215, device='cuda:1'), tensor(0.0220, device='cuda:1'), tensor(0.0226, device='cuda:1'), tensor(0.0219, device='cuda:1'), tensor(0.0217, device='cuda:1'), tensor(0.0221, device='cuda:1'), tensor(0.0222, device='cuda:1'), tensor(0.0224, device='cuda:1'), tensor(0.0220, device='cuda:1'), tensor(0.0217, device='cuda:1'), tensor(0.0218, device='cuda:1'), tensor(0.0217, device='cuda:1'), tensor(0.0220, device='cuda:1'), tensor(0.0218, device='cuda:1'), tensor(0.0216, device='cuda:1'), tensor(0.0223, device='cuda:1'), tensor(0.0220, device='cuda:1'), tensor(0.0225, device='cuda:1'), tensor(0.0224, device='cuda:1')]"
17,"[tensor(0.0215, device='cuda:1'), tensor(0.0222, device='cuda:1'), tensor(0.0222, device='cuda:1'), tensor(0.0218, device='cuda:1'), tensor(0.0223, device='cuda:1'), tensor(0.0215, device='cuda:1'), tensor(0.0225, device='cuda:1'), tensor(0.0222, device='cuda:1'), tensor(0.0217, device='cuda:1'), tensor(0.0217, device='cuda:1'), tensor(0.0220, device='cuda:1'), tensor(0.0220, device='cuda:1'), tensor(0.0224, device='cuda:1'), tensor(0.0214, device='cuda:1'), tensor(0.0217, device='cuda:1'), tensor(0.0219, device='cuda:1'), tensor(0.0225, device='cuda:1'), tensor(0.0218, device='cuda:1'), tensor(0.0226, device='cuda:1'), tensor(0.0221, device='cuda:1'), tensor(0.0215, device='cuda:1'), tensor(0.0220, device='cuda:1'), tensor(0.0222, device='cuda:1'), tensor(0.0227, device='cuda:1'), tensor(0.0226, device='cuda:1'), tensor(0.0220, device='cuda:1'), tensor(0.0217, device='cuda:1'), tensor(0.0220, device='cuda:1'), tensor(0.0223, device='cuda:1'), tensor(0.0217, device='cuda:1'), tensor(0.0215, device='cuda:1'), tensor(0.0222, device='cuda:1'), tensor(0.0214, device='cuda:1'), tensor(0.0219, device='cuda:1'), tensor(0.0210, device='cuda:1'), tensor(0.0219, device='cuda:1'), tensor(0.0217, device='cuda:1'), tensor(0.0214, device='cuda:1'), tensor(0.0214, device='cuda:1'), tensor(0.0217, device='cuda:1'), tensor(0.0219, device='cuda:1'), tensor(0.0222, device='cuda:1'), tensor(0.0225, device='cuda:1'), tensor(0.0224, device='cuda:1'), tensor(0.0223, device='cuda:1'), tensor(0.0221, device='cuda:1'), tensor(0.0219, device='cuda:1'), tensor(0.0219, device='cuda:1'), tensor(0.0212, device='cuda:1'), tensor(0.0220, device='cuda:1'), tensor(0.0222, device='cuda:1'), tensor(0.0219, device='cuda:1'), tensor(0.0213, device='cuda:1'), tensor(0.0216, device='cuda:1'), tensor(0.0215, device='cuda:1'), tensor(0.0217, device='cuda:1'), tensor(0.0223, device='cuda:1'), tensor(0.0219, device='cuda:1'), tensor(0.0225, device='cuda:1'), tensor(0.0220, device='cuda:1'), tensor(0.0214, device='cuda:1'), tensor(0.0223, device='cuda:1'), tensor(0.0217, device='cuda:1'), tensor(0.0215, device='cuda:1'), tensor(0.0216, device='cuda:1'), tensor(0.0213, device='cuda:1'), tensor(0.0221, device='cuda:1'), tensor(0.0225, device='cuda:1'), tensor(0.0223, device='cuda:1'), tensor(0.0211, device='cuda:1'), tensor(0.0218, device='cuda:1'), tensor(0.0221, device='cuda:1'), tensor(0.0225, device='cuda:1'), tensor(0.0215, device='cuda:1'), tensor(0.0222, device='cuda:1'), tensor(0.0224, device='cuda:1'), tensor(0.0213, device='cuda:1'), tensor(0.0216, device='cuda:1'), tensor(0.0221, device='cuda:1'), tensor(0.0223, device='cuda:1'), tensor(0.0220, device='cuda:1'), tensor(0.0223, device='cuda:1'), tensor(0.0212, device='cuda:1'), tensor(0.0224, device='cuda:1'), tensor(0.0224, device='cuda:1'), tensor(0.0216, device='cuda:1'), tensor(0.0222, device='cuda:1'), tensor(0.0225, device='cuda:1'), tensor(0.0221, device='cuda:1'), tensor(0.0226, device='cuda:1'), tensor(0.0214, device='cuda:1'), tensor(0.0213, device='cuda:1'), tensor(0.0213, device='cuda:1'), tensor(0.0219, device='cuda:1'), tensor(0.0224, device='cuda:1'), tensor(0.0222, device='cuda:1'), tensor(0.0215, device='cuda:1'), tensor(0.0222, device='cuda:1'), tensor(0.0217, device='cuda:1'), tensor(0.0217, device='cuda:1')]"
18,"[tensor(0.0219, device='cuda:1'), tensor(0.0218, device='cuda:1'), tensor(0.0218, device='cuda:1'), tensor(0.0218, device='cuda:1'), tensor(0.0215, device='cuda:1'), tensor(0.0219, device='cuda:1'), tensor(0.0220, device='cuda:1'), tensor(0.0222, device='cuda:1'), tensor(0.0223, device='cuda:1'), tensor(0.0223, device='cuda:1'), tensor(0.0223, device='cuda:1'), tensor(0.0225, device='cuda:1'), tensor(0.0220, device='cuda:1'), tensor(0.0214, device='cuda:1'), tensor(0.0222, device='cuda:1'), tensor(0.0217, device='cuda:1'), tensor(0.0227, device='cuda:1'), tensor(0.0224, device='cuda:1'), tensor(0.0217, device='cuda:1'), tensor(0.0224, device='cuda:1'), tensor(0.0223, device='cuda:1'), tensor(0.0221, device='cuda:1'), tensor(0.0226, device='cuda:1'), tensor(0.0217, device='cuda:1'), tensor(0.0213, device='cuda:1'), tensor(0.0225, device='cuda:1'), tensor(0.0210, device='cuda:1'), tensor(0.0222, device='cuda:1'), tensor(0.0215, device='cuda:1'), tensor(0.0223, device='cuda:1'), tensor(0.0221, device='cuda:1'), tensor(0.0220, device='cuda:1'), tensor(0.0224, device='cuda:1'), tensor(0.0218, device='cuda:1'), tensor(0.0222, device='cuda:1'), tensor(0.0217, device='cuda:1'), tensor(0.0219, device='cuda:1'), tensor(0.0213, device='cuda:1'), tensor(0.0217, device='cuda:1'), tensor(0.0225, device='cuda:1'), tensor(0.0215, device='cuda:1'), tensor(0.0224, device='cuda:1'), tensor(0.0219, device='cuda:1'), tensor(0.0219, device='cuda:1'), tensor(0.0218, device='cuda:1'), tensor(0.0216, device='cuda:1'), tensor(0.0218, device='cuda:1'), tensor(0.0221, device='cuda:1'), tensor(0.0216, device='cuda:1'), tensor(0.0220, device='cuda:1'), tensor(0.0213, device='cuda:1'), tensor(0.0211, device='cuda:1'), tensor(0.0216, device='cuda:1'), tensor(0.0222, device='cuda:1'), tensor(0.0217, device='cuda:1'), tensor(0.0224, device='cuda:1'), tensor(0.0221, device='cuda:1'), tensor(0.0219, device='cuda:1'), tensor(0.0216, device='cuda:1'), tensor(0.0222, device='cuda:1'), tensor(0.0215, device='cuda:1'), tensor(0.0219, device='cuda:1'), tensor(0.0223, device='cuda:1'), tensor(0.0216, device='cuda:1'), tensor(0.0224, device='cuda:1'), tensor(0.0218, device='cuda:1'), tensor(0.0215, device='cuda:1'), tensor(0.0222, device='cuda:1'), tensor(0.0216, device='cuda:1'), tensor(0.0219, device='cuda:1'), tensor(0.0215, device='cuda:1'), tensor(0.0218, device='cuda:1'), tensor(0.0216, device='cuda:1'), tensor(0.0213, device='cuda:1'), tensor(0.0222, device='cuda:1'), tensor(0.0215, device='cuda:1'), tensor(0.0221, device='cuda:1'), tensor(0.0224, device='cuda:1'), tensor(0.0223, device='cuda:1'), tensor(0.0216, device='cuda:1'), tensor(0.0218, device='cuda:1'), tensor(0.0211, device='cuda:1'), tensor(0.0220, device='cuda:1'), tensor(0.0224, device='cuda:1'), tensor(0.0216, device='cuda:1'), tensor(0.0208, device='cuda:1'), tensor(0.0218, device='cuda:1'), tensor(0.0220, device='cuda:1'), tensor(0.0220, device='cuda:1'), tensor(0.0218, device='cuda:1'), tensor(0.0216, device='cuda:1'), tensor(0.0210, device='cuda:1'), tensor(0.0220, device='cuda:1'), tensor(0.0216, device='cuda:1'), tensor(0.0215, device='cuda:1'), tensor(0.0214, device='cuda:1'), tensor(0.0222, device='cuda:1'), tensor(0.0219, device='cuda:1'), tensor(0.0225, device='cuda:1'), tensor(0.0224, device='cuda:1')]"
19,"[tensor(0.0216, device='cuda:1'), tensor(0.0222, device='cuda:1'), tensor(0.0223, device='cuda:1'), tensor(0.0216, device='cuda:1'), tensor(0.0223, device='cuda:1'), tensor(0.0218, device='cuda:1'), tensor(0.0222, device='cuda:1'), tensor(0.0223, device='cuda:1'), tensor(0.0214, device='cuda:1'), tensor(0.0218, device='cuda:1'), tensor(0.0221, device='cuda:1'), tensor(0.0220, device='cuda:1'), tensor(0.0223, device='cuda:1'), tensor(0.0211, device='cuda:1'), tensor(0.0217, device='cuda:1'), tensor(0.0219, device='cuda:1'), tensor(0.0224, device='cuda:1'), tensor(0.0218, device='cuda:1'), tensor(0.0225, device='cuda:1'), tensor(0.0220, device='cuda:1'), tensor(0.0212, device='cuda:1'), tensor(0.0218, device='cuda:1'), tensor(0.0220, device='cuda:1'), tensor(0.0226, device='cuda:1'), tensor(0.0226, device='cuda:1'), tensor(0.0219, device='cuda:1'), tensor(0.0221, device='cuda:1'), tensor(0.0219, device='cuda:1'), tensor(0.0223, device='cuda:1'), tensor(0.0216, device='cuda:1'), tensor(0.0213, device='cuda:1'), tensor(0.0221, device='cuda:1'), tensor(0.0213, device='cuda:1'), tensor(0.0220, device='cuda:1'), tensor(0.0205, device='cuda:1'), tensor(0.0220, device='cuda:1'), tensor(0.0217, device='cuda:1'), tensor(0.0216, device='cuda:1'), tensor(0.0212, device='cuda:1'), tensor(0.0215, device='cuda:1'), tensor(0.0218, device='cuda:1'), tensor(0.0221, device='cuda:1'), tensor(0.0224, device='cuda:1'), tensor(0.0222, device='cuda:1'), tensor(0.0223, device='cuda:1'), tensor(0.0219, device='cuda:1'), tensor(0.0216, device='cuda:1'), tensor(0.0219, device='cuda:1'), tensor(0.0210, device='cuda:1'), tensor(0.0217, device='cuda:1'), tensor(0.0221, device='cuda:1'), tensor(0.0221, device='cuda:1'), tensor(0.0214, device='cuda:1'), tensor(0.0215, device='cuda:1'), tensor(0.0214, device='cuda:1'), tensor(0.0215, device='cuda:1'), tensor(0.0222, device='cuda:1'), tensor(0.0218, device='cuda:1'), tensor(0.0224, device='cuda:1'), tensor(0.0220, device='cuda:1'), tensor(0.0212, device='cuda:1'), tensor(0.0223, device='cuda:1'), tensor(0.0214, device='cuda:1'), tensor(0.0217, device='cuda:1'), tensor(0.0213, device='cuda:1'), tensor(0.0209, device='cuda:1'), tensor(0.0222, device='cuda:1'), tensor(0.0223, device='cuda:1'), tensor(0.0220, device='cuda:1'), tensor(0.0209, device='cuda:1'), tensor(0.0219, device='cuda:1'), tensor(0.0219, device='cuda:1'), tensor(0.0223, device='cuda:1'), tensor(0.0210, device='cuda:1'), tensor(0.0220, device='cuda:1'), tensor(0.0223, device='cuda:1'), tensor(0.0211, device='cuda:1'), tensor(0.0213, device='cuda:1'), tensor(0.0219, device='cuda:1'), tensor(0.0223, device='cuda:1'), tensor(0.0220, device='cuda:1'), tensor(0.0223, device='cuda:1'), tensor(0.0208, device='cuda:1'), tensor(0.0222, device='cuda:1'), tensor(0.0223, device='cuda:1'), tensor(0.0217, device='cuda:1'), tensor(0.0221, device='cuda:1'), tensor(0.0224, device='cuda:1'), tensor(0.0216, device='cuda:1'), tensor(0.0225, device='cuda:1'), tensor(0.0213, device='cuda:1'), tensor(0.0207, device='cuda:1'), tensor(0.0211, device='cuda:1'), tensor(0.0217, device='cuda:1'), tensor(0.0222, device='cuda:1'), tensor(0.0220, device='cuda:1'), tensor(0.0212, device='cuda:1'), tensor(0.0221, device='cuda:1'), tensor(0.0215, device='cuda:1'), tensor(0.0215, device='cuda:1')]"
20,"[tensor(0.0219, device='cuda:1'), tensor(0.0218, device='cuda:1'), tensor(0.0219, device='cuda:1'), tensor(0.0220, device='cuda:1'), tensor(0.0214, device='cuda:1'), tensor(0.0222, device='cuda:1'), tensor(0.0218, device='cuda:1'), tensor(0.0226, device='cuda:1'), tensor(0.0223, device='cuda:1'), tensor(0.0224, device='cuda:1'), tensor(0.0223, device='cuda:1'), tensor(0.0224, device='cuda:1'), tensor(0.0219, device='cuda:1'), tensor(0.0216, device='cuda:1'), tensor(0.0221, device='cuda:1'), tensor(0.0217, device='cuda:1'), tensor(0.0227, device='cuda:1'), tensor(0.0224, device='cuda:1'), tensor(0.0217, device='cuda:1'), tensor(0.0224, device='cuda:1'), tensor(0.0224, device='cuda:1'), tensor(0.0221, device='cuda:1'), tensor(0.0225, device='cuda:1'), tensor(0.0215, device='cuda:1'), tensor(0.0211, device='cuda:1'), tensor(0.0224, device='cuda:1'), tensor(0.0212, device='cuda:1'), tensor(0.0222, device='cuda:1'), tensor(0.0215, device='cuda:1'), tensor(0.0223, device='cuda:1'), tensor(0.0222, device='cuda:1'), tensor(0.0221, device='cuda:1'), tensor(0.0224, device='cuda:1'), tensor(0.0219, device='cuda:1'), tensor(0.0222, device='cuda:1'), tensor(0.0216, device='cuda:1'), tensor(0.0219, device='cuda:1'), tensor(0.0212, device='cuda:1'), tensor(0.0219, device='cuda:1'), tensor(0.0224, device='cuda:1'), tensor(0.0214, device='cuda:1'), tensor(0.0224, device='cuda:1'), tensor(0.0217, device='cuda:1'), tensor(0.0216, device='cuda:1'), tensor(0.0217, device='cuda:1'), tensor(0.0215, device='cuda:1'), tensor(0.0219, device='cuda:1'), tensor(0.0219, device='cuda:1'), tensor(0.0218, device='cuda:1'), tensor(0.0219, device='cuda:1'), tensor(0.0211, device='cuda:1'), tensor(0.0209, device='cuda:1'), tensor(0.0217, device='cuda:1'), tensor(0.0222, device='cuda:1'), tensor(0.0220, device='cuda:1'), tensor(0.0223, device='cuda:1'), tensor(0.0221, device='cuda:1'), tensor(0.0219, device='cuda:1'), tensor(0.0215, device='cuda:1'), tensor(0.0221, device='cuda:1'), tensor(0.0217, device='cuda:1'), tensor(0.0218, device='cuda:1'), tensor(0.0222, device='cuda:1'), tensor(0.0216, device='cuda:1'), tensor(0.0224, device='cuda:1'), tensor(0.0218, device='cuda:1'), tensor(0.0215, device='cuda:1'), tensor(0.0220, device='cuda:1'), tensor(0.0212, device='cuda:1'), tensor(0.0218, device='cuda:1'), tensor(0.0214, device='cuda:1'), tensor(0.0215, device='cuda:1'), tensor(0.0214, device='cuda:1'), tensor(0.0215, device='cuda:1'), tensor(0.0221, device='cuda:1'), tensor(0.0212, device='cuda:1'), tensor(0.0221, device='cuda:1'), tensor(0.0223, device='cuda:1'), tensor(0.0222, device='cuda:1'), tensor(0.0217, device='cuda:1'), tensor(0.0219, device='cuda:1'), tensor(0.0209, device='cuda:1'), tensor(0.0220, device='cuda:1'), tensor(0.0222, device='cuda:1'), tensor(0.0215, device='cuda:1'), tensor(0.0207, device='cuda:1'), tensor(0.0217, device='cuda:1'), tensor(0.0217, device='cuda:1'), tensor(0.0217, device='cuda:1'), tensor(0.0216, device='cuda:1'), tensor(0.0216, device='cuda:1'), tensor(0.0213, device='cuda:1'), tensor(0.0221, device='cuda:1'), tensor(0.0215, device='cuda:1'), tensor(0.0213, device='cuda:1'), tensor(0.0212, device='cuda:1'), tensor(0.0220, device='cuda:1'), tensor(0.0219, device='cuda:1'), tensor(0.0225, device='cuda:1'), tensor(0.0224, device='cuda:1')]"
21,"[tensor(0.0216, device='cuda:1'), tensor(0.0222, device='cuda:1'), tensor(0.0224, device='cuda:1'), tensor(0.0218, device='cuda:1'), tensor(0.0223, device='cuda:1'), tensor(0.0220, device='cuda:1'), tensor(0.0221, device='cuda:1'), tensor(0.0223, device='cuda:1'), tensor(0.0214, device='cuda:1'), tensor(0.0219, device='cuda:1'), tensor(0.0220, device='cuda:1'), tensor(0.0219, device='cuda:1'), tensor(0.0222, device='cuda:1'), tensor(0.0212, device='cuda:1'), tensor(0.0218, device='cuda:1'), tensor(0.0219, device='cuda:1'), tensor(0.0223, device='cuda:1'), tensor(0.0217, device='cuda:1'), tensor(0.0225, device='cuda:1'), tensor(0.0219, device='cuda:1'), tensor(0.0212, device='cuda:1'), tensor(0.0217, device='cuda:1'), tensor(0.0219, device='cuda:1'), tensor(0.0226, device='cuda:1'), tensor(0.0226, device='cuda:1'), tensor(0.0218, device='cuda:1'), tensor(0.0222, device='cuda:1'), tensor(0.0219, device='cuda:1'), tensor(0.0222, device='cuda:1'), tensor(0.0216, device='cuda:1'), tensor(0.0214, device='cuda:1'), tensor(0.0220, device='cuda:1'), tensor(0.0212, device='cuda:1'), tensor(0.0219, device='cuda:1'), tensor(0.0204, device='cuda:1'), tensor(0.0221, device='cuda:1'), tensor(0.0217, device='cuda:1'), tensor(0.0219, device='cuda:1'), tensor(0.0212, device='cuda:1'), tensor(0.0213, device='cuda:1'), tensor(0.0217, device='cuda:1'), tensor(0.0220, device='cuda:1'), tensor(0.0223, device='cuda:1'), tensor(0.0221, device='cuda:1'), tensor(0.0223, device='cuda:1'), tensor(0.0219, device='cuda:1'), tensor(0.0216, device='cuda:1'), tensor(0.0219, device='cuda:1'), tensor(0.0210, device='cuda:1'), tensor(0.0216, device='cuda:1'), tensor(0.0221, device='cuda:1'), tensor(0.0222, device='cuda:1'), tensor(0.0214, device='cuda:1'), tensor(0.0215, device='cuda:1'), tensor(0.0216, device='cuda:1'), tensor(0.0213, device='cuda:1'), tensor(0.0221, device='cuda:1'), tensor(0.0218, device='cuda:1'), tensor(0.0223, device='cuda:1'), tensor(0.0218, device='cuda:1'), tensor(0.0214, device='cuda:1'), tensor(0.0222, device='cuda:1'), tensor(0.0214, device='cuda:1'), tensor(0.0217, device='cuda:1'), tensor(0.0212, device='cuda:1'), tensor(0.0208, device='cuda:1'), tensor(0.0222, device='cuda:1'), tensor(0.0222, device='cuda:1'), tensor(0.0218, device='cuda:1'), tensor(0.0211, device='cuda:1'), tensor(0.0221, device='cuda:1'), tensor(0.0218, device='cuda:1'), tensor(0.0222, device='cuda:1'), tensor(0.0212, device='cuda:1'), tensor(0.0219, device='cuda:1'), tensor(0.0222, device='cuda:1'), tensor(0.0210, device='cuda:1'), tensor(0.0212, device='cuda:1'), tensor(0.0217, device='cuda:1'), tensor(0.0221, device='cuda:1'), tensor(0.0221, device='cuda:1'), tensor(0.0223, device='cuda:1'), tensor(0.0208, device='cuda:1'), tensor(0.0221, device='cuda:1'), tensor(0.0223, device='cuda:1'), tensor(0.0219, device='cuda:1'), tensor(0.0221, device='cuda:1'), tensor(0.0223, device='cuda:1'), tensor(0.0213, device='cuda:1'), tensor(0.0224, device='cuda:1'), tensor(0.0212, device='cuda:1'), tensor(0.0207, device='cuda:1'), tensor(0.0210, device='cuda:1'), tensor(0.0217, device='cuda:1'), tensor(0.0222, device='cuda:1'), tensor(0.0219, device='cuda:1'), tensor(0.0213, device='cuda:1'), tensor(0.0221, device='cuda:1'), tensor(0.0214, device='cuda:1'), tensor(0.0214, device='cuda:1')]"
22,"[tensor(0.0219, device='cuda:1'), tensor(0.0218, device='cuda:1'), tensor(0.0219, device='cuda:1'), tensor(0.0221, device='cuda:1'), tensor(0.0213, device='cuda:1'), tensor(0.0222, device='cuda:1'), tensor(0.0216, device='cuda:1'), tensor(0.0227, device='cuda:1'), tensor(0.0223, device='cuda:1'), tensor(0.0224, device='cuda:1'), tensor(0.0222, device='cuda:1'), tensor(0.0224, device='cuda:1'), tensor(0.0218, device='cuda:1'), tensor(0.0216, device='cuda:1'), tensor(0.0221, device='cuda:1'), tensor(0.0216, device='cuda:1'), tensor(0.0225, device='cuda:1'), tensor(0.0224, device='cuda:1'), tensor(0.0216, device='cuda:1'), tensor(0.0224, device='cuda:1'), tensor(0.0224, device='cuda:1'), tensor(0.0221, device='cuda:1'), tensor(0.0224, device='cuda:1'), tensor(0.0214, device='cuda:1'), tensor(0.0210, device='cuda:1'), tensor(0.0223, device='cuda:1'), tensor(0.0212, device='cuda:1'), tensor(0.0222, device='cuda:1'), tensor(0.0214, device='cuda:1'), tensor(0.0223, device='cuda:1'), tensor(0.0222, device='cuda:1'), tensor(0.0221, device='cuda:1'), tensor(0.0224, device='cuda:1'), tensor(0.0221, device='cuda:1'), tensor(0.0222, device='cuda:1'), tensor(0.0216, device='cuda:1'), tensor(0.0220, device='cuda:1'), tensor(0.0212, device='cuda:1'), tensor(0.0219, device='cuda:1'), tensor(0.0223, device='cuda:1'), tensor(0.0216, device='cuda:1'), tensor(0.0223, device='cuda:1'), tensor(0.0215, device='cuda:1'), tensor(0.0216, device='cuda:1'), tensor(0.0217, device='cuda:1'), tensor(0.0215, device='cuda:1'), tensor(0.0220, device='cuda:1'), tensor(0.0218, device='cuda:1'), tensor(0.0219, device='cuda:1'), tensor(0.0219, device='cuda:1'), tensor(0.0211, device='cuda:1'), tensor(0.0208, device='cuda:1'), tensor(0.0216, device='cuda:1'), tensor(0.0222, device='cuda:1'), tensor(0.0220, device='cuda:1'), tensor(0.0223, device='cuda:1'), tensor(0.0220, device='cuda:1'), tensor(0.0219, device='cuda:1'), tensor(0.0213, device='cuda:1'), tensor(0.0221, device='cuda:1'), tensor(0.0219, device='cuda:1'), tensor(0.0217, device='cuda:1'), tensor(0.0222, device='cuda:1'), tensor(0.0215, device='cuda:1'), tensor(0.0224, device='cuda:1'), tensor(0.0218, device='cuda:1'), tensor(0.0215, device='cuda:1'), tensor(0.0219, device='cuda:1'), tensor(0.0211, device='cuda:1'), tensor(0.0218, device='cuda:1'), tensor(0.0214, device='cuda:1'), tensor(0.0213, device='cuda:1'), tensor(0.0213, device='cuda:1'), tensor(0.0216, device='cuda:1'), tensor(0.0220, device='cuda:1'), tensor(0.0211, device='cuda:1'), tensor(0.0220, device='cuda:1'), tensor(0.0223, device='cuda:1'), tensor(0.0221, device='cuda:1'), tensor(0.0218, device='cuda:1'), tensor(0.0219, device='cuda:1'), tensor(0.0208, device='cuda:1'), tensor(0.0220, device='cuda:1'), tensor(0.0221, device='cuda:1'), tensor(0.0214, device='cuda:1'), tensor(0.0208, device='cuda:1'), tensor(0.0215, device='cuda:1'), tensor(0.0215, device='cuda:1'), tensor(0.0216, device='cuda:1'), tensor(0.0215, device='cuda:1'), tensor(0.0216, device='cuda:1'), tensor(0.0216, device='cuda:1'), tensor(0.0221, device='cuda:1'), tensor(0.0219, device='cuda:1'), tensor(0.0212, device='cuda:1'), tensor(0.0212, device='cuda:1'), tensor(0.0220, device='cuda:1'), tensor(0.0219, device='cuda:1'), tensor(0.0224, device='cuda:1'), tensor(0.0224, device='cuda:1')]"
23,"[tensor(0.0216, device='cuda:1'), tensor(0.0221, device='cuda:1'), tensor(0.0224, device='cuda:1'), tensor(0.0218, device='cuda:1'), tensor(0.0222, device='cuda:1'), tensor(0.0220, device='cuda:1'), tensor(0.0221, device='cuda:1'), tensor(0.0223, device='cuda:1'), tensor(0.0213, device='cuda:1'), tensor(0.0218, device='cuda:1'), tensor(0.0219, device='cuda:1'), tensor(0.0217, device='cuda:1'), tensor(0.0222, device='cuda:1'), tensor(0.0214, device='cuda:1'), tensor(0.0218, device='cuda:1'), tensor(0.0219, device='cuda:1'), tensor(0.0223, device='cuda:1'), tensor(0.0216, device='cuda:1'), tensor(0.0224, device='cuda:1'), tensor(0.0218, device='cuda:1'), tensor(0.0211, device='cuda:1'), tensor(0.0216, device='cuda:1'), tensor(0.0217, device='cuda:1'), tensor(0.0225, device='cuda:1'), tensor(0.0226, device='cuda:1'), tensor(0.0216, device='cuda:1'), tensor(0.0222, device='cuda:1'), tensor(0.0218, device='cuda:1'), tensor(0.0222, device='cuda:1'), tensor(0.0216, device='cuda:1'), tensor(0.0214, device='cuda:1'), tensor(0.0219, device='cuda:1'), tensor(0.0212, device='cuda:1'), tensor(0.0218, device='cuda:1'), tensor(0.0204, device='cuda:1'), tensor(0.0222, device='cuda:1'), tensor(0.0216, device='cuda:1'), tensor(0.0220, device='cuda:1'), tensor(0.0212, device='cuda:1'), tensor(0.0211, device='cuda:1'), tensor(0.0215, device='cuda:1'), tensor(0.0218, device='cuda:1'), tensor(0.0222, device='cuda:1'), tensor(0.0220, device='cuda:1'), tensor(0.0222, device='cuda:1'), tensor(0.0219, device='cuda:1'), tensor(0.0214, device='cuda:1'), tensor(0.0219, device='cuda:1'), tensor(0.0209, device='cuda:1'), tensor(0.0215, device='cuda:1'), tensor(0.0221, device='cuda:1'), tensor(0.0222, device='cuda:1'), tensor(0.0214, device='cuda:1'), tensor(0.0215, device='cuda:1'), tensor(0.0215, device='cuda:1'), tensor(0.0212, device='cuda:1'), tensor(0.0221, device='cuda:1'), tensor(0.0217, device='cuda:1'), tensor(0.0223, device='cuda:1'), tensor(0.0217, device='cuda:1'), tensor(0.0213, device='cuda:1'), tensor(0.0221, device='cuda:1'), tensor(0.0215, device='cuda:1'), tensor(0.0217, device='cuda:1'), tensor(0.0211, device='cuda:1'), tensor(0.0208, device='cuda:1'), tensor(0.0222, device='cuda:1'), tensor(0.0221, device='cuda:1'), tensor(0.0217, device='cuda:1'), tensor(0.0212, device='cuda:1'), tensor(0.0221, device='cuda:1'), tensor(0.0218, device='cuda:1'), tensor(0.0221, device='cuda:1'), tensor(0.0213, device='cuda:1'), tensor(0.0219, device='cuda:1'), tensor(0.0221, device='cuda:1'), tensor(0.0210, device='cuda:1'), tensor(0.0211, device='cuda:1'), tensor(0.0215, device='cuda:1'), tensor(0.0220, device='cuda:1'), tensor(0.0221, device='cuda:1'), tensor(0.0223, device='cuda:1'), tensor(0.0207, device='cuda:1'), tensor(0.0219, device='cuda:1'), tensor(0.0222, device='cuda:1'), tensor(0.0220, device='cuda:1'), tensor(0.0220, device='cuda:1'), tensor(0.0223, device='cuda:1'), tensor(0.0213, device='cuda:1'), tensor(0.0224, device='cuda:1'), tensor(0.0211, device='cuda:1'), tensor(0.0208, device='cuda:1'), tensor(0.0210, device='cuda:1'), tensor(0.0216, device='cuda:1'), tensor(0.0221, device='cuda:1'), tensor(0.0219, device='cuda:1'), tensor(0.0214, device='cuda:1'), tensor(0.0222, device='cuda:1'), tensor(0.0213, device='cuda:1'), tensor(0.0213, device='cuda:1')]"
24,"[tensor(0.0219, device='cuda:1'), tensor(0.0218, device='cuda:1'), tensor(0.0218, device='cuda:1'), tensor(0.0221, device='cuda:1'), tensor(0.0211, device='cuda:1'), tensor(0.0222, device='cuda:1'), tensor(0.0215, device='cuda:1'), tensor(0.0226, device='cuda:1'), tensor(0.0222, device='cuda:1'), tensor(0.0224, device='cuda:1'), tensor(0.0222, device='cuda:1'), tensor(0.0223, device='cuda:1'), tensor(0.0217, device='cuda:1'), tensor(0.0215, device='cuda:1'), tensor(0.0220, device='cuda:1'), tensor(0.0215, device='cuda:1'), tensor(0.0223, device='cuda:1'), tensor(0.0224, device='cuda:1'), tensor(0.0215, device='cuda:1'), tensor(0.0223, device='cuda:1'), tensor(0.0224, device='cuda:1'), tensor(0.0220, device='cuda:1'), tensor(0.0223, device='cuda:1'), tensor(0.0212, device='cuda:1'), tensor(0.0209, device='cuda:1'), tensor(0.0223, device='cuda:1'), tensor(0.0212, device='cuda:1'), tensor(0.0221, device='cuda:1'), tensor(0.0213, device='cuda:1'), tensor(0.0222, device='cuda:1'), tensor(0.0222, device='cuda:1'), tensor(0.0221, device='cuda:1'), tensor(0.0223, device='cuda:1'), tensor(0.0221, device='cuda:1'), tensor(0.0222, device='cuda:1'), tensor(0.0215, device='cuda:1'), tensor(0.0220, device='cuda:1'), tensor(0.0212, device='cuda:1'), tensor(0.0219, device='cuda:1'), tensor(0.0223, device='cuda:1'), tensor(0.0218, device='cuda:1'), tensor(0.0223, device='cuda:1'), tensor(0.0214, device='cuda:1'), tensor(0.0215, device='cuda:1'), tensor(0.0216, device='cuda:1'), tensor(0.0214, device='cuda:1'), tensor(0.0220, device='cuda:1'), tensor(0.0218, device='cuda:1'), tensor(0.0219, device='cuda:1'), tensor(0.0220, device='cuda:1'), tensor(0.0211, device='cuda:1'), tensor(0.0207, device='cuda:1'), tensor(0.0217, device='cuda:1'), tensor(0.0222, device='cuda:1'), tensor(0.0220, device='cuda:1'), tensor(0.0223, device='cuda:1'), tensor(0.0220, device='cuda:1'), tensor(0.0219, device='cuda:1'), tensor(0.0211, device='cuda:1'), tensor(0.0220, device='cuda:1'), tensor(0.0220, device='cuda:1'), tensor(0.0216, device='cuda:1'), tensor(0.0221, device='cuda:1'), tensor(0.0214, device='cuda:1'), tensor(0.0224, device='cuda:1'), tensor(0.0218, device='cuda:1'), tensor(0.0215, device='cuda:1'), tensor(0.0217, device='cuda:1'), tensor(0.0211, device='cuda:1'), tensor(0.0218, device='cuda:1'), tensor(0.0214, device='cuda:1'), tensor(0.0212, device='cuda:1'), tensor(0.0212, device='cuda:1'), tensor(0.0217, device='cuda:1'), tensor(0.0220, device='cuda:1'), tensor(0.0210, device='cuda:1'), tensor(0.0219, device='cuda:1'), tensor(0.0222, device='cuda:1'), tensor(0.0221, device='cuda:1'), tensor(0.0218, device='cuda:1'), tensor(0.0219, device='cuda:1'), tensor(0.0208, device='cuda:1'), tensor(0.0220, device='cuda:1'), tensor(0.0220, device='cuda:1'), tensor(0.0213, device='cuda:1'), tensor(0.0209, device='cuda:1'), tensor(0.0214, device='cuda:1'), tensor(0.0213, device='cuda:1'), tensor(0.0216, device='cuda:1'), tensor(0.0214, device='cuda:1'), tensor(0.0215, device='cuda:1'), tensor(0.0218, device='cuda:1'), tensor(0.0221, device='cuda:1'), tensor(0.0220, device='cuda:1'), tensor(0.0211, device='cuda:1'), tensor(0.0211, device='cuda:1'), tensor(0.0219, device='cuda:1'), tensor(0.0218, device='cuda:1'), tensor(0.0224, device='cuda:1'), tensor(0.0223, device='cuda:1')]"
25,"[tensor(0.0221, device='cuda:1'), tensor(0.0221, device='cuda:1'), tensor(0.0220, device='cuda:1'), tensor(0.0218, device='cuda:1'), tensor(0.0222, device='cuda:1'), tensor(0.0220, device='cuda:1'), tensor(0.0220, device='cuda:1'), tensor(0.0223, device='cuda:1'), tensor(0.0212, device='cuda:1'), tensor(0.0217, device='cuda:1'), tensor(0.0218, device='cuda:1'), tensor(0.0226, device='cuda:1'), tensor(0.0221, device='cuda:1'), tensor(0.0216, device='cuda:1'), tensor(0.0218, device='cuda:1'), tensor(0.0218, device='cuda:1'), tensor(0.0222, device='cuda:1'), tensor(0.0215, device='cuda:1'), tensor(0.0224, device='cuda:1'), tensor(0.0217, device='cuda:1'), tensor(0.0210, device='cuda:1'), tensor(0.0216, device='cuda:1'), tensor(0.0215, device='cuda:1'), tensor(0.0214, device='cuda:1'), tensor(0.0226, device='cuda:1'), tensor(0.0215, device='cuda:1'), tensor(0.0222, device='cuda:1'), tensor(0.0217, device='cuda:1'), tensor(0.0214, device='cuda:1'), tensor(0.0215, device='cuda:1'), tensor(0.0213, device='cuda:1'), tensor(0.0219, device='cuda:1'), tensor(0.0211, device='cuda:1'), tensor(0.0217, device='cuda:1'), tensor(0.0204, device='cuda:1'), tensor(0.0222, device='cuda:1'), tensor(0.0215, device='cuda:1'), tensor(0.0221, device='cuda:1'), tensor(0.0212, device='cuda:1'), tensor(0.0225, device='cuda:1'), tensor(0.0212, device='cuda:1'), tensor(0.0216, device='cuda:1'), tensor(0.0221, device='cuda:1'), tensor(0.0220, device='cuda:1'), tensor(0.0214, device='cuda:1'), tensor(0.0219, device='cuda:1'), tensor(0.0213, device='cuda:1'), tensor(0.0219, device='cuda:1'), tensor(0.0208, device='cuda:1'), tensor(0.0215, device='cuda:1'), tensor(0.0221, device='cuda:1'), tensor(0.0221, device='cuda:1'), tensor(0.0213, device='cuda:1'), tensor(0.0214, device='cuda:1'), tensor(0.0223, device='cuda:1'), tensor(0.0210, device='cuda:1'), tensor(0.0220, device='cuda:1'), tensor(0.0216, device='cuda:1'), tensor(0.0222, device='cuda:1'), tensor(0.0216, device='cuda:1'), tensor(0.0212, device='cuda:1'), tensor(0.0221, device='cuda:1'), tensor(0.0216, device='cuda:1'), tensor(0.0217, device='cuda:1'), tensor(0.0210, device='cuda:1'), tensor(0.0208, device='cuda:1'), tensor(0.0222, device='cuda:1'), tensor(0.0220, device='cuda:1'), tensor(0.0216, device='cuda:1'), tensor(0.0213, device='cuda:1'), tensor(0.0221, device='cuda:1'), tensor(0.0218, device='cuda:1'), tensor(0.0221, device='cuda:1'), tensor(0.0213, device='cuda:1'), tensor(0.0218, device='cuda:1'), tensor(0.0221, device='cuda:1'), tensor(0.0211, device='cuda:1'), tensor(0.0210, device='cuda:1'), tensor(0.0214, device='cuda:1'), tensor(0.0219, device='cuda:1'), tensor(0.0221, device='cuda:1'), tensor(0.0223, device='cuda:1'), tensor(0.0207, device='cuda:1'), tensor(0.0218, device='cuda:1'), tensor(0.0222, device='cuda:1'), tensor(0.0212, device='cuda:1'), tensor(0.0220, device='cuda:1'), tensor(0.0222, device='cuda:1'), tensor(0.0216, device='cuda:1'), tensor(0.0224, device='cuda:1'), tensor(0.0210, device='cuda:1'), tensor(0.0209, device='cuda:1'), tensor(0.0209, device='cuda:1'), tensor(0.0216, device='cuda:1'), tensor(0.0221, device='cuda:1'), tensor(0.0218, device='cuda:1'), tensor(0.0214, device='cuda:1'), tensor(0.0221, device='cuda:1'), tensor(0.0212, device='cuda:1'), tensor(0.0212, device='cuda:1')]"
26,"[tensor(0.0224, device='cuda:1'), tensor(0.0217, device='cuda:1'), tensor(0.0223, device='cuda:1'), tensor(0.0222, device='cuda:1'), tensor(0.0211, device='cuda:1'), tensor(0.0220, device='cuda:1'), tensor(0.0215, device='cuda:1'), tensor(0.0218, device='cuda:1'), tensor(0.0222, device='cuda:1'), tensor(0.0222, device='cuda:1'), tensor(0.0219, device='cuda:1'), tensor(0.0227, device='cuda:1'), tensor(0.0220, device='cuda:1'), tensor(0.0216, device='cuda:1'), tensor(0.0215, device='cuda:1'), tensor(0.0215, device='cuda:1'), tensor(0.0218, device='cuda:1'), tensor(0.0223, device='cuda:1'), tensor(0.0217, device='cuda:1'), tensor(0.0223, device='cuda:1'), tensor(0.0224, device='cuda:1'), tensor(0.0221, device='cuda:1'), tensor(0.0221, device='cuda:1'), tensor(0.0218, device='cuda:1'), tensor(0.0208, device='cuda:1'), tensor(0.0222, device='cuda:1'), tensor(0.0215, device='cuda:1'), tensor(0.0221, device='cuda:1'), tensor(0.0219, device='cuda:1'), tensor(0.0218, device='cuda:1'), tensor(0.0222, device='cuda:1'), tensor(0.0221, device='cuda:1'), tensor(0.0223, device='cuda:1'), tensor(0.0221, device='cuda:1'), tensor(0.0224, device='cuda:1'), tensor(0.0218, device='cuda:1'), tensor(0.0219, device='cuda:1'), tensor(0.0212, device='cuda:1'), tensor(0.0216, device='cuda:1'), tensor(0.0227, device='cuda:1'), tensor(0.0219, device='cuda:1'), tensor(0.0220, device='cuda:1'), tensor(0.0212, device='cuda:1'), tensor(0.0219, device='cuda:1'), tensor(0.0217, device='cuda:1'), tensor(0.0214, device='cuda:1'), tensor(0.0220, device='cuda:1'), tensor(0.0213, device='cuda:1'), tensor(0.0217, device='cuda:1'), tensor(0.0220, device='cuda:1'), tensor(0.0211, device='cuda:1'), tensor(0.0207, device='cuda:1'), tensor(0.0218, device='cuda:1'), tensor(0.0218, device='cuda:1'), tensor(0.0225, device='cuda:1'), tensor(0.0221, device='cuda:1'), tensor(0.0219, device='cuda:1'), tensor(0.0216, device='cuda:1'), tensor(0.0212, device='cuda:1'), tensor(0.0220, device='cuda:1'), tensor(0.0221, device='cuda:1'), tensor(0.0216, device='cuda:1'), tensor(0.0216, device='cuda:1'), tensor(0.0220, device='cuda:1'), tensor(0.0223, device='cuda:1'), tensor(0.0218, device='cuda:1'), tensor(0.0213, device='cuda:1'), tensor(0.0217, device='cuda:1'), tensor(0.0217, device='cuda:1'), tensor(0.0216, device='cuda:1'), tensor(0.0214, device='cuda:1'), tensor(0.0212, device='cuda:1'), tensor(0.0214, device='cuda:1'), tensor(0.0219, device='cuda:1'), tensor(0.0219, device='cuda:1'), tensor(0.0209, device='cuda:1'), tensor(0.0218, device='cuda:1'), tensor(0.0222, device='cuda:1'), tensor(0.0220, device='cuda:1'), tensor(0.0218, device='cuda:1'), tensor(0.0215, device='cuda:1'), tensor(0.0207, device='cuda:1'), tensor(0.0220, device='cuda:1'), tensor(0.0219, device='cuda:1'), tensor(0.0212, device='cuda:1'), tensor(0.0218, device='cuda:1'), tensor(0.0213, device='cuda:1'), tensor(0.0216, device='cuda:1'), tensor(0.0214, device='cuda:1'), tensor(0.0215, device='cuda:1'), tensor(0.0214, device='cuda:1'), tensor(0.0215, device='cuda:1'), tensor(0.0221, device='cuda:1'), tensor(0.0220, device='cuda:1'), tensor(0.0219, device='cuda:1'), tensor(0.0210, device='cuda:1'), tensor(0.0223, device='cuda:1'), tensor(0.0217, device='cuda:1'), tensor(0.0224, device='cuda:1'), tensor(0.0219, device='cuda:1')]"
27,"[tensor(0.0225, device='cuda:1'), tensor(0.0220, device='cuda:1'), tensor(0.0225, device='cuda:1'), tensor(0.0217, device='cuda:1'), tensor(0.0223, device='cuda:1'), tensor(0.0221, device='cuda:1'), tensor(0.0215, device='cuda:1'), tensor(0.0223, device='cuda:1'), tensor(0.0211, device='cuda:1'), tensor(0.0213, device='cuda:1'), tensor(0.0215, device='cuda:1'), tensor(0.0225, device='cuda:1'), tensor(0.0222, device='cuda:1'), tensor(0.0213, device='cuda:1'), tensor(0.0218, device='cuda:1'), tensor(0.0219, device='cuda:1'), tensor(0.0220, device='cuda:1'), tensor(0.0214, device='cuda:1'), tensor(0.0220, device='cuda:1'), tensor(0.0214, device='cuda:1'), tensor(0.0209, device='cuda:1'), tensor(0.0214, device='cuda:1'), tensor(0.0212, device='cuda:1'), tensor(0.0223, device='cuda:1'), tensor(0.0226, device='cuda:1'), tensor(0.0214, device='cuda:1'), tensor(0.0218, device='cuda:1'), tensor(0.0215, device='cuda:1'), tensor(0.0223, device='cuda:1'), tensor(0.0212, device='cuda:1'), tensor(0.0212, device='cuda:1'), tensor(0.0215, device='cuda:1'), tensor(0.0210, device='cuda:1'), tensor(0.0216, device='cuda:1'), tensor(0.0210, device='cuda:1'), tensor(0.0216, device='cuda:1'), tensor(0.0214, device='cuda:1'), tensor(0.0219, device='cuda:1'), tensor(0.0215, device='cuda:1'), tensor(0.0228, device='cuda:1'), tensor(0.0210, device='cuda:1'), tensor(0.0213, device='cuda:1'), tensor(0.0221, device='cuda:1'), tensor(0.0220, device='cuda:1'), tensor(0.0222, device='cuda:1'), tensor(0.0218, device='cuda:1'), tensor(0.0212, device='cuda:1'), tensor(0.0215, device='cuda:1'), tensor(0.0209, device='cuda:1'), tensor(0.0214, device='cuda:1'), tensor(0.0221, device='cuda:1'), tensor(0.0220, device='cuda:1'), tensor(0.0212, device='cuda:1'), tensor(0.0218, device='cuda:1'), tensor(0.0227, device='cuda:1'), tensor(0.0211, device='cuda:1'), tensor(0.0217, device='cuda:1'), tensor(0.0215, device='cuda:1'), tensor(0.0223, device='cuda:1'), tensor(0.0215, device='cuda:1'), tensor(0.0211, device='cuda:1'), tensor(0.0219, device='cuda:1'), tensor(0.0215, device='cuda:1'), tensor(0.0223, device='cuda:1'), tensor(0.0210, device='cuda:1'), tensor(0.0207, device='cuda:1'), tensor(0.0219, device='cuda:1'), tensor(0.0216, device='cuda:1'), tensor(0.0211, device='cuda:1'), tensor(0.0216, device='cuda:1'), tensor(0.0222, device='cuda:1'), tensor(0.0218, device='cuda:1'), tensor(0.0214, device='cuda:1'), tensor(0.0217, device='cuda:1'), tensor(0.0217, device='cuda:1'), tensor(0.0220, device='cuda:1'), tensor(0.0211, device='cuda:1'), tensor(0.0210, device='cuda:1'), tensor(0.0214, device='cuda:1'), tensor(0.0219, device='cuda:1'), tensor(0.0215, device='cuda:1'), tensor(0.0222, device='cuda:1'), tensor(0.0207, device='cuda:1'), tensor(0.0215, device='cuda:1'), tensor(0.0223, device='cuda:1'), tensor(0.0222, device='cuda:1'), tensor(0.0219, device='cuda:1'), tensor(0.0220, device='cuda:1'), tensor(0.0219, device='cuda:1'), tensor(0.0218, device='cuda:1'), tensor(0.0209, device='cuda:1'), tensor(0.0217, device='cuda:1'), tensor(0.0208, device='cuda:1'), tensor(0.0215, device='cuda:1'), tensor(0.0216, device='cuda:1'), tensor(0.0216, device='cuda:1'), tensor(0.0216, device='cuda:1'), tensor(0.0221, device='cuda:1'), tensor(0.0210, device='cuda:1'), tensor(0.0216, device='cuda:1')]"
28,"[tensor(0.0223, device='cuda:1'), tensor(0.0216, device='cuda:1'), tensor(0.0226, device='cuda:1'), tensor(0.0224, device='cuda:1'), tensor(0.0211, device='cuda:1'), tensor(0.0219, device='cuda:1'), tensor(0.0218, device='cuda:1'), tensor(0.0217, device='cuda:1'), tensor(0.0222, device='cuda:1'), tensor(0.0223, device='cuda:1'), tensor(0.0221, device='cuda:1'), tensor(0.0227, device='cuda:1'), tensor(0.0222, device='cuda:1'), tensor(0.0214, device='cuda:1'), tensor(0.0217, device='cuda:1'), tensor(0.0213, device='cuda:1'), tensor(0.0219, device='cuda:1'), tensor(0.0224, device='cuda:1'), tensor(0.0217, device='cuda:1'), tensor(0.0222, device='cuda:1'), tensor(0.0224, device='cuda:1'), tensor(0.0222, device='cuda:1'), tensor(0.0222, device='cuda:1'), tensor(0.0226, device='cuda:1'), tensor(0.0207, device='cuda:1'), tensor(0.0222, device='cuda:1'), tensor(0.0216, device='cuda:1'), tensor(0.0221, device='cuda:1'), tensor(0.0225, device='cuda:1'), tensor(0.0221, device='cuda:1'), tensor(0.0222, device='cuda:1'), tensor(0.0218, device='cuda:1'), tensor(0.0223, device='cuda:1'), tensor(0.0222, device='cuda:1'), tensor(0.0226, device='cuda:1'), tensor(0.0219, device='cuda:1'), tensor(0.0220, device='cuda:1'), tensor(0.0213, device='cuda:1'), tensor(0.0221, device='cuda:1'), tensor(0.0226, device='cuda:1'), tensor(0.0214, device='cuda:1'), tensor(0.0222, device='cuda:1'), tensor(0.0213, device='cuda:1'), tensor(0.0220, device='cuda:1'), tensor(0.0225, device='cuda:1'), tensor(0.0215, device='cuda:1'), tensor(0.0220, device='cuda:1'), tensor(0.0216, device='cuda:1'), tensor(0.0219, device='cuda:1'), tensor(0.0219, device='cuda:1'), tensor(0.0212, device='cuda:1'), tensor(0.0209, device='cuda:1'), tensor(0.0219, device='cuda:1'), tensor(0.0225, device='cuda:1'), tensor(0.0225, device='cuda:1'), tensor(0.0223, device='cuda:1'), tensor(0.0220, device='cuda:1'), tensor(0.0220, device='cuda:1'), tensor(0.0214, device='cuda:1'), tensor(0.0221, device='cuda:1'), tensor(0.0220, device='cuda:1'), tensor(0.0213, device='cuda:1'), tensor(0.0220, device='cuda:1'), tensor(0.0225, device='cuda:1'), tensor(0.0223, device='cuda:1'), tensor(0.0218, device='cuda:1'), tensor(0.0216, device='cuda:1'), tensor(0.0217, device='cuda:1'), tensor(0.0219, device='cuda:1'), tensor(0.0220, device='cuda:1'), tensor(0.0217, device='cuda:1'), tensor(0.0211, device='cuda:1'), tensor(0.0212, device='cuda:1'), tensor(0.0223, device='cuda:1'), tensor(0.0219, device='cuda:1'), tensor(0.0208, device='cuda:1'), tensor(0.0215, device='cuda:1'), tensor(0.0222, device='cuda:1'), tensor(0.0214, device='cuda:1'), tensor(0.0220, device='cuda:1'), tensor(0.0219, device='cuda:1'), tensor(0.0209, device='cuda:1'), tensor(0.0220, device='cuda:1'), tensor(0.0209, device='cuda:1'), tensor(0.0212, device='cuda:1'), tensor(0.0225, device='cuda:1'), tensor(0.0214, device='cuda:1'), tensor(0.0216, device='cuda:1'), tensor(0.0215, device='cuda:1'), tensor(0.0215, device='cuda:1'), tensor(0.0217, device='cuda:1'), tensor(0.0222, device='cuda:1'), tensor(0.0215, device='cuda:1'), tensor(0.0218, device='cuda:1'), tensor(0.0217, device='cuda:1'), tensor(0.0211, device='cuda:1'), tensor(0.0219, device='cuda:1'), tensor(0.0216, device='cuda:1'), tensor(0.0224, device='cuda:1'), tensor(0.0224, device='cuda:1')]"
29,"[tensor(0.0225, device='cuda:1'), tensor(0.0219, device='cuda:1'), tensor(0.0225, device='cuda:1'), tensor(0.0217, device='cuda:1'), tensor(0.0223, device='cuda:1'), tensor(0.0222, device='cuda:1'), tensor(0.0214, device='cuda:1'), tensor(0.0224, device='cuda:1'), tensor(0.0210, device='cuda:1'), tensor(0.0215, device='cuda:1'), tensor(0.0221, device='cuda:1'), tensor(0.0225, device='cuda:1'), tensor(0.0222, device='cuda:1'), tensor(0.0212, device='cuda:1'), tensor(0.0214, device='cuda:1'), tensor(0.0219, device='cuda:1'), tensor(0.0221, device='cuda:1'), tensor(0.0214, device='cuda:1'), tensor(0.0219, device='cuda:1'), tensor(0.0215, device='cuda:1'), tensor(0.0210, device='cuda:1'), tensor(0.0213, device='cuda:1'), tensor(0.0214, device='cuda:1'), tensor(0.0227, device='cuda:1'), tensor(0.0226, device='cuda:1'), tensor(0.0213, device='cuda:1'), tensor(0.0218, device='cuda:1'), tensor(0.0215, device='cuda:1'), tensor(0.0227, device='cuda:1'), tensor(0.0218, device='cuda:1'), tensor(0.0213, device='cuda:1'), tensor(0.0217, device='cuda:1'), tensor(0.0210, device='cuda:1'), tensor(0.0216, device='cuda:1'), tensor(0.0214, device='cuda:1'), tensor(0.0213, device='cuda:1'), tensor(0.0213, device='cuda:1'), tensor(0.0216, device='cuda:1'), tensor(0.0222, device='cuda:1'), tensor(0.0228, device='cuda:1'), tensor(0.0212, device='cuda:1'), tensor(0.0214, device='cuda:1'), tensor(0.0221, device='cuda:1'), tensor(0.0222, device='cuda:1'), tensor(0.0226, device='cuda:1'), tensor(0.0218, device='cuda:1'), tensor(0.0211, device='cuda:1'), tensor(0.0221, device='cuda:1'), tensor(0.0212, device='cuda:1'), tensor(0.0213, device='cuda:1'), tensor(0.0223, device='cuda:1'), tensor(0.0221, device='cuda:1'), tensor(0.0213, device='cuda:1'), tensor(0.0228, device='cuda:1'), tensor(0.0227, device='cuda:1'), tensor(0.0215, device='cuda:1'), tensor(0.0215, device='cuda:1'), tensor(0.0219, device='cuda:1'), tensor(0.0217, device='cuda:1'), tensor(0.0218, device='cuda:1'), tensor(0.0210, device='cuda:1'), tensor(0.0219, device='cuda:1'), tensor(0.0218, device='cuda:1'), tensor(0.0226, device='cuda:1'), tensor(0.0209, device='cuda:1'), tensor(0.0207, device='cuda:1'), tensor(0.0225, device='cuda:1'), tensor(0.0211, device='cuda:1'), tensor(0.0211, device='cuda:1'), tensor(0.0223, device='cuda:1'), tensor(0.0225, device='cuda:1'), tensor(0.0215, device='cuda:1'), tensor(0.0210, device='cuda:1'), tensor(0.0220, device='cuda:1'), tensor(0.0216, device='cuda:1'), tensor(0.0221, device='cuda:1'), tensor(0.0213, device='cuda:1'), tensor(0.0210, device='cuda:1'), tensor(0.0211, device='cuda:1'), tensor(0.0220, device='cuda:1'), tensor(0.0221, device='cuda:1'), tensor(0.0222, device='cuda:1'), tensor(0.0206, device='cuda:1'), tensor(0.0215, device='cuda:1'), tensor(0.0223, device='cuda:1'), tensor(0.0226, device='cuda:1'), tensor(0.0219, device='cuda:1'), tensor(0.0219, device='cuda:1'), tensor(0.0219, device='cuda:1'), tensor(0.0225, device='cuda:1'), tensor(0.0213, device='cuda:1'), tensor(0.0226, device='cuda:1'), tensor(0.0209, device='cuda:1'), tensor(0.0214, device='cuda:1'), tensor(0.0214, device='cuda:1'), tensor(0.0218, device='cuda:1'), tensor(0.0214, device='cuda:1'), tensor(0.0222, device='cuda:1'), tensor(0.0210, device='cuda:1'), tensor(0.0224, device='cuda:1')]"
30,"[tensor(0.0222, device='cuda:1'), tensor(0.0215, device='cuda:1'), tensor(0.0227, device='cuda:1'), tensor(0.0224, device='cuda:1'), tensor(0.0211, device='cuda:1'), tensor(0.0219, device='cuda:1'), tensor(0.0217, device='cuda:1'), tensor(0.0216, device='cuda:1'), tensor(0.0221, device='cuda:1'), tensor(0.0225, device='cuda:1'), tensor(0.0225, device='cuda:1'), tensor(0.0227, device='cuda:1'), tensor(0.0221, device='cuda:1'), tensor(0.0215, device='cuda:1'), tensor(0.0218, device='cuda:1'), tensor(0.0211, device='cuda:1'), tensor(0.0220, device='cuda:1'), tensor(0.0221, device='cuda:1'), tensor(0.0217, device='cuda:1'), tensor(0.0222, device='cuda:1'), tensor(0.0224, device='cuda:1'), tensor(0.0222, device='cuda:1'), tensor(0.0224, device='cuda:1'), tensor(0.0228, device='cuda:1'), tensor(0.0207, device='cuda:1'), tensor(0.0223, device='cuda:1'), tensor(0.0216, device='cuda:1'), tensor(0.0221, device='cuda:1'), tensor(0.0227, device='cuda:1'), tensor(0.0222, device='cuda:1'), tensor(0.0222, device='cuda:1'), tensor(0.0221, device='cuda:1'), tensor(0.0223, device='cuda:1'), tensor(0.0223, device='cuda:1'), tensor(0.0227, device='cuda:1'), tensor(0.0218, device='cuda:1'), tensor(0.0220, device='cuda:1'), tensor(0.0212, device='cuda:1'), tensor(0.0225, device='cuda:1'), tensor(0.0225, device='cuda:1'), tensor(0.0215, device='cuda:1'), tensor(0.0225, device='cuda:1'), tensor(0.0214, device='cuda:1'), tensor(0.0221, device='cuda:1'), tensor(0.0227, device='cuda:1'), tensor(0.0216, device='cuda:1'), tensor(0.0220, device='cuda:1'), tensor(0.0219, device='cuda:1'), tensor(0.0220, device='cuda:1'), tensor(0.0217, device='cuda:1'), tensor(0.0215, device='cuda:1'), tensor(0.0211, device='cuda:1'), tensor(0.0220, device='cuda:1'), tensor(0.0228, device='cuda:1'), tensor(0.0224, device='cuda:1'), tensor(0.0224, device='cuda:1'), tensor(0.0220, device='cuda:1'), tensor(0.0224, device='cuda:1'), tensor(0.0212, device='cuda:1'), tensor(0.0219, device='cuda:1'), tensor(0.0220, device='cuda:1'), tensor(0.0211, device='cuda:1'), tensor(0.0220, device='cuda:1'), tensor(0.0224, device='cuda:1'), tensor(0.0223, device='cuda:1'), tensor(0.0218, device='cuda:1'), tensor(0.0219, device='cuda:1'), tensor(0.0215, device='cuda:1'), tensor(0.0219, device='cuda:1'), tensor(0.0224, device='cuda:1'), tensor(0.0219, device='cuda:1'), tensor(0.0209, device='cuda:1'), tensor(0.0211, device='cuda:1'), tensor(0.0226, device='cuda:1'), tensor(0.0218, device='cuda:1'), tensor(0.0212, device='cuda:1'), tensor(0.0215, device='cuda:1'), tensor(0.0221, device='cuda:1'), tensor(0.0212, device='cuda:1'), tensor(0.0223, device='cuda:1'), tensor(0.0221, device='cuda:1'), tensor(0.0211, device='cuda:1'), tensor(0.0220, device='cuda:1'), tensor(0.0208, device='cuda:1'), tensor(0.0212, device='cuda:1'), tensor(0.0227, device='cuda:1'), tensor(0.0215, device='cuda:1'), tensor(0.0214, device='cuda:1'), tensor(0.0215, device='cuda:1'), tensor(0.0220, device='cuda:1'), tensor(0.0221, device='cuda:1'), tensor(0.0226, device='cuda:1'), tensor(0.0221, device='cuda:1'), tensor(0.0217, device='cuda:1'), tensor(0.0215, device='cuda:1'), tensor(0.0220, device='cuda:1'), tensor(0.0216, device='cuda:1'), tensor(0.0216, device='cuda:1'), tensor(0.0224, device='cuda:1'), tensor(0.0228, device='cuda:1')]"
31,"[tensor(0.0225, device='cuda:1'), tensor(0.0219, device='cuda:1'), tensor(0.0224, device='cuda:1'), tensor(0.0216, device='cuda:1'), tensor(0.0223, device='cuda:1'), tensor(0.0223, device='cuda:1'), tensor(0.0213, device='cuda:1'), tensor(0.0225, device='cuda:1'), tensor(0.0209, device='cuda:1'), tensor(0.0216, device='cuda:1'), tensor(0.0224, device='cuda:1'), tensor(0.0224, device='cuda:1'), tensor(0.0221, device='cuda:1'), tensor(0.0212, device='cuda:1'), tensor(0.0218, device='cuda:1'), tensor(0.0218, device='cuda:1'), tensor(0.0221, device='cuda:1'), tensor(0.0213, device='cuda:1'), tensor(0.0219, device='cuda:1'), tensor(0.0215, device='cuda:1'), tensor(0.0211, device='cuda:1'), tensor(0.0213, device='cuda:1'), tensor(0.0217, device='cuda:1'), tensor(0.0228, device='cuda:1'), tensor(0.0226, device='cuda:1'), tensor(0.0212, device='cuda:1'), tensor(0.0217, device='cuda:1'), tensor(0.0214, device='cuda:1'), tensor(0.0228, device='cuda:1'), tensor(0.0219, device='cuda:1'), tensor(0.0214, device='cuda:1'), tensor(0.0220, device='cuda:1'), tensor(0.0210, device='cuda:1'), tensor(0.0216, device='cuda:1'), tensor(0.0216, device='cuda:1'), tensor(0.0211, device='cuda:1'), tensor(0.0213, device='cuda:1'), tensor(0.0218, device='cuda:1'), tensor(0.0224, device='cuda:1'), tensor(0.0227, device='cuda:1'), tensor(0.0213, device='cuda:1'), tensor(0.0223, device='cuda:1'), tensor(0.0222, device='cuda:1'), tensor(0.0222, device='cuda:1'), tensor(0.0227, device='cuda:1'), tensor(0.0216, device='cuda:1'), tensor(0.0211, device='cuda:1'), tensor(0.0224, device='cuda:1'), tensor(0.0218, device='cuda:1'), tensor(0.0212, device='cuda:1'), tensor(0.0224, device='cuda:1'), tensor(0.0222, device='cuda:1'), tensor(0.0213, device='cuda:1'), tensor(0.0229, device='cuda:1'), tensor(0.0226, device='cuda:1'), tensor(0.0218, device='cuda:1'), tensor(0.0213, device='cuda:1'), tensor(0.0223, device='cuda:1'), tensor(0.0215, device='cuda:1'), tensor(0.0218, device='cuda:1'), tensor(0.0211, device='cuda:1'), tensor(0.0218, device='cuda:1'), tensor(0.0224, device='cuda:1'), tensor(0.0226, device='cuda:1'), tensor(0.0209, device='cuda:1'), tensor(0.0208, device='cuda:1'), tensor(0.0225, device='cuda:1'), tensor(0.0210, device='cuda:1'), tensor(0.0212, device='cuda:1'), tensor(0.0225, device='cuda:1'), tensor(0.0225, device='cuda:1'), tensor(0.0212, device='cuda:1'), tensor(0.0211, device='cuda:1'), tensor(0.0223, device='cuda:1'), tensor(0.0215, device='cuda:1'), tensor(0.0223, device='cuda:1'), tensor(0.0215, device='cuda:1'), tensor(0.0210, device='cuda:1'), tensor(0.0209, device='cuda:1'), tensor(0.0220, device='cuda:1'), tensor(0.0224, device='cuda:1'), tensor(0.0223, device='cuda:1'), tensor(0.0207, device='cuda:1'), tensor(0.0216, device='cuda:1'), tensor(0.0224, device='cuda:1'), tensor(0.0226, device='cuda:1'), tensor(0.0220, device='cuda:1'), tensor(0.0218, device='cuda:1'), tensor(0.0218, device='cuda:1'), tensor(0.0223, device='cuda:1'), tensor(0.0218, device='cuda:1'), tensor(0.0228, device='cuda:1'), tensor(0.0212, device='cuda:1'), tensor(0.0214, device='cuda:1'), tensor(0.0213, device='cuda:1'), tensor(0.0222, device='cuda:1'), tensor(0.0213, device='cuda:1'), tensor(0.0223, device='cuda:1'), tensor(0.0210, device='cuda:1'), tensor(0.0227, device='cuda:1')]"
32,"[tensor(0.0222, device='cuda:1'), tensor(0.0215, device='cuda:1'), tensor(0.0226, device='cuda:1'), tensor(0.0224, device='cuda:1'), tensor(0.0212, device='cuda:1'), tensor(0.0219, device='cuda:1'), tensor(0.0216, device='cuda:1'), tensor(0.0216, device='cuda:1'), tensor(0.0221, device='cuda:1'), tensor(0.0226, device='cuda:1'), tensor(0.0226, device='cuda:1'), tensor(0.0227, device='cuda:1'), tensor(0.0221, device='cuda:1'), tensor(0.0215, device='cuda:1'), tensor(0.0218, device='cuda:1'), tensor(0.0210, device='cuda:1'), tensor(0.0220, device='cuda:1'), tensor(0.0218, device='cuda:1'), tensor(0.0216, device='cuda:1'), tensor(0.0223, device='cuda:1'), tensor(0.0225, device='cuda:1'), tensor(0.0222, device='cuda:1'), tensor(0.0224, device='cuda:1'), tensor(0.0226, device='cuda:1'), tensor(0.0207, device='cuda:1'), tensor(0.0223, device='cuda:1'), tensor(0.0216, device='cuda:1'), tensor(0.0221, device='cuda:1'), tensor(0.0226, device='cuda:1'), tensor(0.0221, device='cuda:1'), tensor(0.0223, device='cuda:1'), tensor(0.0224, device='cuda:1'), tensor(0.0223, device='cuda:1'), tensor(0.0224, device='cuda:1'), tensor(0.0227, device='cuda:1'), tensor(0.0217, device='cuda:1'), tensor(0.0221, device='cuda:1'), tensor(0.0212, device='cuda:1'), tensor(0.0227, device='cuda:1'), tensor(0.0224, device='cuda:1'), tensor(0.0222, device='cuda:1'), tensor(0.0227, device='cuda:1'), tensor(0.0215, device='cuda:1'), tensor(0.0221, device='cuda:1'), tensor(0.0225, device='cuda:1'), tensor(0.0218, device='cuda:1'), tensor(0.0220, device='cuda:1'), tensor(0.0221, device='cuda:1'), tensor(0.0220, device='cuda:1'), tensor(0.0217, device='cuda:1'), tensor(0.0218, device='cuda:1'), tensor(0.0214, device='cuda:1'), tensor(0.0222, device='cuda:1'), tensor(0.0229, device='cuda:1'), tensor(0.0224, device='cuda:1'), tensor(0.0225, device='cuda:1'), tensor(0.0218, device='cuda:1'), tensor(0.0226, device='cuda:1'), tensor(0.0211, device='cuda:1'), tensor(0.0218, device='cuda:1'), tensor(0.0220, device='cuda:1'), tensor(0.0210, device='cuda:1'), tensor(0.0222, device='cuda:1'), tensor(0.0224, device='cuda:1'), tensor(0.0223, device='cuda:1'), tensor(0.0218, device='cuda:1'), tensor(0.0220, device='cuda:1'), tensor(0.0215, device='cuda:1'), tensor(0.0218, device='cuda:1'), tensor(0.0225, device='cuda:1'), tensor(0.0219, device='cuda:1'), tensor(0.0207, device='cuda:1'), tensor(0.0210, device='cuda:1'), tensor(0.0227, device='cuda:1'), tensor(0.0218, device='cuda:1'), tensor(0.0217, device='cuda:1'), tensor(0.0215, device='cuda:1'), tensor(0.0221, device='cuda:1'), tensor(0.0213, device='cuda:1'), tensor(0.0222, device='cuda:1'), tensor(0.0222, device='cuda:1'), tensor(0.0214, device='cuda:1'), tensor(0.0221, device='cuda:1'), tensor(0.0208, device='cuda:1'), tensor(0.0212, device='cuda:1'), tensor(0.0227, device='cuda:1'), tensor(0.0217, device='cuda:1'), tensor(0.0214, device='cuda:1'), tensor(0.0213, device='cuda:1'), tensor(0.0222, device='cuda:1'), tensor(0.0223, device='cuda:1'), tensor(0.0228, device='cuda:1'), tensor(0.0223, device='cuda:1'), tensor(0.0218, device='cuda:1'), tensor(0.0214, device='cuda:1'), tensor(0.0225, device='cuda:1'), tensor(0.0215, device='cuda:1'), tensor(0.0216, device='cuda:1'), tensor(0.0224, device='cuda:1'), tensor(0.0229, device='cuda:1')]"
33,"[tensor(0.0224, device='cuda:1'), tensor(0.0219, device='cuda:1'), tensor(0.0224, device='cuda:1'), tensor(0.0216, device='cuda:1'), tensor(0.0223, device='cuda:1'), tensor(0.0224, device='cuda:1'), tensor(0.0213, device='cuda:1'), tensor(0.0225, device='cuda:1'), tensor(0.0209, device='cuda:1'), tensor(0.0217, device='cuda:1'), tensor(0.0225, device='cuda:1'), tensor(0.0224, device='cuda:1'), tensor(0.0221, device='cuda:1'), tensor(0.0214, device='cuda:1'), tensor(0.0221, device='cuda:1'), tensor(0.0216, device='cuda:1'), tensor(0.0221, device='cuda:1'), tensor(0.0213, device='cuda:1'), tensor(0.0219, device='cuda:1'), tensor(0.0215, device='cuda:1'), tensor(0.0213, device='cuda:1'), tensor(0.0214, device='cuda:1'), tensor(0.0220, device='cuda:1'), tensor(0.0227, device='cuda:1'), tensor(0.0226, device='cuda:1'), tensor(0.0212, device='cuda:1'), tensor(0.0217, device='cuda:1'), tensor(0.0214, device='cuda:1'), tensor(0.0228, device='cuda:1'), tensor(0.0222, device='cuda:1'), tensor(0.0214, device='cuda:1'), tensor(0.0221, device='cuda:1'), tensor(0.0211, device='cuda:1'), tensor(0.0216, device='cuda:1'), tensor(0.0217, device='cuda:1'), tensor(0.0210, device='cuda:1'), tensor(0.0213, device='cuda:1'), tensor(0.0218, device='cuda:1'), tensor(0.0225, device='cuda:1'), tensor(0.0227, device='cuda:1'), tensor(0.0215, device='cuda:1'), tensor(0.0225, device='cuda:1'), tensor(0.0223, device='cuda:1'), tensor(0.0221, device='cuda:1'), tensor(0.0227, device='cuda:1'), tensor(0.0215, device='cuda:1'), tensor(0.0211, device='cuda:1'), tensor(0.0225, device='cuda:1'), tensor(0.0221, device='cuda:1'), tensor(0.0211, device='cuda:1'), tensor(0.0224, device='cuda:1'), tensor(0.0221, device='cuda:1'), tensor(0.0214, device='cuda:1'), tensor(0.0229, device='cuda:1'), tensor(0.0226, device='cuda:1'), tensor(0.0220, device='cuda:1'), tensor(0.0212, device='cuda:1'), tensor(0.0224, device='cuda:1'), tensor(0.0213, device='cuda:1'), tensor(0.0217, device='cuda:1'), tensor(0.0211, device='cuda:1'), tensor(0.0215, device='cuda:1'), tensor(0.0226, device='cuda:1'), tensor(0.0226, device='cuda:1'), tensor(0.0209, device='cuda:1'), tensor(0.0209, device='cuda:1'), tensor(0.0226, device='cuda:1'), tensor(0.0209, device='cuda:1'), tensor(0.0212, device='cuda:1'), tensor(0.0225, device='cuda:1'), tensor(0.0224, device='cuda:1'), tensor(0.0212, device='cuda:1'), tensor(0.0212, device='cuda:1'), tensor(0.0225, device='cuda:1'), tensor(0.0215, device='cuda:1'), tensor(0.0225, device='cuda:1'), tensor(0.0216, device='cuda:1'), tensor(0.0210, device='cuda:1'), tensor(0.0208, device='cuda:1'), tensor(0.0222, device='cuda:1'), tensor(0.0224, device='cuda:1'), tensor(0.0223, device='cuda:1'), tensor(0.0209, device='cuda:1'), tensor(0.0215, device='cuda:1'), tensor(0.0224, device='cuda:1'), tensor(0.0225, device='cuda:1'), tensor(0.0220, device='cuda:1'), tensor(0.0217, device='cuda:1'), tensor(0.0216, device='cuda:1'), tensor(0.0225, device='cuda:1'), tensor(0.0222, device='cuda:1'), tensor(0.0229, device='cuda:1'), tensor(0.0214, device='cuda:1'), tensor(0.0214, device='cuda:1'), tensor(0.0213, device='cuda:1'), tensor(0.0224, device='cuda:1'), tensor(0.0212, device='cuda:1'), tensor(0.0224, device='cuda:1'), tensor(0.0211, device='cuda:1'), tensor(0.0227, device='cuda:1')]"
34,"[tensor(0.0222, device='cuda:1'), tensor(0.0215, device='cuda:1'), tensor(0.0226, device='cuda:1'), tensor(0.0223, device='cuda:1'), tensor(0.0213, device='cuda:1'), tensor(0.0219, device='cuda:1'), tensor(0.0216, device='cuda:1'), tensor(0.0216, device='cuda:1'), tensor(0.0222, device='cuda:1'), tensor(0.0227, device='cuda:1'), tensor(0.0227, device='cuda:1'), tensor(0.0226, device='cuda:1'), tensor(0.0220, device='cuda:1'), tensor(0.0215, device='cuda:1'), tensor(0.0218, device='cuda:1'), tensor(0.0209, device='cuda:1'), tensor(0.0220, device='cuda:1'), tensor(0.0217, device='cuda:1'), tensor(0.0216, device='cuda:1'), tensor(0.0223, device='cuda:1'), tensor(0.0225, device='cuda:1'), tensor(0.0222, device='cuda:1'), tensor(0.0225, device='cuda:1'), tensor(0.0224, device='cuda:1'), tensor(0.0206, device='cuda:1'), tensor(0.0223, device='cuda:1'), tensor(0.0216, device='cuda:1'), tensor(0.0221, device='cuda:1'), tensor(0.0226, device='cuda:1'), tensor(0.0221, device='cuda:1'), tensor(0.0223, device='cuda:1'), tensor(0.0225, device='cuda:1'), tensor(0.0223, device='cuda:1'), tensor(0.0224, device='cuda:1'), tensor(0.0227, device='cuda:1'), tensor(0.0216, device='cuda:1'), tensor(0.0221, device='cuda:1'), tensor(0.0211, device='cuda:1'), tensor(0.0227, device='cuda:1'), tensor(0.0224, device='cuda:1'), tensor(0.0224, device='cuda:1'), tensor(0.0227, device='cuda:1'), tensor(0.0217, device='cuda:1'), tensor(0.0220, device='cuda:1'), tensor(0.0225, device='cuda:1'), tensor(0.0220, device='cuda:1'), tensor(0.0221, device='cuda:1'), tensor(0.0221, device='cuda:1'), tensor(0.0220, device='cuda:1'), tensor(0.0217, device='cuda:1'), tensor(0.0219, device='cuda:1'), tensor(0.0218, device='cuda:1'), tensor(0.0224, device='cuda:1'), tensor(0.0229, device='cuda:1'), tensor(0.0223, device='cuda:1'), tensor(0.0225, device='cuda:1'), tensor(0.0216, device='cuda:1'), tensor(0.0227, device='cuda:1'), tensor(0.0210, device='cuda:1'), tensor(0.0217, device='cuda:1'), tensor(0.0221, device='cuda:1'), tensor(0.0209, device='cuda:1'), tensor(0.0222, device='cuda:1'), tensor(0.0223, device='cuda:1'), tensor(0.0221, device='cuda:1'), tensor(0.0217, device='cuda:1'), tensor(0.0221, device='cuda:1'), tensor(0.0214, device='cuda:1'), tensor(0.0217, device='cuda:1'), tensor(0.0225, device='cuda:1'), tensor(0.0217, device='cuda:1'), tensor(0.0206, device='cuda:1'), tensor(0.0211, device='cuda:1'), tensor(0.0228, device='cuda:1'), tensor(0.0217, device='cuda:1'), tensor(0.0222, device='cuda:1'), tensor(0.0216, device='cuda:1'), tensor(0.0220, device='cuda:1'), tensor(0.0212, device='cuda:1'), tensor(0.0221, device='cuda:1'), tensor(0.0222, device='cuda:1'), tensor(0.0217, device='cuda:1'), tensor(0.0220, device='cuda:1'), tensor(0.0208, device='cuda:1'), tensor(0.0213, device='cuda:1'), tensor(0.0227, device='cuda:1'), tensor(0.0218, device='cuda:1'), tensor(0.0214, device='cuda:1'), tensor(0.0212, device='cuda:1'), tensor(0.0223, device='cuda:1'), tensor(0.0225, device='cuda:1'), tensor(0.0228, device='cuda:1'), tensor(0.0223, device='cuda:1'), tensor(0.0218, device='cuda:1'), tensor(0.0213, device='cuda:1'), tensor(0.0227, device='cuda:1'), tensor(0.0214, device='cuda:1'), tensor(0.0217, device='cuda:1'), tensor(0.0224, device='cuda:1'), tensor(0.0229, device='cuda:1')]"
35,"[tensor(0.0224, device='cuda:1'), tensor(0.0219, device='cuda:1'), tensor(0.0223, device='cuda:1'), tensor(0.0215, device='cuda:1'), tensor(0.0223, device='cuda:1'), tensor(0.0224, device='cuda:1'), tensor(0.0213, device='cuda:1'), tensor(0.0225, device='cuda:1'), tensor(0.0209, device='cuda:1'), tensor(0.0219, device='cuda:1'), tensor(0.0225, device='cuda:1'), tensor(0.0224, device='cuda:1'), tensor(0.0220, device='cuda:1'), tensor(0.0214, device='cuda:1'), tensor(0.0223, device='cuda:1'), tensor(0.0214, device='cuda:1'), tensor(0.0221, device='cuda:1'), tensor(0.0213, device='cuda:1'), tensor(0.0219, device='cuda:1'), tensor(0.0214, device='cuda:1'), tensor(0.0215, device='cuda:1'), tensor(0.0217, device='cuda:1'), tensor(0.0222, device='cuda:1'), tensor(0.0226, device='cuda:1'), tensor(0.0226, device='cuda:1'), tensor(0.0211, device='cuda:1'), tensor(0.0217, device='cuda:1'), tensor(0.0213, device='cuda:1'), tensor(0.0227, device='cuda:1'), tensor(0.0222, device='cuda:1'), tensor(0.0215, device='cuda:1'), tensor(0.0222, device='cuda:1'), tensor(0.0212, device='cuda:1'), tensor(0.0217, device='cuda:1'), tensor(0.0218, device='cuda:1'), tensor(0.0210, device='cuda:1'), tensor(0.0214, device='cuda:1'), tensor(0.0217, device='cuda:1'), tensor(0.0226, device='cuda:1'), tensor(0.0227, device='cuda:1'), tensor(0.0216, device='cuda:1'), tensor(0.0225, device='cuda:1'), tensor(0.0223, device='cuda:1'), tensor(0.0221, device='cuda:1'), tensor(0.0226, device='cuda:1'), tensor(0.0214, device='cuda:1'), tensor(0.0211, device='cuda:1'), tensor(0.0226, device='cuda:1'), tensor(0.0222, device='cuda:1'), tensor(0.0211, device='cuda:1'), tensor(0.0224, device='cuda:1'), tensor(0.0220, device='cuda:1'), tensor(0.0215, device='cuda:1'), tensor(0.0229, device='cuda:1'), tensor(0.0226, device='cuda:1'), tensor(0.0222, device='cuda:1'), tensor(0.0210, device='cuda:1'), tensor(0.0224, device='cuda:1'), tensor(0.0212, device='cuda:1'), tensor(0.0217, device='cuda:1'), tensor(0.0212, device='cuda:1'), tensor(0.0214, device='cuda:1'), tensor(0.0226, device='cuda:1'), tensor(0.0225, device='cuda:1'), tensor(0.0209, device='cuda:1'), tensor(0.0210, device='cuda:1'), tensor(0.0226, device='cuda:1'), tensor(0.0209, device='cuda:1'), tensor(0.0211, device='cuda:1'), tensor(0.0225, device='cuda:1'), tensor(0.0222, device='cuda:1'), tensor(0.0212, device='cuda:1'), tensor(0.0212, device='cuda:1'), tensor(0.0225, device='cuda:1'), tensor(0.0215, device='cuda:1'), tensor(0.0226, device='cuda:1'), tensor(0.0215, device='cuda:1'), tensor(0.0211, device='cuda:1'), tensor(0.0208, device='cuda:1'), tensor(0.0223, device='cuda:1'), tensor(0.0225, device='cuda:1'), tensor(0.0223, device='cuda:1'), tensor(0.0210, device='cuda:1'), tensor(0.0215, device='cuda:1'), tensor(0.0224, device='cuda:1'), tensor(0.0225, device='cuda:1'), tensor(0.0220, device='cuda:1'), tensor(0.0216, device='cuda:1'), tensor(0.0214, device='cuda:1'), tensor(0.0225, device='cuda:1'), tensor(0.0223, device='cuda:1'), tensor(0.0229, device='cuda:1'), tensor(0.0215, device='cuda:1'), tensor(0.0213, device='cuda:1'), tensor(0.0212, device='cuda:1'), tensor(0.0224, device='cuda:1'), tensor(0.0211, device='cuda:1'), tensor(0.0224, device='cuda:1'), tensor(0.0211, device='cuda:1'), tensor(0.0227, device='cuda:1')]"
36,"[tensor(0.0221, device='cuda:1'), tensor(0.0214, device='cuda:1'), tensor(0.0226, device='cuda:1'), tensor(0.0221, device='cuda:1'), tensor(0.0212, device='cuda:1'), tensor(0.0219, device='cuda:1'), tensor(0.0215, device='cuda:1'), tensor(0.0217, device='cuda:1'), tensor(0.0222, device='cuda:1'), tensor(0.0227, device='cuda:1'), tensor(0.0227, device='cuda:1'), tensor(0.0226, device='cuda:1'), tensor(0.0220, device='cuda:1'), tensor(0.0216, device='cuda:1'), tensor(0.0218, device='cuda:1'), tensor(0.0208, device='cuda:1'), tensor(0.0220, device='cuda:1'), tensor(0.0216, device='cuda:1'), tensor(0.0216, device='cuda:1'), tensor(0.0222, device='cuda:1'), tensor(0.0225, device='cuda:1'), tensor(0.0222, device='cuda:1'), tensor(0.0225, device='cuda:1'), tensor(0.0224, device='cuda:1'), tensor(0.0206, device='cuda:1'), tensor(0.0222, device='cuda:1'), tensor(0.0216, device='cuda:1'), tensor(0.0221, device='cuda:1'), tensor(0.0225, device='cuda:1'), tensor(0.0221, device='cuda:1'), tensor(0.0224, device='cuda:1'), tensor(0.0226, device='cuda:1'), tensor(0.0223, device='cuda:1'), tensor(0.0224, device='cuda:1'), tensor(0.0227, device='cuda:1'), tensor(0.0215, device='cuda:1'), tensor(0.0221, device='cuda:1'), tensor(0.0211, device='cuda:1'), tensor(0.0227, device='cuda:1'), tensor(0.0224, device='cuda:1'), tensor(0.0224, device='cuda:1'), tensor(0.0227, device='cuda:1'), tensor(0.0219, device='cuda:1'), tensor(0.0220, device='cuda:1'), tensor(0.0224, device='cuda:1'), tensor(0.0222, device='cuda:1'), tensor(0.0221, device='cuda:1'), tensor(0.0221, device='cuda:1'), tensor(0.0219, device='cuda:1'), tensor(0.0216, device='cuda:1'), tensor(0.0219, device='cuda:1'), tensor(0.0222, device='cuda:1'), tensor(0.0224, device='cuda:1'), tensor(0.0229, device='cuda:1'), tensor(0.0223, device='cuda:1'), tensor(0.0225, device='cuda:1'), tensor(0.0215, device='cuda:1'), tensor(0.0227, device='cuda:1'), tensor(0.0209, device='cuda:1'), tensor(0.0216, device='cuda:1'), tensor(0.0222, device='cuda:1'), tensor(0.0208, device='cuda:1'), tensor(0.0222, device='cuda:1'), tensor(0.0223, device='cuda:1'), tensor(0.0219, device='cuda:1'), tensor(0.0217, device='cuda:1'), tensor(0.0222, device='cuda:1'), tensor(0.0214, device='cuda:1'), tensor(0.0217, device='cuda:1'), tensor(0.0225, device='cuda:1'), tensor(0.0216, device='cuda:1'), tensor(0.0205, device='cuda:1'), tensor(0.0211, device='cuda:1'), tensor(0.0228, device='cuda:1'), tensor(0.0216, device='cuda:1'), tensor(0.0224, device='cuda:1'), tensor(0.0215, device='cuda:1'), tensor(0.0219, device='cuda:1'), tensor(0.0211, device='cuda:1'), tensor(0.0220, device='cuda:1'), tensor(0.0222, device='cuda:1'), tensor(0.0218, device='cuda:1'), tensor(0.0220, device='cuda:1'), tensor(0.0207, device='cuda:1'), tensor(0.0213, device='cuda:1'), tensor(0.0227, device='cuda:1'), tensor(0.0219, device='cuda:1'), tensor(0.0213, device='cuda:1'), tensor(0.0211, device='cuda:1'), tensor(0.0223, device='cuda:1'), tensor(0.0225, device='cuda:1'), tensor(0.0228, device='cuda:1'), tensor(0.0224, device='cuda:1'), tensor(0.0217, device='cuda:1'), tensor(0.0213, device='cuda:1'), tensor(0.0227, device='cuda:1'), tensor(0.0213, device='cuda:1'), tensor(0.0218, device='cuda:1'), tensor(0.0224, device='cuda:1'), tensor(0.0228, device='cuda:1')]"
37,"[tensor(0.0224, device='cuda:1'), tensor(0.0218, device='cuda:1'), tensor(0.0223, device='cuda:1'), tensor(0.0214, device='cuda:1'), tensor(0.0222, device='cuda:1'), tensor(0.0224, device='cuda:1'), tensor(0.0212, device='cuda:1'), tensor(0.0224, device='cuda:1'), tensor(0.0209, device='cuda:1'), tensor(0.0220, device='cuda:1'), tensor(0.0225, device='cuda:1'), tensor(0.0223, device='cuda:1'), tensor(0.0220, device='cuda:1'), tensor(0.0214, device='cuda:1'), tensor(0.0223, device='cuda:1'), tensor(0.0213, device='cuda:1'), tensor(0.0221, device='cuda:1'), tensor(0.0215, device='cuda:1'), tensor(0.0219, device='cuda:1'), tensor(0.0214, device='cuda:1'), tensor(0.0216, device='cuda:1'), tensor(0.0219, device='cuda:1'), tensor(0.0223, device='cuda:1'), tensor(0.0226, device='cuda:1'), tensor(0.0225, device='cuda:1'), tensor(0.0210, device='cuda:1'), tensor(0.0217, device='cuda:1'), tensor(0.0213, device='cuda:1'), tensor(0.0227, device='cuda:1'), tensor(0.0222, device='cuda:1'), tensor(0.0215, device='cuda:1'), tensor(0.0222, device='cuda:1'), tensor(0.0212, device='cuda:1'), tensor(0.0217, device='cuda:1'), tensor(0.0218, device='cuda:1'), tensor(0.0209, device='cuda:1'), tensor(0.0214, device='cuda:1'), tensor(0.0216, device='cuda:1'), tensor(0.0226, device='cuda:1'), tensor(0.0227, device='cuda:1'), tensor(0.0217, device='cuda:1'), tensor(0.0226, device='cuda:1'), tensor(0.0223, device='cuda:1'), tensor(0.0221, device='cuda:1'), tensor(0.0226, device='cuda:1'), tensor(0.0215, device='cuda:1'), tensor(0.0211, device='cuda:1'), tensor(0.0226, device='cuda:1'), tensor(0.0223, device='cuda:1'), tensor(0.0210, device='cuda:1'), tensor(0.0224, device='cuda:1'), tensor(0.0219, device='cuda:1'), tensor(0.0215, device='cuda:1'), tensor(0.0229, device='cuda:1'), tensor(0.0225, device='cuda:1'), tensor(0.0222, device='cuda:1'), tensor(0.0209, device='cuda:1'), tensor(0.0224, device='cuda:1'), tensor(0.0211, device='cuda:1'), tensor(0.0217, device='cuda:1'), tensor(0.0213, device='cuda:1'), tensor(0.0212, device='cuda:1'), tensor(0.0226, device='cuda:1'), tensor(0.0224, device='cuda:1'), tensor(0.0208, device='cuda:1'), tensor(0.0211, device='cuda:1'), tensor(0.0226, device='cuda:1'), tensor(0.0208, device='cuda:1'), tensor(0.0211, device='cuda:1'), tensor(0.0225, device='cuda:1'), tensor(0.0221, device='cuda:1'), tensor(0.0211, device='cuda:1'), tensor(0.0211, device='cuda:1'), tensor(0.0225, device='cuda:1'), tensor(0.0214, device='cuda:1'), tensor(0.0226, device='cuda:1'), tensor(0.0215, device='cuda:1'), tensor(0.0211, device='cuda:1'), tensor(0.0207, device='cuda:1'), tensor(0.0224, device='cuda:1'), tensor(0.0225, device='cuda:1'), tensor(0.0223, device='cuda:1'), tensor(0.0212, device='cuda:1'), tensor(0.0214, device='cuda:1'), tensor(0.0224, device='cuda:1'), tensor(0.0224, device='cuda:1'), tensor(0.0220, device='cuda:1'), tensor(0.0215, device='cuda:1'), tensor(0.0211, device='cuda:1'), tensor(0.0224, device='cuda:1'), tensor(0.0223, device='cuda:1'), tensor(0.0229, device='cuda:1'), tensor(0.0215, device='cuda:1'), tensor(0.0212, device='cuda:1'), tensor(0.0212, device='cuda:1'), tensor(0.0224, device='cuda:1'), tensor(0.0210, device='cuda:1'), tensor(0.0225, device='cuda:1'), tensor(0.0211, device='cuda:1'), tensor(0.0227, device='cuda:1')]"
38,"[tensor(0.0221, device='cuda:1'), tensor(0.0213, device='cuda:1'), tensor(0.0226, device='cuda:1'), tensor(0.0220, device='cuda:1'), tensor(0.0212, device='cuda:1'), tensor(0.0218, device='cuda:1'), tensor(0.0215, device='cuda:1'), tensor(0.0217, device='cuda:1'), tensor(0.0222, device='cuda:1'), tensor(0.0227, device='cuda:1'), tensor(0.0226, device='cuda:1'), tensor(0.0226, device='cuda:1'), tensor(0.0220, device='cuda:1'), tensor(0.0215, device='cuda:1'), tensor(0.0218, device='cuda:1'), tensor(0.0208, device='cuda:1'), tensor(0.0220, device='cuda:1'), tensor(0.0216, device='cuda:1'), tensor(0.0216, device='cuda:1'), tensor(0.0222, device='cuda:1'), tensor(0.0225, device='cuda:1'), tensor(0.0223, device='cuda:1'), tensor(0.0225, device='cuda:1'), tensor(0.0223, device='cuda:1'), tensor(0.0206, device='cuda:1'), tensor(0.0221, device='cuda:1'), tensor(0.0216, device='cuda:1'), tensor(0.0221, device='cuda:1'), tensor(0.0225, device='cuda:1'), tensor(0.0220, device='cuda:1'), tensor(0.0224, device='cuda:1'), tensor(0.0225, device='cuda:1'), tensor(0.0223, device='cuda:1'), tensor(0.0224, device='cuda:1'), tensor(0.0227, device='cuda:1'), tensor(0.0215, device='cuda:1'), tensor(0.0221, device='cuda:1'), tensor(0.0210, device='cuda:1'), tensor(0.0227, device='cuda:1'), tensor(0.0224, device='cuda:1'), tensor(0.0224, device='cuda:1'), tensor(0.0227, device='cuda:1'), tensor(0.0220, device='cuda:1'), tensor(0.0219, device='cuda:1'), tensor(0.0224, device='cuda:1'), tensor(0.0223, device='cuda:1'), tensor(0.0220, device='cuda:1'), tensor(0.0221, device='cuda:1'), tensor(0.0218, device='cuda:1'), tensor(0.0216, device='cuda:1'), tensor(0.0219, device='cuda:1'), tensor(0.0223, device='cuda:1'), tensor(0.0224, device='cuda:1'), tensor(0.0228, device='cuda:1'), tensor(0.0223, device='cuda:1'), tensor(0.0225, device='cuda:1'), tensor(0.0214, device='cuda:1'), tensor(0.0227, device='cuda:1'), tensor(0.0209, device='cuda:1'), tensor(0.0215, device='cuda:1'), tensor(0.0222, device='cuda:1'), tensor(0.0208, device='cuda:1'), tensor(0.0222, device='cuda:1'), tensor(0.0222, device='cuda:1'), tensor(0.0218, device='cuda:1'), tensor(0.0217, device='cuda:1'), tensor(0.0222, device='cuda:1'), tensor(0.0213, device='cuda:1'), tensor(0.0216, device='cuda:1'), tensor(0.0225, device='cuda:1'), tensor(0.0217, device='cuda:1'), tensor(0.0204, device='cuda:1'), tensor(0.0211, device='cuda:1'), tensor(0.0228, device='cuda:1'), tensor(0.0215, device='cuda:1'), tensor(0.0225, device='cuda:1'), tensor(0.0215, device='cuda:1'), tensor(0.0219, device='cuda:1'), tensor(0.0210, device='cuda:1'), tensor(0.0220, device='cuda:1'), tensor(0.0222, device='cuda:1'), tensor(0.0219, device='cuda:1'), tensor(0.0220, device='cuda:1'), tensor(0.0207, device='cuda:1'), tensor(0.0212, device='cuda:1'), tensor(0.0226, device='cuda:1'), tensor(0.0219, device='cuda:1'), tensor(0.0212, device='cuda:1'), tensor(0.0210, device='cuda:1'), tensor(0.0222, device='cuda:1'), tensor(0.0224, device='cuda:1'), tensor(0.0228, device='cuda:1'), tensor(0.0224, device='cuda:1'), tensor(0.0216, device='cuda:1'), tensor(0.0212, device='cuda:1'), tensor(0.0227, device='cuda:1'), tensor(0.0212, device='cuda:1'), tensor(0.0219, device='cuda:1'), tensor(0.0224, device='cuda:1'), tensor(0.0228, device='cuda:1')]"
39,"[tensor(0.0224, device='cuda:1'), tensor(0.0218, device='cuda:1'), tensor(0.0223, device='cuda:1'), tensor(0.0213, device='cuda:1'), tensor(0.0222, device='cuda:1'), tensor(0.0224, device='cuda:1'), tensor(0.0212, device='cuda:1'), tensor(0.0224, device='cuda:1'), tensor(0.0208, device='cuda:1'), tensor(0.0221, device='cuda:1'), tensor(0.0225, device='cuda:1'), tensor(0.0223, device='cuda:1'), tensor(0.0220, device='cuda:1'), tensor(0.0214, device='cuda:1'), tensor(0.0223, device='cuda:1'), tensor(0.0215, device='cuda:1'), tensor(0.0221, device='cuda:1'), tensor(0.0218, device='cuda:1'), tensor(0.0218, device='cuda:1'), tensor(0.0214, device='cuda:1'), tensor(0.0216, device='cuda:1'), tensor(0.0220, device='cuda:1'), tensor(0.0223, device='cuda:1'), tensor(0.0226, device='cuda:1'), tensor(0.0225, device='cuda:1'), tensor(0.0210, device='cuda:1'), tensor(0.0216, device='cuda:1'), tensor(0.0213, device='cuda:1'), tensor(0.0227, device='cuda:1'), tensor(0.0221, device='cuda:1'), tensor(0.0215, device='cuda:1'), tensor(0.0222, device='cuda:1'), tensor(0.0212, device='cuda:1'), tensor(0.0217, device='cuda:1'), tensor(0.0218, device='cuda:1'), tensor(0.0210, device='cuda:1'), tensor(0.0214, device='cuda:1'), tensor(0.0215, device='cuda:1'), tensor(0.0225, device='cuda:1'), tensor(0.0227, device='cuda:1'), tensor(0.0216, device='cuda:1'), tensor(0.0226, device='cuda:1'), tensor(0.0224, device='cuda:1'), tensor(0.0221, device='cuda:1'), tensor(0.0226, device='cuda:1'), tensor(0.0215, device='cuda:1'), tensor(0.0210, device='cuda:1'), tensor(0.0226, device='cuda:1'), tensor(0.0223, device='cuda:1'), tensor(0.0209, device='cuda:1'), tensor(0.0224, device='cuda:1'), tensor(0.0219, device='cuda:1'), tensor(0.0215, device='cuda:1'), tensor(0.0228, device='cuda:1'), tensor(0.0225, device='cuda:1'), tensor(0.0223, device='cuda:1'), tensor(0.0209, device='cuda:1'), tensor(0.0224, device='cuda:1'), tensor(0.0211, device='cuda:1'), tensor(0.0217, device='cuda:1'), tensor(0.0212, device='cuda:1'), tensor(0.0211, device='cuda:1'), tensor(0.0226, device='cuda:1'), tensor(0.0224, device='cuda:1'), tensor(0.0208, device='cuda:1'), tensor(0.0211, device='cuda:1'), tensor(0.0225, device='cuda:1'), tensor(0.0208, device='cuda:1'), tensor(0.0211, device='cuda:1'), tensor(0.0225, device='cuda:1'), tensor(0.0220, device='cuda:1'), tensor(0.0210, device='cuda:1'), tensor(0.0211, device='cuda:1'), tensor(0.0225, device='cuda:1'), tensor(0.0214, device='cuda:1'), tensor(0.0227, device='cuda:1'), tensor(0.0214, device='cuda:1'), tensor(0.0211, device='cuda:1'), tensor(0.0206, device='cuda:1'), tensor(0.0224, device='cuda:1'), tensor(0.0225, device='cuda:1'), tensor(0.0223, device='cuda:1'), tensor(0.0212, device='cuda:1'), tensor(0.0214, device='cuda:1'), tensor(0.0224, device='cuda:1'), tensor(0.0223, device='cuda:1'), tensor(0.0220, device='cuda:1'), tensor(0.0214, device='cuda:1'), tensor(0.0211, device='cuda:1'), tensor(0.0222, device='cuda:1'), tensor(0.0223, device='cuda:1'), tensor(0.0229, device='cuda:1'), tensor(0.0214, device='cuda:1'), tensor(0.0212, device='cuda:1'), tensor(0.0212, device='cuda:1'), tensor(0.0224, device='cuda:1'), tensor(0.0209, device='cuda:1'), tensor(0.0224, device='cuda:1'), tensor(0.0211, device='cuda:1'), tensor(0.0227, device='cuda:1')]"
40,"[tensor(0.0221, device='cuda:1'), tensor(0.0212, device='cuda:1'), tensor(0.0225, device='cuda:1'), tensor(0.0220, device='cuda:1'), tensor(0.0211, device='cuda:1'), tensor(0.0218, device='cuda:1'), tensor(0.0214, device='cuda:1'), tensor(0.0217, device='cuda:1'), tensor(0.0221, device='cuda:1'), tensor(0.0227, device='cuda:1'), tensor(0.0226, device='cuda:1'), tensor(0.0226, device='cuda:1'), tensor(0.0219, device='cuda:1'), tensor(0.0216, device='cuda:1'), tensor(0.0218, device='cuda:1'), tensor(0.0208, device='cuda:1'), tensor(0.0220, device='cuda:1'), tensor(0.0217, device='cuda:1'), tensor(0.0216, device='cuda:1'), tensor(0.0222, device='cuda:1'), tensor(0.0225, device='cuda:1'), tensor(0.0224, device='cuda:1'), tensor(0.0225, device='cuda:1'), tensor(0.0223, device='cuda:1'), tensor(0.0207, device='cuda:1'), tensor(0.0221, device='cuda:1'), tensor(0.0216, device='cuda:1'), tensor(0.0220, device='cuda:1'), tensor(0.0225, device='cuda:1'), tensor(0.0220, device='cuda:1'), tensor(0.0223, device='cuda:1'), tensor(0.0225, device='cuda:1'), tensor(0.0222, device='cuda:1'), tensor(0.0223, device='cuda:1'), tensor(0.0226, device='cuda:1'), tensor(0.0216, device='cuda:1'), tensor(0.0221, device='cuda:1'), tensor(0.0209, device='cuda:1'), tensor(0.0227, device='cuda:1'), tensor(0.0224, device='cuda:1'), tensor(0.0224, device='cuda:1'), tensor(0.0228, device='cuda:1'), tensor(0.0221, device='cuda:1'), tensor(0.0219, device='cuda:1'), tensor(0.0224, device='cuda:1'), tensor(0.0223, device='cuda:1'), tensor(0.0220, device='cuda:1'), tensor(0.0221, device='cuda:1'), tensor(0.0217, device='cuda:1'), tensor(0.0215, device='cuda:1'), tensor(0.0219, device='cuda:1'), tensor(0.0223, device='cuda:1'), tensor(0.0224, device='cuda:1'), tensor(0.0228, device='cuda:1'), tensor(0.0222, device='cuda:1'), tensor(0.0225, device='cuda:1'), tensor(0.0214, device='cuda:1'), tensor(0.0227, device='cuda:1'), tensor(0.0210, device='cuda:1'), tensor(0.0215, device='cuda:1'), tensor(0.0221, device='cuda:1'), tensor(0.0209, device='cuda:1'), tensor(0.0222, device='cuda:1'), tensor(0.0222, device='cuda:1'), tensor(0.0218, device='cuda:1'), tensor(0.0218, device='cuda:1'), tensor(0.0222, device='cuda:1'), tensor(0.0213, device='cuda:1'), tensor(0.0216, device='cuda:1'), tensor(0.0225, device='cuda:1'), tensor(0.0218, device='cuda:1'), tensor(0.0203, device='cuda:1'), tensor(0.0211, device='cuda:1'), tensor(0.0228, device='cuda:1'), tensor(0.0215, device='cuda:1'), tensor(0.0225, device='cuda:1'), tensor(0.0215, device='cuda:1'), tensor(0.0219, device='cuda:1'), tensor(0.0210, device='cuda:1'), tensor(0.0219, device='cuda:1'), tensor(0.0222, device='cuda:1'), tensor(0.0220, device='cuda:1'), tensor(0.0220, device='cuda:1'), tensor(0.0207, device='cuda:1'), tensor(0.0212, device='cuda:1'), tensor(0.0226, device='cuda:1'), tensor(0.0219, device='cuda:1'), tensor(0.0212, device='cuda:1'), tensor(0.0208, device='cuda:1'), tensor(0.0221, device='cuda:1'), tensor(0.0224, device='cuda:1'), tensor(0.0228, device='cuda:1'), tensor(0.0224, device='cuda:1'), tensor(0.0216, device='cuda:1'), tensor(0.0212, device='cuda:1'), tensor(0.0226, device='cuda:1'), tensor(0.0211, device='cuda:1'), tensor(0.0219, device='cuda:1'), tensor(0.0224, device='cuda:1'), tensor(0.0228, device='cuda:1')]"
41,"[tensor(0.0223, device='cuda:1'), tensor(0.0217, device='cuda:1'), tensor(0.0223, device='cuda:1'), tensor(0.0213, device='cuda:1'), tensor(0.0222, device='cuda:1'), tensor(0.0224, device='cuda:1'), tensor(0.0211, device='cuda:1'), tensor(0.0224, device='cuda:1'), tensor(0.0208, device='cuda:1'), tensor(0.0221, device='cuda:1'), tensor(0.0224, device='cuda:1'), tensor(0.0223, device='cuda:1'), tensor(0.0219, device='cuda:1'), tensor(0.0214, device='cuda:1'), tensor(0.0223, device='cuda:1'), tensor(0.0217, device='cuda:1'), tensor(0.0221, device='cuda:1'), tensor(0.0219, device='cuda:1'), tensor(0.0218, device='cuda:1'), tensor(0.0213, device='cuda:1'), tensor(0.0216, device='cuda:1'), tensor(0.0221, device='cuda:1'), tensor(0.0223, device='cuda:1'), tensor(0.0225, device='cuda:1'), tensor(0.0225, device='cuda:1'), tensor(0.0210, device='cuda:1'), tensor(0.0216, device='cuda:1'), tensor(0.0213, device='cuda:1'), tensor(0.0226, device='cuda:1'), tensor(0.0221, device='cuda:1'), tensor(0.0215, device='cuda:1'), tensor(0.0222, device='cuda:1'), tensor(0.0212, device='cuda:1'), tensor(0.0218, device='cuda:1'), tensor(0.0218, device='cuda:1'), tensor(0.0210, device='cuda:1'), tensor(0.0214, device='cuda:1'), tensor(0.0215, device='cuda:1'), tensor(0.0225, device='cuda:1'), tensor(0.0227, device='cuda:1'), tensor(0.0216, device='cuda:1'), tensor(0.0226, device='cuda:1'), tensor(0.0225, device='cuda:1'), tensor(0.0220, device='cuda:1'), tensor(0.0226, device='cuda:1'), tensor(0.0215, device='cuda:1'), tensor(0.0210, device='cuda:1'), tensor(0.0225, device='cuda:1'), tensor(0.0223, device='cuda:1'), tensor(0.0208, device='cuda:1'), tensor(0.0224, device='cuda:1'), tensor(0.0219, device='cuda:1'), tensor(0.0215, device='cuda:1'), tensor(0.0228, device='cuda:1'), tensor(0.0225, device='cuda:1'), tensor(0.0223, device='cuda:1'), tensor(0.0210, device='cuda:1'), tensor(0.0224, device='cuda:1'), tensor(0.0211, device='cuda:1'), tensor(0.0218, device='cuda:1'), tensor(0.0212, device='cuda:1'), tensor(0.0211, device='cuda:1'), tensor(0.0226, device='cuda:1'), tensor(0.0224, device='cuda:1'), tensor(0.0208, device='cuda:1'), tensor(0.0211, device='cuda:1'), tensor(0.0225, device='cuda:1'), tensor(0.0207, device='cuda:1'), tensor(0.0211, device='cuda:1'), tensor(0.0225, device='cuda:1'), tensor(0.0220, device='cuda:1'), tensor(0.0208, device='cuda:1'), tensor(0.0212, device='cuda:1'), tensor(0.0225, device='cuda:1'), tensor(0.0213, device='cuda:1'), tensor(0.0227, device='cuda:1'), tensor(0.0213, device='cuda:1'), tensor(0.0211, device='cuda:1'), tensor(0.0205, device='cuda:1'), tensor(0.0223, device='cuda:1'), tensor(0.0224, device='cuda:1'), tensor(0.0223, device='cuda:1'), tensor(0.0213, device='cuda:1'), tensor(0.0213, device='cuda:1'), tensor(0.0224, device='cuda:1'), tensor(0.0223, device='cuda:1'), tensor(0.0220, device='cuda:1'), tensor(0.0214, device='cuda:1'), tensor(0.0211, device='cuda:1'), tensor(0.0224, device='cuda:1'), tensor(0.0223, device='cuda:1'), tensor(0.0229, device='cuda:1'), tensor(0.0214, device='cuda:1'), tensor(0.0211, device='cuda:1'), tensor(0.0211, device='cuda:1'), tensor(0.0224, device='cuda:1'), tensor(0.0209, device='cuda:1'), tensor(0.0223, device='cuda:1'), tensor(0.0211, device='cuda:1'), tensor(0.0226, device='cuda:1')]"
42,"[tensor(0.0220, device='cuda:1'), tensor(0.0212, device='cuda:1'), tensor(0.0225, device='cuda:1'), tensor(0.0220, device='cuda:1'), tensor(0.0212, device='cuda:1'), tensor(0.0218, device='cuda:1'), tensor(0.0214, device='cuda:1'), tensor(0.0217, device='cuda:1'), tensor(0.0221, device='cuda:1'), tensor(0.0226, device='cuda:1'), tensor(0.0226, device='cuda:1'), tensor(0.0226, device='cuda:1'), tensor(0.0219, device='cuda:1'), tensor(0.0216, device='cuda:1'), tensor(0.0217, device='cuda:1'), tensor(0.0208, device='cuda:1'), tensor(0.0220, device='cuda:1'), tensor(0.0217, device='cuda:1'), tensor(0.0216, device='cuda:1'), tensor(0.0222, device='cuda:1'), tensor(0.0225, device='cuda:1'), tensor(0.0224, device='cuda:1'), tensor(0.0225, device='cuda:1'), tensor(0.0223, device='cuda:1'), tensor(0.0208, device='cuda:1'), tensor(0.0222, device='cuda:1'), tensor(0.0215, device='cuda:1'), tensor(0.0220, device='cuda:1'), tensor(0.0224, device='cuda:1'), tensor(0.0220, device='cuda:1'), tensor(0.0223, device='cuda:1'), tensor(0.0225, device='cuda:1'), tensor(0.0222, device='cuda:1'), tensor(0.0222, device='cuda:1'), tensor(0.0226, device='cuda:1'), tensor(0.0217, device='cuda:1'), tensor(0.0221, device='cuda:1'), tensor(0.0209, device='cuda:1'), tensor(0.0227, device='cuda:1'), tensor(0.0223, device='cuda:1'), tensor(0.0224, device='cuda:1'), tensor(0.0228, device='cuda:1'), tensor(0.0222, device='cuda:1'), tensor(0.0219, device='cuda:1'), tensor(0.0223, device='cuda:1'), tensor(0.0223, device='cuda:1'), tensor(0.0220, device='cuda:1'), tensor(0.0220, device='cuda:1'), tensor(0.0216, device='cuda:1'), tensor(0.0214, device='cuda:1'), tensor(0.0219, device='cuda:1'), tensor(0.0222, device='cuda:1'), tensor(0.0224, device='cuda:1'), tensor(0.0228, device='cuda:1'), tensor(0.0222, device='cuda:1'), tensor(0.0225, device='cuda:1'), tensor(0.0214, device='cuda:1'), tensor(0.0227, device='cuda:1'), tensor(0.0210, device='cuda:1'), tensor(0.0215, device='cuda:1'), tensor(0.0221, device='cuda:1'), tensor(0.0211, device='cuda:1'), tensor(0.0222, device='cuda:1'), tensor(0.0222, device='cuda:1'), tensor(0.0218, device='cuda:1'), tensor(0.0219, device='cuda:1'), tensor(0.0222, device='cuda:1'), tensor(0.0213, device='cuda:1'), tensor(0.0216, device='cuda:1'), tensor(0.0225, device='cuda:1'), tensor(0.0218, device='cuda:1'), tensor(0.0201, device='cuda:1'), tensor(0.0211, device='cuda:1'), tensor(0.0227, device='cuda:1'), tensor(0.0215, device='cuda:1'), tensor(0.0225, device='cuda:1'), tensor(0.0215, device='cuda:1'), tensor(0.0219, device='cuda:1'), tensor(0.0210, device='cuda:1'), tensor(0.0218, device='cuda:1'), tensor(0.0221, device='cuda:1'), tensor(0.0220, device='cuda:1'), tensor(0.0221, device='cuda:1'), tensor(0.0207, device='cuda:1'), tensor(0.0212, device='cuda:1'), tensor(0.0226, device='cuda:1'), tensor(0.0219, device='cuda:1'), tensor(0.0212, device='cuda:1'), tensor(0.0208, device='cuda:1'), tensor(0.0222, device='cuda:1'), tensor(0.0224, device='cuda:1'), tensor(0.0228, device='cuda:1'), tensor(0.0223, device='cuda:1'), tensor(0.0215, device='cuda:1'), tensor(0.0212, device='cuda:1'), tensor(0.0226, device='cuda:1'), tensor(0.0211, device='cuda:1'), tensor(0.0219, device='cuda:1'), tensor(0.0223, device='cuda:1'), tensor(0.0228, device='cuda:1')]"
43,"[tensor(0.0223, device='cuda:1'), tensor(0.0218, device='cuda:1'), tensor(0.0223, device='cuda:1'), tensor(0.0213, device='cuda:1'), tensor(0.0223, device='cuda:1'), tensor(0.0224, device='cuda:1'), tensor(0.0211, device='cuda:1'), tensor(0.0224, device='cuda:1'), tensor(0.0208, device='cuda:1'), tensor(0.0221, device='cuda:1'), tensor(0.0224, device='cuda:1'), tensor(0.0223, device='cuda:1'), tensor(0.0219, device='cuda:1'), tensor(0.0214, device='cuda:1'), tensor(0.0222, device='cuda:1'), tensor(0.0218, device='cuda:1'), tensor(0.0221, device='cuda:1'), tensor(0.0221, device='cuda:1'), tensor(0.0217, device='cuda:1'), tensor(0.0213, device='cuda:1'), tensor(0.0216, device='cuda:1'), tensor(0.0221, device='cuda:1'), tensor(0.0223, device='cuda:1'), tensor(0.0225, device='cuda:1'), tensor(0.0225, device='cuda:1'), tensor(0.0210, device='cuda:1'), tensor(0.0216, device='cuda:1'), tensor(0.0212, device='cuda:1'), tensor(0.0226, device='cuda:1'), tensor(0.0221, device='cuda:1'), tensor(0.0215, device='cuda:1'), tensor(0.0221, device='cuda:1'), tensor(0.0212, device='cuda:1'), tensor(0.0218, device='cuda:1'), tensor(0.0218, device='cuda:1'), tensor(0.0211, device='cuda:1'), tensor(0.0213, device='cuda:1'), tensor(0.0215, device='cuda:1'), tensor(0.0225, device='cuda:1'), tensor(0.0227, device='cuda:1'), tensor(0.0216, device='cuda:1'), tensor(0.0226, device='cuda:1'), tensor(0.0225, device='cuda:1'), tensor(0.0220, device='cuda:1'), tensor(0.0226, device='cuda:1'), tensor(0.0214, device='cuda:1'), tensor(0.0209, device='cuda:1'), tensor(0.0225, device='cuda:1'), tensor(0.0223, device='cuda:1'), tensor(0.0208, device='cuda:1'), tensor(0.0224, device='cuda:1'), tensor(0.0218, device='cuda:1'), tensor(0.0214, device='cuda:1'), tensor(0.0228, device='cuda:1'), tensor(0.0225, device='cuda:1'), tensor(0.0222, device='cuda:1'), tensor(0.0211, device='cuda:1'), tensor(0.0224, device='cuda:1'), tensor(0.0210, device='cuda:1'), tensor(0.0220, device='cuda:1'), tensor(0.0212, device='cuda:1'), tensor(0.0211, device='cuda:1'), tensor(0.0226, device='cuda:1'), tensor(0.0224, device='cuda:1'), tensor(0.0209, device='cuda:1'), tensor(0.0211, device='cuda:1'), tensor(0.0225, device='cuda:1'), tensor(0.0207, device='cuda:1'), tensor(0.0211, device='cuda:1'), tensor(0.0224, device='cuda:1'), tensor(0.0221, device='cuda:1'), tensor(0.0207, device='cuda:1'), tensor(0.0212, device='cuda:1'), tensor(0.0225, device='cuda:1'), tensor(0.0213, device='cuda:1'), tensor(0.0227, device='cuda:1'), tensor(0.0213, device='cuda:1'), tensor(0.0212, device='cuda:1'), tensor(0.0205, device='cuda:1'), tensor(0.0223, device='cuda:1'), tensor(0.0224, device='cuda:1'), tensor(0.0223, device='cuda:1'), tensor(0.0214, device='cuda:1'), tensor(0.0213, device='cuda:1'), tensor(0.0224, device='cuda:1'), tensor(0.0223, device='cuda:1'), tensor(0.0220, device='cuda:1'), tensor(0.0213, device='cuda:1'), tensor(0.0212, device='cuda:1'), tensor(0.0224, device='cuda:1'), tensor(0.0222, device='cuda:1'), tensor(0.0229, device='cuda:1'), tensor(0.0214, device='cuda:1'), tensor(0.0210, device='cuda:1'), tensor(0.0211, device='cuda:1'), tensor(0.0223, device='cuda:1'), tensor(0.0209, device='cuda:1'), tensor(0.0223, device='cuda:1'), tensor(0.0212, device='cuda:1'), tensor(0.0226, device='cuda:1')]"
44,"[tensor(0.0220, device='cuda:1'), tensor(0.0212, device='cuda:1'), tensor(0.0225, device='cuda:1'), tensor(0.0220, device='cuda:1'), tensor(0.0212, device='cuda:1'), tensor(0.0217, device='cuda:1'), tensor(0.0213, device='cuda:1'), tensor(0.0217, device='cuda:1'), tensor(0.0221, device='cuda:1'), tensor(0.0226, device='cuda:1'), tensor(0.0226, device='cuda:1'), tensor(0.0226, device='cuda:1'), tensor(0.0219, device='cuda:1'), tensor(0.0217, device='cuda:1'), tensor(0.0217, device='cuda:1'), tensor(0.0209, device='cuda:1'), tensor(0.0220, device='cuda:1'), tensor(0.0218, device='cuda:1'), tensor(0.0215, device='cuda:1'), tensor(0.0222, device='cuda:1'), tensor(0.0225, device='cuda:1'), tensor(0.0225, device='cuda:1'), tensor(0.0225, device='cuda:1'), tensor(0.0222, device='cuda:1'), tensor(0.0209, device='cuda:1'), tensor(0.0222, device='cuda:1'), tensor(0.0215, device='cuda:1'), tensor(0.0220, device='cuda:1'), tensor(0.0224, device='cuda:1'), tensor(0.0220, device='cuda:1'), tensor(0.0223, device='cuda:1'), tensor(0.0225, device='cuda:1'), tensor(0.0223, device='cuda:1'), tensor(0.0222, device='cuda:1'), tensor(0.0226, device='cuda:1'), tensor(0.0217, device='cuda:1'), tensor(0.0221, device='cuda:1'), tensor(0.0209, device='cuda:1'), tensor(0.0227, device='cuda:1'), tensor(0.0223, device='cuda:1'), tensor(0.0224, device='cuda:1'), tensor(0.0228, device='cuda:1'), tensor(0.0223, device='cuda:1'), tensor(0.0218, device='cuda:1'), tensor(0.0223, device='cuda:1'), tensor(0.0224, device='cuda:1'), tensor(0.0220, device='cuda:1'), tensor(0.0220, device='cuda:1'), tensor(0.0216, device='cuda:1'), tensor(0.0214, device='cuda:1'), tensor(0.0218, device='cuda:1'), tensor(0.0222, device='cuda:1'), tensor(0.0224, device='cuda:1'), tensor(0.0228, device='cuda:1'), tensor(0.0222, device='cuda:1'), tensor(0.0225, device='cuda:1'), tensor(0.0214, device='cuda:1'), tensor(0.0226, device='cuda:1'), tensor(0.0211, device='cuda:1'), tensor(0.0215, device='cuda:1'), tensor(0.0220, device='cuda:1'), tensor(0.0212, device='cuda:1'), tensor(0.0221, device='cuda:1'), tensor(0.0221, device='cuda:1'), tensor(0.0218, device='cuda:1'), tensor(0.0220, device='cuda:1'), tensor(0.0222, device='cuda:1'), tensor(0.0213, device='cuda:1'), tensor(0.0216, device='cuda:1'), tensor(0.0224, device='cuda:1'), tensor(0.0218, device='cuda:1'), tensor(0.0201, device='cuda:1'), tensor(0.0210, device='cuda:1'), tensor(0.0227, device='cuda:1'), tensor(0.0215, device='cuda:1'), tensor(0.0225, device='cuda:1'), tensor(0.0215, device='cuda:1'), tensor(0.0220, device='cuda:1'), tensor(0.0211, device='cuda:1'), tensor(0.0218, device='cuda:1'), tensor(0.0221, device='cuda:1'), tensor(0.0220, device='cuda:1'), tensor(0.0221, device='cuda:1'), tensor(0.0207, device='cuda:1'), tensor(0.0211, device='cuda:1'), tensor(0.0225, device='cuda:1'), tensor(0.0219, device='cuda:1'), tensor(0.0212, device='cuda:1'), tensor(0.0208, device='cuda:1'), tensor(0.0222, device='cuda:1'), tensor(0.0224, device='cuda:1'), tensor(0.0228, device='cuda:1'), tensor(0.0223, device='cuda:1'), tensor(0.0215, device='cuda:1'), tensor(0.0212, device='cuda:1'), tensor(0.0226, device='cuda:1'), tensor(0.0211, device='cuda:1'), tensor(0.0219, device='cuda:1'), tensor(0.0224, device='cuda:1'), tensor(0.0228, device='cuda:1')]"
45,"[tensor(0.0223, device='cuda:1'), tensor(0.0218, device='cuda:1'), tensor(0.0222, device='cuda:1'), tensor(0.0212, device='cuda:1'), tensor(0.0223, device='cuda:1'), tensor(0.0224, device='cuda:1'), tensor(0.0210, device='cuda:1'), tensor(0.0224, device='cuda:1'), tensor(0.0208, device='cuda:1'), tensor(0.0221, device='cuda:1'), tensor(0.0224, device='cuda:1'), tensor(0.0223, device='cuda:1'), tensor(0.0219, device='cuda:1'), tensor(0.0214, device='cuda:1'), tensor(0.0222, device='cuda:1'), tensor(0.0218, device='cuda:1'), tensor(0.0221, device='cuda:1'), tensor(0.0221, device='cuda:1'), tensor(0.0217, device='cuda:1'), tensor(0.0213, device='cuda:1'), tensor(0.0216, device='cuda:1'), tensor(0.0222, device='cuda:1'), tensor(0.0223, device='cuda:1'), tensor(0.0225, device='cuda:1'), tensor(0.0225, device='cuda:1'), tensor(0.0210, device='cuda:1'), tensor(0.0215, device='cuda:1'), tensor(0.0212, device='cuda:1'), tensor(0.0226, device='cuda:1'), tensor(0.0220, device='cuda:1'), tensor(0.0215, device='cuda:1'), tensor(0.0221, device='cuda:1'), tensor(0.0212, device='cuda:1'), tensor(0.0219, device='cuda:1'), tensor(0.0217, device='cuda:1'), tensor(0.0211, device='cuda:1'), tensor(0.0213, device='cuda:1'), tensor(0.0215, device='cuda:1'), tensor(0.0225, device='cuda:1'), tensor(0.0227, device='cuda:1'), tensor(0.0215, device='cuda:1'), tensor(0.0226, device='cuda:1'), tensor(0.0226, device='cuda:1'), tensor(0.0220, device='cuda:1'), tensor(0.0226, device='cuda:1'), tensor(0.0215, device='cuda:1'), tensor(0.0209, device='cuda:1'), tensor(0.0225, device='cuda:1'), tensor(0.0222, device='cuda:1'), tensor(0.0207, device='cuda:1'), tensor(0.0224, device='cuda:1'), tensor(0.0218, device='cuda:1'), tensor(0.0214, device='cuda:1'), tensor(0.0228, device='cuda:1'), tensor(0.0225, device='cuda:1'), tensor(0.0222, device='cuda:1'), tensor(0.0211, device='cuda:1'), tensor(0.0224, device='cuda:1'), tensor(0.0210, device='cuda:1'), tensor(0.0218, device='cuda:1'), tensor(0.0212, device='cuda:1'), tensor(0.0212, device='cuda:1'), tensor(0.0225, device='cuda:1'), tensor(0.0221, device='cuda:1'), tensor(0.0209, device='cuda:1'), tensor(0.0211, device='cuda:1'), tensor(0.0225, device='cuda:1'), tensor(0.0207, device='cuda:1'), tensor(0.0211, device='cuda:1'), tensor(0.0224, device='cuda:1'), tensor(0.0220, device='cuda:1'), tensor(0.0203, device='cuda:1'), tensor(0.0214, device='cuda:1'), tensor(0.0224, device='cuda:1'), tensor(0.0213, device='cuda:1'), tensor(0.0227, device='cuda:1'), tensor(0.0213, device='cuda:1'), tensor(0.0212, device='cuda:1'), tensor(0.0205, device='cuda:1'), tensor(0.0223, device='cuda:1'), tensor(0.0224, device='cuda:1'), tensor(0.0223, device='cuda:1'), tensor(0.0214, device='cuda:1'), tensor(0.0212, device='cuda:1'), tensor(0.0224, device='cuda:1'), tensor(0.0222, device='cuda:1'), tensor(0.0220, device='cuda:1'), tensor(0.0213, device='cuda:1'), tensor(0.0213, device='cuda:1'), tensor(0.0223, device='cuda:1'), tensor(0.0222, device='cuda:1'), tensor(0.0229, device='cuda:1'), tensor(0.0213, device='cuda:1'), tensor(0.0210, device='cuda:1'), tensor(0.0211, device='cuda:1'), tensor(0.0223, device='cuda:1'), tensor(0.0210, device='cuda:1'), tensor(0.0223, device='cuda:1'), tensor(0.0212, device='cuda:1'), tensor(0.0226, device='cuda:1')]"
46,"[tensor(0.0220, device='cuda:1'), tensor(0.0211, device='cuda:1'), tensor(0.0224, device='cuda:1'), tensor(0.0221, device='cuda:1'), tensor(0.0212, device='cuda:1'), tensor(0.0217, device='cuda:1'), tensor(0.0213, device='cuda:1'), tensor(0.0217, device='cuda:1'), tensor(0.0221, device='cuda:1'), tensor(0.0226, device='cuda:1'), tensor(0.0226, device='cuda:1'), tensor(0.0226, device='cuda:1'), tensor(0.0219, device='cuda:1'), tensor(0.0218, device='cuda:1'), tensor(0.0217, device='cuda:1'), tensor(0.0208, device='cuda:1'), tensor(0.0220, device='cuda:1'), tensor(0.0217, device='cuda:1'), tensor(0.0215, device='cuda:1'), tensor(0.0222, device='cuda:1'), tensor(0.0224, device='cuda:1'), tensor(0.0225, device='cuda:1'), tensor(0.0225, device='cuda:1'), tensor(0.0222, device='cuda:1'), tensor(0.0209, device='cuda:1'), tensor(0.0222, device='cuda:1'), tensor(0.0215, device='cuda:1'), tensor(0.0221, device='cuda:1'), tensor(0.0224, device='cuda:1'), tensor(0.0220, device='cuda:1'), tensor(0.0223, device='cuda:1'), tensor(0.0225, device='cuda:1'), tensor(0.0223, device='cuda:1'), tensor(0.0222, device='cuda:1'), tensor(0.0226, device='cuda:1'), tensor(0.0220, device='cuda:1'), tensor(0.0221, device='cuda:1'), tensor(0.0209, device='cuda:1'), tensor(0.0226, device='cuda:1'), tensor(0.0223, device='cuda:1'), tensor(0.0224, device='cuda:1'), tensor(0.0228, device='cuda:1'), tensor(0.0223, device='cuda:1'), tensor(0.0218, device='cuda:1'), tensor(0.0223, device='cuda:1'), tensor(0.0224, device='cuda:1'), tensor(0.0220, device='cuda:1'), tensor(0.0220, device='cuda:1'), tensor(0.0216, device='cuda:1'), tensor(0.0213, device='cuda:1'), tensor(0.0218, device='cuda:1'), tensor(0.0222, device='cuda:1'), tensor(0.0224, device='cuda:1'), tensor(0.0228, device='cuda:1'), tensor(0.0222, device='cuda:1'), tensor(0.0225, device='cuda:1'), tensor(0.0214, device='cuda:1'), tensor(0.0226, device='cuda:1'), tensor(0.0210, device='cuda:1'), tensor(0.0215, device='cuda:1'), tensor(0.0221, device='cuda:1'), tensor(0.0213, device='cuda:1'), tensor(0.0221, device='cuda:1'), tensor(0.0224, device='cuda:1'), tensor(0.0218, device='cuda:1'), tensor(0.0220, device='cuda:1'), tensor(0.0222, device='cuda:1'), tensor(0.0212, device='cuda:1'), tensor(0.0217, device='cuda:1'), tensor(0.0224, device='cuda:1'), tensor(0.0218, device='cuda:1'), tensor(0.0200, device='cuda:1'), tensor(0.0211, device='cuda:1'), tensor(0.0227, device='cuda:1'), tensor(0.0216, device='cuda:1'), tensor(0.0226, device='cuda:1'), tensor(0.0215, device='cuda:1'), tensor(0.0220, device='cuda:1'), tensor(0.0213, device='cuda:1'), tensor(0.0216, device='cuda:1'), tensor(0.0220, device='cuda:1'), tensor(0.0221, device='cuda:1'), tensor(0.0221, device='cuda:1'), tensor(0.0207, device='cuda:1'), tensor(0.0211, device='cuda:1'), tensor(0.0225, device='cuda:1'), tensor(0.0219, device='cuda:1'), tensor(0.0212, device='cuda:1'), tensor(0.0207, device='cuda:1'), tensor(0.0222, device='cuda:1'), tensor(0.0225, device='cuda:1'), tensor(0.0228, device='cuda:1'), tensor(0.0223, device='cuda:1'), tensor(0.0215, device='cuda:1'), tensor(0.0212, device='cuda:1'), tensor(0.0226, device='cuda:1'), tensor(0.0210, device='cuda:1'), tensor(0.0219, device='cuda:1'), tensor(0.0224, device='cuda:1'), tensor(0.0228, device='cuda:1')]"
47,"[tensor(0.0223, device='cuda:1'), tensor(0.0219, device='cuda:1'), tensor(0.0222, device='cuda:1'), tensor(0.0212, device='cuda:1'), tensor(0.0223, device='cuda:1'), tensor(0.0224, device='cuda:1'), tensor(0.0210, device='cuda:1'), tensor(0.0224, device='cuda:1'), tensor(0.0207, device='cuda:1'), tensor(0.0221, device='cuda:1'), tensor(0.0224, device='cuda:1'), tensor(0.0223, device='cuda:1'), tensor(0.0219, device='cuda:1'), tensor(0.0214, device='cuda:1'), tensor(0.0222, device='cuda:1'), tensor(0.0219, device='cuda:1'), tensor(0.0221, device='cuda:1'), tensor(0.0221, device='cuda:1'), tensor(0.0217, device='cuda:1'), tensor(0.0213, device='cuda:1'), tensor(0.0216, device='cuda:1'), tensor(0.0222, device='cuda:1'), tensor(0.0223, device='cuda:1'), tensor(0.0225, device='cuda:1'), tensor(0.0225, device='cuda:1'), tensor(0.0210, device='cuda:1'), tensor(0.0215, device='cuda:1'), tensor(0.0212, device='cuda:1'), tensor(0.0226, device='cuda:1'), tensor(0.0220, device='cuda:1'), tensor(0.0214, device='cuda:1'), tensor(0.0221, device='cuda:1'), tensor(0.0212, device='cuda:1'), tensor(0.0219, device='cuda:1'), tensor(0.0217, device='cuda:1'), tensor(0.0212, device='cuda:1'), tensor(0.0213, device='cuda:1'), tensor(0.0214, device='cuda:1'), tensor(0.0226, device='cuda:1'), tensor(0.0226, device='cuda:1'), tensor(0.0215, device='cuda:1'), tensor(0.0226, device='cuda:1'), tensor(0.0226, device='cuda:1'), tensor(0.0219, device='cuda:1'), tensor(0.0225, device='cuda:1'), tensor(0.0214, device='cuda:1'), tensor(0.0209, device='cuda:1'), tensor(0.0225, device='cuda:1'), tensor(0.0222, device='cuda:1'), tensor(0.0207, device='cuda:1'), tensor(0.0223, device='cuda:1'), tensor(0.0217, device='cuda:1'), tensor(0.0214, device='cuda:1'), tensor(0.0228, device='cuda:1'), tensor(0.0225, device='cuda:1'), tensor(0.0222, device='cuda:1'), tensor(0.0212, device='cuda:1'), tensor(0.0223, device='cuda:1'), tensor(0.0210, device='cuda:1'), tensor(0.0218, device='cuda:1'), tensor(0.0212, device='cuda:1'), tensor(0.0212, device='cuda:1'), tensor(0.0225, device='cuda:1'), tensor(0.0221, device='cuda:1'), tensor(0.0209, device='cuda:1'), tensor(0.0211, device='cuda:1'), tensor(0.0225, device='cuda:1'), tensor(0.0207, device='cuda:1'), tensor(0.0211, device='cuda:1'), tensor(0.0224, device='cuda:1'), tensor(0.0220, device='cuda:1'), tensor(0.0204, device='cuda:1'), tensor(0.0215, device='cuda:1'), tensor(0.0224, device='cuda:1'), tensor(0.0213, device='cuda:1'), tensor(0.0227, device='cuda:1'), tensor(0.0217, device='cuda:1'), tensor(0.0212, device='cuda:1'), tensor(0.0205, device='cuda:1'), tensor(0.0223, device='cuda:1'), tensor(0.0225, device='cuda:1'), tensor(0.0223, device='cuda:1'), tensor(0.0214, device='cuda:1'), tensor(0.0212, device='cuda:1'), tensor(0.0224, device='cuda:1'), tensor(0.0223, device='cuda:1'), tensor(0.0219, device='cuda:1'), tensor(0.0213, device='cuda:1'), tensor(0.0213, device='cuda:1'), tensor(0.0224, device='cuda:1'), tensor(0.0222, device='cuda:1'), tensor(0.0228, device='cuda:1'), tensor(0.0213, device='cuda:1'), tensor(0.0210, device='cuda:1'), tensor(0.0211, device='cuda:1'), tensor(0.0223, device='cuda:1'), tensor(0.0209, device='cuda:1'), tensor(0.0223, device='cuda:1'), tensor(0.0212, device='cuda:1'), tensor(0.0226, device='cuda:1')]"
48,"[tensor(0.0220, device='cuda:1'), tensor(0.0211, device='cuda:1'), tensor(0.0224, device='cuda:1'), tensor(0.0221, device='cuda:1'), tensor(0.0213, device='cuda:1'), tensor(0.0217, device='cuda:1'), tensor(0.0213, device='cuda:1'), tensor(0.0217, device='cuda:1'), tensor(0.0221, device='cuda:1'), tensor(0.0226, device='cuda:1'), tensor(0.0226, device='cuda:1'), tensor(0.0226, device='cuda:1'), tensor(0.0219, device='cuda:1'), tensor(0.0218, device='cuda:1'), tensor(0.0217, device='cuda:1'), tensor(0.0208, device='cuda:1'), tensor(0.0220, device='cuda:1'), tensor(0.0217, device='cuda:1'), tensor(0.0215, device='cuda:1'), tensor(0.0222, device='cuda:1'), tensor(0.0224, device='cuda:1'), tensor(0.0225, device='cuda:1'), tensor(0.0225, device='cuda:1'), tensor(0.0222, device='cuda:1'), tensor(0.0209, device='cuda:1'), tensor(0.0222, device='cuda:1'), tensor(0.0215, device='cuda:1'), tensor(0.0220, device='cuda:1'), tensor(0.0223, device='cuda:1'), tensor(0.0220, device='cuda:1'), tensor(0.0223, device='cuda:1'), tensor(0.0225, device='cuda:1'), tensor(0.0223, device='cuda:1'), tensor(0.0223, device='cuda:1'), tensor(0.0226, device='cuda:1'), tensor(0.0221, device='cuda:1'), tensor(0.0221, device='cuda:1'), tensor(0.0209, device='cuda:1'), tensor(0.0226, device='cuda:1'), tensor(0.0223, device='cuda:1'), tensor(0.0224, device='cuda:1'), tensor(0.0228, device='cuda:1'), tensor(0.0224, device='cuda:1'), tensor(0.0218, device='cuda:1'), tensor(0.0223, device='cuda:1'), tensor(0.0224, device='cuda:1'), tensor(0.0221, device='cuda:1'), tensor(0.0220, device='cuda:1'), tensor(0.0215, device='cuda:1'), tensor(0.0213, device='cuda:1'), tensor(0.0217, device='cuda:1'), tensor(0.0222, device='cuda:1'), tensor(0.0224, device='cuda:1'), tensor(0.0228, device='cuda:1'), tensor(0.0222, device='cuda:1'), tensor(0.0225, device='cuda:1'), tensor(0.0214, device='cuda:1'), tensor(0.0226, device='cuda:1'), tensor(0.0210, device='cuda:1'), tensor(0.0214, device='cuda:1'), tensor(0.0220, device='cuda:1'), tensor(0.0214, device='cuda:1'), tensor(0.0221, device='cuda:1'), tensor(0.0224, device='cuda:1'), tensor(0.0218, device='cuda:1'), tensor(0.0220, device='cuda:1'), tensor(0.0222, device='cuda:1'), tensor(0.0212, device='cuda:1'), tensor(0.0217, device='cuda:1'), tensor(0.0224, device='cuda:1'), tensor(0.0218, device='cuda:1'), tensor(0.0200, device='cuda:1'), tensor(0.0211, device='cuda:1'), tensor(0.0227, device='cuda:1'), tensor(0.0216, device='cuda:1'), tensor(0.0226, device='cuda:1'), tensor(0.0217, device='cuda:1'), tensor(0.0221, device='cuda:1'), tensor(0.0213, device='cuda:1'), tensor(0.0216, device='cuda:1'), tensor(0.0220, device='cuda:1'), tensor(0.0221, device='cuda:1'), tensor(0.0222, device='cuda:1'), tensor(0.0207, device='cuda:1'), tensor(0.0211, device='cuda:1'), tensor(0.0225, device='cuda:1'), tensor(0.0219, device='cuda:1'), tensor(0.0212, device='cuda:1'), tensor(0.0207, device='cuda:1'), tensor(0.0222, device='cuda:1'), tensor(0.0225, device='cuda:1'), tensor(0.0228, device='cuda:1'), tensor(0.0224, device='cuda:1'), tensor(0.0215, device='cuda:1'), tensor(0.0213, device='cuda:1'), tensor(0.0226, device='cuda:1'), tensor(0.0210, device='cuda:1'), tensor(0.0220, device='cuda:1'), tensor(0.0224, device='cuda:1'), tensor(0.0228, device='cuda:1')]"
49,"[tensor(0.0222, device='cuda:1'), tensor(0.0219, device='cuda:1'), tensor(0.0222, device='cuda:1'), tensor(0.0212, device='cuda:1'), tensor(0.0223, device='cuda:1'), tensor(0.0224, device='cuda:1'), tensor(0.0210, device='cuda:1'), tensor(0.0224, device='cuda:1'), tensor(0.0207, device='cuda:1'), tensor(0.0222, device='cuda:1'), tensor(0.0224, device='cuda:1'), tensor(0.0223, device='cuda:1'), tensor(0.0219, device='cuda:1'), tensor(0.0214, device='cuda:1'), tensor(0.0222, device='cuda:1'), tensor(0.0220, device='cuda:1'), tensor(0.0221, device='cuda:1'), tensor(0.0221, device='cuda:1'), tensor(0.0217, device='cuda:1'), tensor(0.0213, device='cuda:1'), tensor(0.0216, device='cuda:1'), tensor(0.0222, device='cuda:1'), tensor(0.0223, device='cuda:1'), tensor(0.0225, device='cuda:1'), tensor(0.0225, device='cuda:1'), tensor(0.0210, device='cuda:1'), tensor(0.0215, device='cuda:1'), tensor(0.0212, device='cuda:1'), tensor(0.0226, device='cuda:1'), tensor(0.0220, device='cuda:1'), tensor(0.0214, device='cuda:1'), tensor(0.0221, device='cuda:1'), tensor(0.0212, device='cuda:1'), tensor(0.0219, device='cuda:1'), tensor(0.0217, device='cuda:1'), tensor(0.0213, device='cuda:1'), tensor(0.0213, device='cuda:1'), tensor(0.0214, device='cuda:1'), tensor(0.0226, device='cuda:1'), tensor(0.0226, device='cuda:1'), tensor(0.0215, device='cuda:1'), tensor(0.0226, device='cuda:1'), tensor(0.0227, device='cuda:1'), tensor(0.0219, device='cuda:1'), tensor(0.0225, device='cuda:1'), tensor(0.0214, device='cuda:1'), tensor(0.0209, device='cuda:1'), tensor(0.0225, device='cuda:1'), tensor(0.0222, device='cuda:1'), tensor(0.0206, device='cuda:1'), tensor(0.0223, device='cuda:1'), tensor(0.0217, device='cuda:1'), tensor(0.0214, device='cuda:1'), tensor(0.0228, device='cuda:1'), tensor(0.0225, device='cuda:1'), tensor(0.0222, device='cuda:1'), tensor(0.0212, device='cuda:1'), tensor(0.0223, device='cuda:1'), tensor(0.0210, device='cuda:1'), tensor(0.0219, device='cuda:1'), tensor(0.0212, device='cuda:1'), tensor(0.0212, device='cuda:1'), tensor(0.0225, device='cuda:1'), tensor(0.0221, device='cuda:1'), tensor(0.0209, device='cuda:1'), tensor(0.0211, device='cuda:1'), tensor(0.0225, device='cuda:1'), tensor(0.0207, device='cuda:1'), tensor(0.0211, device='cuda:1'), tensor(0.0224, device='cuda:1'), tensor(0.0221, device='cuda:1'), tensor(0.0202, device='cuda:1'), tensor(0.0216, device='cuda:1'), tensor(0.0224, device='cuda:1'), tensor(0.0213, device='cuda:1'), tensor(0.0228, device='cuda:1'), tensor(0.0220, device='cuda:1'), tensor(0.0212, device='cuda:1'), tensor(0.0205, device='cuda:1'), tensor(0.0223, device='cuda:1'), tensor(0.0225, device='cuda:1'), tensor(0.0223, device='cuda:1'), tensor(0.0214, device='cuda:1'), tensor(0.0212, device='cuda:1'), tensor(0.0224, device='cuda:1'), tensor(0.0222, device='cuda:1'), tensor(0.0219, device='cuda:1'), tensor(0.0213, device='cuda:1'), tensor(0.0214, device='cuda:1'), tensor(0.0223, device='cuda:1'), tensor(0.0222, device='cuda:1'), tensor(0.0228, device='cuda:1'), tensor(0.0213, device='cuda:1'), tensor(0.0210, device='cuda:1'), tensor(0.0211, device='cuda:1'), tensor(0.0223, device='cuda:1'), tensor(0.0209, device='cuda:1'), tensor(0.0224, device='cuda:1'), tensor(0.0212, device='cuda:1'), tensor(0.0226, device='cuda:1')]"
50,"[tensor(0.0220, device='cuda:1'), tensor(0.0211, device='cuda:1'), tensor(0.0224, device='cuda:1'), tensor(0.0221, device='cuda:1'), tensor(0.0213, device='cuda:1'), tensor(0.0216, device='cuda:1'), tensor(0.0213, device='cuda:1'), tensor(0.0217, device='cuda:1'), tensor(0.0222, device='cuda:1'), tensor(0.0227, device='cuda:1'), tensor(0.0226, device='cuda:1'), tensor(0.0225, device='cuda:1'), tensor(0.0218, device='cuda:1'), tensor(0.0219, device='cuda:1'), tensor(0.0216, device='cuda:1'), tensor(0.0209, device='cuda:1'), tensor(0.0220, device='cuda:1'), tensor(0.0217, device='cuda:1'), tensor(0.0215, device='cuda:1'), tensor(0.0222, device='cuda:1'), tensor(0.0225, device='cuda:1'), tensor(0.0225, device='cuda:1'), tensor(0.0226, device='cuda:1'), tensor(0.0222, device='cuda:1'), tensor(0.0210, device='cuda:1'), tensor(0.0222, device='cuda:1'), tensor(0.0215, device='cuda:1'), tensor(0.0221, device='cuda:1'), tensor(0.0223, device='cuda:1'), tensor(0.0220, device='cuda:1'), tensor(0.0223, device='cuda:1'), tensor(0.0225, device='cuda:1'), tensor(0.0223, device='cuda:1'), tensor(0.0225, device='cuda:1'), tensor(0.0226, device='cuda:1'), tensor(0.0222, device='cuda:1'), tensor(0.0222, device='cuda:1'), tensor(0.0209, device='cuda:1'), tensor(0.0226, device='cuda:1'), tensor(0.0223, device='cuda:1'), tensor(0.0224, device='cuda:1'), tensor(0.0228, device='cuda:1'), tensor(0.0224, device='cuda:1'), tensor(0.0218, device='cuda:1'), tensor(0.0223, device='cuda:1'), tensor(0.0224, device='cuda:1'), tensor(0.0221, device='cuda:1'), tensor(0.0220, device='cuda:1'), tensor(0.0215, device='cuda:1'), tensor(0.0212, device='cuda:1'), tensor(0.0217, device='cuda:1'), tensor(0.0222, device='cuda:1'), tensor(0.0224, device='cuda:1'), tensor(0.0228, device='cuda:1'), tensor(0.0221, device='cuda:1'), tensor(0.0225, device='cuda:1'), tensor(0.0214, device='cuda:1'), tensor(0.0226, device='cuda:1'), tensor(0.0210, device='cuda:1'), tensor(0.0214, device='cuda:1'), tensor(0.0221, device='cuda:1'), tensor(0.0215, device='cuda:1'), tensor(0.0221, device='cuda:1'), tensor(0.0224, device='cuda:1'), tensor(0.0219, device='cuda:1'), tensor(0.0221, device='cuda:1'), tensor(0.0222, device='cuda:1'), tensor(0.0213, device='cuda:1'), tensor(0.0218, device='cuda:1'), tensor(0.0224, device='cuda:1'), tensor(0.0217, device='cuda:1'), tensor(0.0200, device='cuda:1'), tensor(0.0211, device='cuda:1'), tensor(0.0227, device='cuda:1'), tensor(0.0217, device='cuda:1'), tensor(0.0226, device='cuda:1'), tensor(0.0218, device='cuda:1'), tensor(0.0221, device='cuda:1'), tensor(0.0213, device='cuda:1'), tensor(0.0216, device='cuda:1'), tensor(0.0220, device='cuda:1'), tensor(0.0221, device='cuda:1'), tensor(0.0222, device='cuda:1'), tensor(0.0207, device='cuda:1'), tensor(0.0211, device='cuda:1'), tensor(0.0225, device='cuda:1'), tensor(0.0220, device='cuda:1'), tensor(0.0212, device='cuda:1'), tensor(0.0207, device='cuda:1'), tensor(0.0222, device='cuda:1'), tensor(0.0225, device='cuda:1'), tensor(0.0228, device='cuda:1'), tensor(0.0224, device='cuda:1'), tensor(0.0215, device='cuda:1'), tensor(0.0213, device='cuda:1'), tensor(0.0226, device='cuda:1'), tensor(0.0210, device='cuda:1'), tensor(0.0220, device='cuda:1'), tensor(0.0224, device='cuda:1'), tensor(0.0228, device='cuda:1')]"
51,"[tensor(0.0223, device='cuda:1'), tensor(0.0219, device='cuda:1'), tensor(0.0221, device='cuda:1'), tensor(0.0212, device='cuda:1'), tensor(0.0224, device='cuda:1'), tensor(0.0224, device='cuda:1'), tensor(0.0209, device='cuda:1'), tensor(0.0224, device='cuda:1'), tensor(0.0207, device='cuda:1'), tensor(0.0222, device='cuda:1'), tensor(0.0224, device='cuda:1'), tensor(0.0222, device='cuda:1'), tensor(0.0218, device='cuda:1'), tensor(0.0214, device='cuda:1'), tensor(0.0222, device='cuda:1'), tensor(0.0221, device='cuda:1'), tensor(0.0220, device='cuda:1'), tensor(0.0221, device='cuda:1'), tensor(0.0217, device='cuda:1'), tensor(0.0213, device='cuda:1'), tensor(0.0216, device='cuda:1'), tensor(0.0222, device='cuda:1'), tensor(0.0224, device='cuda:1'), tensor(0.0225, device='cuda:1'), tensor(0.0225, device='cuda:1'), tensor(0.0211, device='cuda:1'), tensor(0.0215, device='cuda:1'), tensor(0.0212, device='cuda:1'), tensor(0.0226, device='cuda:1'), tensor(0.0220, device='cuda:1'), tensor(0.0214, device='cuda:1'), tensor(0.0221, device='cuda:1'), tensor(0.0212, device='cuda:1'), tensor(0.0219, device='cuda:1'), tensor(0.0217, device='cuda:1'), tensor(0.0213, device='cuda:1'), tensor(0.0214, device='cuda:1'), tensor(0.0214, device='cuda:1'), tensor(0.0226, device='cuda:1'), tensor(0.0226, device='cuda:1'), tensor(0.0215, device='cuda:1'), tensor(0.0226, device='cuda:1'), tensor(0.0227, device='cuda:1'), tensor(0.0218, device='cuda:1'), tensor(0.0225, device='cuda:1'), tensor(0.0214, device='cuda:1'), tensor(0.0209, device='cuda:1'), tensor(0.0225, device='cuda:1'), tensor(0.0222, device='cuda:1'), tensor(0.0206, device='cuda:1'), tensor(0.0223, device='cuda:1'), tensor(0.0217, device='cuda:1'), tensor(0.0214, device='cuda:1'), tensor(0.0228, device='cuda:1'), tensor(0.0225, device='cuda:1'), tensor(0.0222, device='cuda:1'), tensor(0.0213, device='cuda:1'), tensor(0.0223, device='cuda:1'), tensor(0.0209, device='cuda:1'), tensor(0.0218, device='cuda:1'), tensor(0.0212, device='cuda:1'), tensor(0.0212, device='cuda:1'), tensor(0.0225, device='cuda:1'), tensor(0.0221, device='cuda:1'), tensor(0.0210, device='cuda:1'), tensor(0.0212, device='cuda:1'), tensor(0.0225, device='cuda:1'), tensor(0.0207, device='cuda:1'), tensor(0.0212, device='cuda:1'), tensor(0.0224, device='cuda:1'), tensor(0.0221, device='cuda:1'), tensor(0.0201, device='cuda:1'), tensor(0.0216, device='cuda:1'), tensor(0.0224, device='cuda:1'), tensor(0.0213, device='cuda:1'), tensor(0.0228, device='cuda:1'), tensor(0.0221, device='cuda:1'), tensor(0.0213, device='cuda:1'), tensor(0.0205, device='cuda:1'), tensor(0.0224, device='cuda:1'), tensor(0.0224, device='cuda:1'), tensor(0.0223, device='cuda:1'), tensor(0.0214, device='cuda:1'), tensor(0.0212, device='cuda:1'), tensor(0.0224, device='cuda:1'), tensor(0.0222, device='cuda:1'), tensor(0.0220, device='cuda:1'), tensor(0.0214, device='cuda:1'), tensor(0.0214, device='cuda:1'), tensor(0.0224, device='cuda:1'), tensor(0.0223, device='cuda:1'), tensor(0.0229, device='cuda:1'), tensor(0.0213, device='cuda:1'), tensor(0.0210, device='cuda:1'), tensor(0.0211, device='cuda:1'), tensor(0.0223, device='cuda:1'), tensor(0.0209, device='cuda:1'), tensor(0.0225, device='cuda:1'), tensor(0.0212, device='cuda:1'), tensor(0.0225, device='cuda:1')]"
52,"[tensor(0.0220, device='cuda:1'), tensor(0.0211, device='cuda:1'), tensor(0.0224, device='cuda:1'), tensor(0.0222, device='cuda:1'), tensor(0.0213, device='cuda:1'), tensor(0.0216, device='cuda:1'), tensor(0.0213, device='cuda:1'), tensor(0.0217, device='cuda:1'), tensor(0.0222, device='cuda:1'), tensor(0.0227, device='cuda:1'), tensor(0.0226, device='cuda:1'), tensor(0.0225, device='cuda:1'), tensor(0.0218, device='cuda:1'), tensor(0.0218, device='cuda:1'), tensor(0.0216, device='cuda:1'), tensor(0.0209, device='cuda:1'), tensor(0.0220, device='cuda:1'), tensor(0.0217, device='cuda:1'), tensor(0.0215, device='cuda:1'), tensor(0.0222, device='cuda:1'), tensor(0.0225, device='cuda:1'), tensor(0.0226, device='cuda:1'), tensor(0.0226, device='cuda:1'), tensor(0.0222, device='cuda:1'), tensor(0.0210, device='cuda:1'), tensor(0.0223, device='cuda:1'), tensor(0.0215, device='cuda:1'), tensor(0.0221, device='cuda:1'), tensor(0.0223, device='cuda:1'), tensor(0.0220, device='cuda:1'), tensor(0.0223, device='cuda:1'), tensor(0.0225, device='cuda:1'), tensor(0.0223, device='cuda:1'), tensor(0.0225, device='cuda:1'), tensor(0.0226, device='cuda:1'), tensor(0.0222, device='cuda:1'), tensor(0.0221, device='cuda:1'), tensor(0.0209, device='cuda:1'), tensor(0.0226, device='cuda:1'), tensor(0.0223, device='cuda:1'), tensor(0.0224, device='cuda:1'), tensor(0.0228, device='cuda:1'), tensor(0.0224, device='cuda:1'), tensor(0.0217, device='cuda:1'), tensor(0.0222, device='cuda:1'), tensor(0.0224, device='cuda:1'), tensor(0.0221, device='cuda:1'), tensor(0.0220, device='cuda:1'), tensor(0.0215, device='cuda:1'), tensor(0.0211, device='cuda:1'), tensor(0.0217, device='cuda:1'), tensor(0.0223, device='cuda:1'), tensor(0.0224, device='cuda:1'), tensor(0.0228, device='cuda:1'), tensor(0.0221, device='cuda:1'), tensor(0.0225, device='cuda:1'), tensor(0.0214, device='cuda:1'), tensor(0.0226, device='cuda:1'), tensor(0.0210, device='cuda:1'), tensor(0.0214, device='cuda:1'), tensor(0.0220, device='cuda:1'), tensor(0.0215, device='cuda:1'), tensor(0.0221, device='cuda:1'), tensor(0.0224, device='cuda:1'), tensor(0.0219, device='cuda:1'), tensor(0.0221, device='cuda:1'), tensor(0.0223, device='cuda:1'), tensor(0.0213, device='cuda:1'), tensor(0.0218, device='cuda:1'), tensor(0.0224, device='cuda:1'), tensor(0.0217, device='cuda:1'), tensor(0.0200, device='cuda:1'), tensor(0.0211, device='cuda:1'), tensor(0.0227, device='cuda:1'), tensor(0.0217, device='cuda:1'), tensor(0.0226, device='cuda:1'), tensor(0.0218, device='cuda:1'), tensor(0.0221, device='cuda:1'), tensor(0.0214, device='cuda:1'), tensor(0.0216, device='cuda:1'), tensor(0.0220, device='cuda:1'), tensor(0.0221, device='cuda:1'), tensor(0.0222, device='cuda:1'), tensor(0.0206, device='cuda:1'), tensor(0.0211, device='cuda:1'), tensor(0.0225, device='cuda:1'), tensor(0.0220, device='cuda:1'), tensor(0.0213, device='cuda:1'), tensor(0.0208, device='cuda:1'), tensor(0.0222, device='cuda:1'), tensor(0.0225, device='cuda:1'), tensor(0.0228, device='cuda:1'), tensor(0.0224, device='cuda:1'), tensor(0.0215, device='cuda:1'), tensor(0.0213, device='cuda:1'), tensor(0.0226, device='cuda:1'), tensor(0.0209, device='cuda:1'), tensor(0.0221, device='cuda:1'), tensor(0.0224, device='cuda:1'), tensor(0.0228, device='cuda:1')]"
53,"[tensor(0.0222, device='cuda:1'), tensor(0.0220, device='cuda:1'), tensor(0.0221, device='cuda:1'), tensor(0.0212, device='cuda:1'), tensor(0.0224, device='cuda:1'), tensor(0.0224, device='cuda:1'), tensor(0.0209, device='cuda:1'), tensor(0.0224, device='cuda:1'), tensor(0.0208, device='cuda:1'), tensor(0.0223, device='cuda:1'), tensor(0.0224, device='cuda:1'), tensor(0.0222, device='cuda:1'), tensor(0.0218, device='cuda:1'), tensor(0.0214, device='cuda:1'), tensor(0.0222, device='cuda:1'), tensor(0.0221, device='cuda:1'), tensor(0.0220, device='cuda:1'), tensor(0.0221, device='cuda:1'), tensor(0.0217, device='cuda:1'), tensor(0.0213, device='cuda:1'), tensor(0.0216, device='cuda:1'), tensor(0.0222, device='cuda:1'), tensor(0.0224, device='cuda:1'), tensor(0.0225, device='cuda:1'), tensor(0.0225, device='cuda:1'), tensor(0.0211, device='cuda:1'), tensor(0.0215, device='cuda:1'), tensor(0.0212, device='cuda:1'), tensor(0.0225, device='cuda:1'), tensor(0.0219, device='cuda:1'), tensor(0.0214, device='cuda:1'), tensor(0.0221, device='cuda:1'), tensor(0.0212, device='cuda:1'), tensor(0.0220, device='cuda:1'), tensor(0.0217, device='cuda:1'), tensor(0.0213, device='cuda:1'), tensor(0.0214, device='cuda:1'), tensor(0.0214, device='cuda:1'), tensor(0.0226, device='cuda:1'), tensor(0.0226, device='cuda:1'), tensor(0.0215, device='cuda:1'), tensor(0.0226, device='cuda:1'), tensor(0.0227, device='cuda:1'), tensor(0.0218, device='cuda:1'), tensor(0.0225, device='cuda:1'), tensor(0.0214, device='cuda:1'), tensor(0.0209, device='cuda:1'), tensor(0.0225, device='cuda:1'), tensor(0.0222, device='cuda:1'), tensor(0.0206, device='cuda:1'), tensor(0.0223, device='cuda:1'), tensor(0.0217, device='cuda:1'), tensor(0.0214, device='cuda:1'), tensor(0.0228, device='cuda:1'), tensor(0.0225, device='cuda:1'), tensor(0.0222, device='cuda:1'), tensor(0.0213, device='cuda:1'), tensor(0.0223, device='cuda:1'), tensor(0.0209, device='cuda:1'), tensor(0.0216, device='cuda:1'), tensor(0.0212, device='cuda:1'), tensor(0.0213, device='cuda:1'), tensor(0.0225, device='cuda:1'), tensor(0.0221, device='cuda:1'), tensor(0.0210, device='cuda:1'), tensor(0.0212, device='cuda:1'), tensor(0.0225, device='cuda:1'), tensor(0.0207, device='cuda:1'), tensor(0.0212, device='cuda:1'), tensor(0.0224, device='cuda:1'), tensor(0.0220, device='cuda:1'), tensor(0.0201, device='cuda:1'), tensor(0.0216, device='cuda:1'), tensor(0.0224, device='cuda:1'), tensor(0.0214, device='cuda:1'), tensor(0.0228, device='cuda:1'), tensor(0.0221, device='cuda:1'), tensor(0.0213, device='cuda:1'), tensor(0.0205, device='cuda:1'), tensor(0.0224, device='cuda:1'), tensor(0.0225, device='cuda:1'), tensor(0.0223, device='cuda:1'), tensor(0.0214, device='cuda:1'), tensor(0.0212, device='cuda:1'), tensor(0.0224, device='cuda:1'), tensor(0.0222, device='cuda:1'), tensor(0.0220, device='cuda:1'), tensor(0.0214, device='cuda:1'), tensor(0.0215, device='cuda:1'), tensor(0.0224, device='cuda:1'), tensor(0.0223, device='cuda:1'), tensor(0.0229, device='cuda:1'), tensor(0.0213, device='cuda:1'), tensor(0.0209, device='cuda:1'), tensor(0.0211, device='cuda:1'), tensor(0.0224, device='cuda:1'), tensor(0.0208, device='cuda:1'), tensor(0.0226, device='cuda:1'), tensor(0.0212, device='cuda:1'), tensor(0.0225, device='cuda:1')]"
54,"[tensor(0.0219, device='cuda:1'), tensor(0.0211, device='cuda:1'), tensor(0.0224, device='cuda:1'), tensor(0.0222, device='cuda:1'), tensor(0.0213, device='cuda:1'), tensor(0.0216, device='cuda:1'), tensor(0.0213, device='cuda:1'), tensor(0.0217, device='cuda:1'), tensor(0.0222, device='cuda:1'), tensor(0.0227, device='cuda:1'), tensor(0.0226, device='cuda:1'), tensor(0.0225, device='cuda:1'), tensor(0.0218, device='cuda:1'), tensor(0.0219, device='cuda:1'), tensor(0.0217, device='cuda:1'), tensor(0.0209, device='cuda:1'), tensor(0.0220, device='cuda:1'), tensor(0.0217, device='cuda:1'), tensor(0.0216, device='cuda:1'), tensor(0.0222, device='cuda:1'), tensor(0.0225, device='cuda:1'), tensor(0.0226, device='cuda:1'), tensor(0.0226, device='cuda:1'), tensor(0.0222, device='cuda:1'), tensor(0.0210, device='cuda:1'), tensor(0.0223, device='cuda:1'), tensor(0.0215, device='cuda:1'), tensor(0.0221, device='cuda:1'), tensor(0.0223, device='cuda:1'), tensor(0.0220, device='cuda:1'), tensor(0.0223, device='cuda:1'), tensor(0.0225, device='cuda:1'), tensor(0.0223, device='cuda:1'), tensor(0.0225, device='cuda:1'), tensor(0.0226, device='cuda:1'), tensor(0.0222, device='cuda:1'), tensor(0.0222, device='cuda:1'), tensor(0.0209, device='cuda:1'), tensor(0.0226, device='cuda:1'), tensor(0.0223, device='cuda:1'), tensor(0.0224, device='cuda:1'), tensor(0.0228, device='cuda:1'), tensor(0.0225, device='cuda:1'), tensor(0.0217, device='cuda:1'), tensor(0.0222, device='cuda:1'), tensor(0.0224, device='cuda:1'), tensor(0.0221, device='cuda:1'), tensor(0.0220, device='cuda:1'), tensor(0.0215, device='cuda:1'), tensor(0.0211, device='cuda:1'), tensor(0.0217, device='cuda:1'), tensor(0.0223, device='cuda:1'), tensor(0.0224, device='cuda:1'), tensor(0.0228, device='cuda:1'), tensor(0.0221, device='cuda:1'), tensor(0.0225, device='cuda:1'), tensor(0.0215, device='cuda:1'), tensor(0.0226, device='cuda:1'), tensor(0.0210, device='cuda:1'), tensor(0.0213, device='cuda:1'), tensor(0.0221, device='cuda:1'), tensor(0.0216, device='cuda:1'), tensor(0.0221, device='cuda:1'), tensor(0.0224, device='cuda:1'), tensor(0.0219, device='cuda:1'), tensor(0.0221, device='cuda:1'), tensor(0.0223, device='cuda:1'), tensor(0.0213, device='cuda:1'), tensor(0.0219, device='cuda:1'), tensor(0.0224, device='cuda:1'), tensor(0.0217, device='cuda:1'), tensor(0.0202, device='cuda:1'), tensor(0.0211, device='cuda:1'), tensor(0.0227, device='cuda:1'), tensor(0.0218, device='cuda:1'), tensor(0.0226, device='cuda:1'), tensor(0.0219, device='cuda:1'), tensor(0.0221, device='cuda:1'), tensor(0.0215, device='cuda:1'), tensor(0.0216, device='cuda:1'), tensor(0.0220, device='cuda:1'), tensor(0.0222, device='cuda:1'), tensor(0.0222, device='cuda:1'), tensor(0.0206, device='cuda:1'), tensor(0.0211, device='cuda:1'), tensor(0.0225, device='cuda:1'), tensor(0.0220, device='cuda:1'), tensor(0.0212, device='cuda:1'), tensor(0.0208, device='cuda:1'), tensor(0.0222, device='cuda:1'), tensor(0.0225, device='cuda:1'), tensor(0.0228, device='cuda:1'), tensor(0.0224, device='cuda:1'), tensor(0.0215, device='cuda:1'), tensor(0.0214, device='cuda:1'), tensor(0.0226, device='cuda:1'), tensor(0.0209, device='cuda:1'), tensor(0.0221, device='cuda:1'), tensor(0.0224, device='cuda:1'), tensor(0.0228, device='cuda:1')]"
55,"[tensor(0.0222, device='cuda:1'), tensor(0.0220, device='cuda:1'), tensor(0.0221, device='cuda:1'), tensor(0.0212, device='cuda:1'), tensor(0.0224, device='cuda:1'), tensor(0.0224, device='cuda:1'), tensor(0.0210, device='cuda:1'), tensor(0.0224, device='cuda:1'), tensor(0.0208, device='cuda:1'), tensor(0.0222, device='cuda:1'), tensor(0.0224, device='cuda:1'), tensor(0.0222, device='cuda:1'), tensor(0.0218, device='cuda:1'), tensor(0.0214, device='cuda:1'), tensor(0.0222, device='cuda:1'), tensor(0.0221, device='cuda:1'), tensor(0.0220, device='cuda:1'), tensor(0.0222, device='cuda:1'), tensor(0.0217, device='cuda:1'), tensor(0.0213, device='cuda:1'), tensor(0.0216, device='cuda:1'), tensor(0.0222, device='cuda:1'), tensor(0.0224, device='cuda:1'), tensor(0.0225, device='cuda:1'), tensor(0.0226, device='cuda:1'), tensor(0.0211, device='cuda:1'), tensor(0.0215, device='cuda:1'), tensor(0.0212, device='cuda:1'), tensor(0.0224, device='cuda:1'), tensor(0.0219, device='cuda:1'), tensor(0.0214, device='cuda:1'), tensor(0.0221, device='cuda:1'), tensor(0.0213, device='cuda:1'), tensor(0.0220, device='cuda:1'), tensor(0.0217, device='cuda:1'), tensor(0.0213, device='cuda:1'), tensor(0.0214, device='cuda:1'), tensor(0.0214, device='cuda:1'), tensor(0.0226, device='cuda:1'), tensor(0.0226, device='cuda:1'), tensor(0.0215, device='cuda:1'), tensor(0.0226, device='cuda:1'), tensor(0.0227, device='cuda:1'), tensor(0.0218, device='cuda:1'), tensor(0.0225, device='cuda:1'), tensor(0.0214, device='cuda:1'), tensor(0.0209, device='cuda:1'), tensor(0.0225, device='cuda:1'), tensor(0.0223, device='cuda:1'), tensor(0.0206, device='cuda:1'), tensor(0.0223, device='cuda:1'), tensor(0.0217, device='cuda:1'), tensor(0.0214, device='cuda:1'), tensor(0.0228, device='cuda:1'), tensor(0.0225, device='cuda:1'), tensor(0.0223, device='cuda:1'), tensor(0.0213, device='cuda:1'), tensor(0.0223, device='cuda:1'), tensor(0.0209, device='cuda:1'), tensor(0.0218, device='cuda:1'), tensor(0.0213, device='cuda:1'), tensor(0.0213, device='cuda:1'), tensor(0.0225, device='cuda:1'), tensor(0.0221, device='cuda:1'), tensor(0.0210, device='cuda:1'), tensor(0.0212, device='cuda:1'), tensor(0.0225, device='cuda:1'), tensor(0.0207, device='cuda:1'), tensor(0.0212, device='cuda:1'), tensor(0.0224, device='cuda:1'), tensor(0.0220, device='cuda:1'), tensor(0.0201, device='cuda:1'), tensor(0.0217, device='cuda:1'), tensor(0.0225, device='cuda:1'), tensor(0.0214, device='cuda:1'), tensor(0.0228, device='cuda:1'), tensor(0.0221, device='cuda:1'), tensor(0.0213, device='cuda:1'), tensor(0.0205, device='cuda:1'), tensor(0.0224, device='cuda:1'), tensor(0.0224, device='cuda:1'), tensor(0.0223, device='cuda:1'), tensor(0.0214, device='cuda:1'), tensor(0.0212, device='cuda:1'), tensor(0.0224, device='cuda:1'), tensor(0.0222, device='cuda:1'), tensor(0.0220, device='cuda:1'), tensor(0.0214, device='cuda:1'), tensor(0.0216, device='cuda:1'), tensor(0.0224, device='cuda:1'), tensor(0.0223, device='cuda:1'), tensor(0.0228, device='cuda:1'), tensor(0.0213, device='cuda:1'), tensor(0.0210, device='cuda:1'), tensor(0.0212, device='cuda:1'), tensor(0.0224, device='cuda:1'), tensor(0.0208, device='cuda:1'), tensor(0.0226, device='cuda:1'), tensor(0.0213, device='cuda:1'), tensor(0.0225, device='cuda:1')]"
56,"[tensor(0.0219, device='cuda:1'), tensor(0.0211, device='cuda:1'), tensor(0.0224, device='cuda:1'), tensor(0.0222, device='cuda:1'), tensor(0.0213, device='cuda:1'), tensor(0.0217, device='cuda:1'), tensor(0.0213, device='cuda:1'), tensor(0.0218, device='cuda:1'), tensor(0.0222, device='cuda:1'), tensor(0.0227, device='cuda:1'), tensor(0.0227, device='cuda:1'), tensor(0.0225, device='cuda:1'), tensor(0.0218, device='cuda:1'), tensor(0.0220, device='cuda:1'), tensor(0.0217, device='cuda:1'), tensor(0.0209, device='cuda:1'), tensor(0.0220, device='cuda:1'), tensor(0.0217, device='cuda:1'), tensor(0.0215, device='cuda:1'), tensor(0.0222, device='cuda:1'), tensor(0.0225, device='cuda:1'), tensor(0.0226, device='cuda:1'), tensor(0.0226, device='cuda:1'), tensor(0.0222, device='cuda:1'), tensor(0.0210, device='cuda:1'), tensor(0.0223, device='cuda:1'), tensor(0.0216, device='cuda:1'), tensor(0.0222, device='cuda:1'), tensor(0.0223, device='cuda:1'), tensor(0.0220, device='cuda:1'), tensor(0.0223, device='cuda:1'), tensor(0.0225, device='cuda:1'), tensor(0.0224, device='cuda:1'), tensor(0.0226, device='cuda:1'), tensor(0.0226, device='cuda:1'), tensor(0.0222, device='cuda:1'), tensor(0.0222, device='cuda:1'), tensor(0.0209, device='cuda:1'), tensor(0.0226, device='cuda:1'), tensor(0.0223, device='cuda:1'), tensor(0.0224, device='cuda:1'), tensor(0.0228, device='cuda:1'), tensor(0.0225, device='cuda:1'), tensor(0.0217, device='cuda:1'), tensor(0.0222, device='cuda:1'), tensor(0.0224, device='cuda:1'), tensor(0.0222, device='cuda:1'), tensor(0.0220, device='cuda:1'), tensor(0.0215, device='cuda:1'), tensor(0.0212, device='cuda:1'), tensor(0.0217, device='cuda:1'), tensor(0.0223, device='cuda:1'), tensor(0.0224, device='cuda:1'), tensor(0.0227, device='cuda:1'), tensor(0.0221, device='cuda:1'), tensor(0.0225, device='cuda:1'), tensor(0.0214, device='cuda:1'), tensor(0.0226, device='cuda:1'), tensor(0.0210, device='cuda:1'), tensor(0.0213, device='cuda:1'), tensor(0.0221, device='cuda:1'), tensor(0.0216, device='cuda:1'), tensor(0.0221, device='cuda:1'), tensor(0.0224, device='cuda:1'), tensor(0.0219, device='cuda:1'), tensor(0.0221, device='cuda:1'), tensor(0.0222, device='cuda:1'), tensor(0.0213, device='cuda:1'), tensor(0.0219, device='cuda:1'), tensor(0.0224, device='cuda:1'), tensor(0.0217, device='cuda:1'), tensor(0.0203, device='cuda:1'), tensor(0.0212, device='cuda:1'), tensor(0.0227, device='cuda:1'), tensor(0.0218, device='cuda:1'), tensor(0.0226, device='cuda:1'), tensor(0.0219, device='cuda:1'), tensor(0.0222, device='cuda:1'), tensor(0.0215, device='cuda:1'), tensor(0.0216, device='cuda:1'), tensor(0.0220, device='cuda:1'), tensor(0.0222, device='cuda:1'), tensor(0.0222, device='cuda:1'), tensor(0.0206, device='cuda:1'), tensor(0.0211, device='cuda:1'), tensor(0.0225, device='cuda:1'), tensor(0.0221, device='cuda:1'), tensor(0.0213, device='cuda:1'), tensor(0.0208, device='cuda:1'), tensor(0.0222, device='cuda:1'), tensor(0.0224, device='cuda:1'), tensor(0.0228, device='cuda:1'), tensor(0.0224, device='cuda:1'), tensor(0.0216, device='cuda:1'), tensor(0.0214, device='cuda:1'), tensor(0.0227, device='cuda:1'), tensor(0.0209, device='cuda:1'), tensor(0.0221, device='cuda:1'), tensor(0.0224, device='cuda:1'), tensor(0.0227, device='cuda:1')]"
57,"[tensor(0.0222, device='cuda:1'), tensor(0.0221, device='cuda:1'), tensor(0.0221, device='cuda:1'), tensor(0.0213, device='cuda:1'), tensor(0.0224, device='cuda:1'), tensor(0.0225, device='cuda:1'), tensor(0.0209, device='cuda:1'), tensor(0.0225, device='cuda:1'), tensor(0.0208, device='cuda:1'), tensor(0.0222, device='cuda:1'), tensor(0.0224, device='cuda:1'), tensor(0.0222, device='cuda:1'), tensor(0.0218, device='cuda:1'), tensor(0.0214, device='cuda:1'), tensor(0.0222, device='cuda:1'), tensor(0.0221, device='cuda:1'), tensor(0.0220, device='cuda:1'), tensor(0.0222, device='cuda:1'), tensor(0.0217, device='cuda:1'), tensor(0.0214, device='cuda:1'), tensor(0.0216, device='cuda:1'), tensor(0.0222, device='cuda:1'), tensor(0.0224, device='cuda:1'), tensor(0.0225, device='cuda:1'), tensor(0.0226, device='cuda:1'), tensor(0.0211, device='cuda:1'), tensor(0.0215, device='cuda:1'), tensor(0.0213, device='cuda:1'), tensor(0.0223, device='cuda:1'), tensor(0.0219, device='cuda:1'), tensor(0.0214, device='cuda:1'), tensor(0.0221, device='cuda:1'), tensor(0.0213, device='cuda:1'), tensor(0.0220, device='cuda:1'), tensor(0.0217, device='cuda:1'), tensor(0.0213, device='cuda:1'), tensor(0.0214, device='cuda:1'), tensor(0.0214, device='cuda:1'), tensor(0.0226, device='cuda:1'), tensor(0.0226, device='cuda:1'), tensor(0.0216, device='cuda:1'), tensor(0.0227, device='cuda:1'), tensor(0.0227, device='cuda:1'), tensor(0.0218, device='cuda:1'), tensor(0.0225, device='cuda:1'), tensor(0.0214, device='cuda:1'), tensor(0.0210, device='cuda:1'), tensor(0.0225, device='cuda:1'), tensor(0.0223, device='cuda:1'), tensor(0.0206, device='cuda:1'), tensor(0.0223, device='cuda:1'), tensor(0.0217, device='cuda:1'), tensor(0.0214, device='cuda:1'), tensor(0.0228, device='cuda:1'), tensor(0.0225, device='cuda:1'), tensor(0.0223, device='cuda:1'), tensor(0.0213, device='cuda:1'), tensor(0.0223, device='cuda:1'), tensor(0.0209, device='cuda:1'), tensor(0.0217, device='cuda:1'), tensor(0.0213, device='cuda:1'), tensor(0.0213, device='cuda:1'), tensor(0.0225, device='cuda:1'), tensor(0.0221, device='cuda:1'), tensor(0.0210, device='cuda:1'), tensor(0.0212, device='cuda:1'), tensor(0.0225, device='cuda:1'), tensor(0.0207, device='cuda:1'), tensor(0.0212, device='cuda:1'), tensor(0.0224, device='cuda:1'), tensor(0.0220, device='cuda:1'), tensor(0.0201, device='cuda:1'), tensor(0.0218, device='cuda:1'), tensor(0.0225, device='cuda:1'), tensor(0.0214, device='cuda:1'), tensor(0.0228, device='cuda:1'), tensor(0.0222, device='cuda:1'), tensor(0.0213, device='cuda:1'), tensor(0.0205, device='cuda:1'), tensor(0.0224, device='cuda:1'), tensor(0.0225, device='cuda:1'), tensor(0.0223, device='cuda:1'), tensor(0.0214, device='cuda:1'), tensor(0.0212, device='cuda:1'), tensor(0.0224, device='cuda:1'), tensor(0.0222, device='cuda:1'), tensor(0.0221, device='cuda:1'), tensor(0.0214, device='cuda:1'), tensor(0.0216, device='cuda:1'), tensor(0.0224, device='cuda:1'), tensor(0.0223, device='cuda:1'), tensor(0.0229, device='cuda:1'), tensor(0.0213, device='cuda:1'), tensor(0.0210, device='cuda:1'), tensor(0.0212, device='cuda:1'), tensor(0.0224, device='cuda:1'), tensor(0.0208, device='cuda:1'), tensor(0.0226, device='cuda:1'), tensor(0.0212, device='cuda:1'), tensor(0.0225, device='cuda:1')]"
58,"[tensor(0.0219, device='cuda:1'), tensor(0.0212, device='cuda:1'), tensor(0.0224, device='cuda:1'), tensor(0.0223, device='cuda:1'), tensor(0.0213, device='cuda:1'), tensor(0.0217, device='cuda:1'), tensor(0.0213, device='cuda:1'), tensor(0.0218, device='cuda:1'), tensor(0.0223, device='cuda:1'), tensor(0.0227, device='cuda:1'), tensor(0.0227, device='cuda:1'), tensor(0.0225, device='cuda:1'), tensor(0.0218, device='cuda:1'), tensor(0.0220, device='cuda:1'), tensor(0.0217, device='cuda:1'), tensor(0.0209, device='cuda:1'), tensor(0.0220, device='cuda:1'), tensor(0.0217, device='cuda:1'), tensor(0.0215, device='cuda:1'), tensor(0.0222, device='cuda:1'), tensor(0.0225, device='cuda:1'), tensor(0.0226, device='cuda:1'), tensor(0.0226, device='cuda:1'), tensor(0.0222, device='cuda:1'), tensor(0.0211, device='cuda:1'), tensor(0.0223, device='cuda:1'), tensor(0.0216, device='cuda:1'), tensor(0.0222, device='cuda:1'), tensor(0.0223, device='cuda:1'), tensor(0.0220, device='cuda:1'), tensor(0.0223, device='cuda:1'), tensor(0.0225, device='cuda:1'), tensor(0.0224, device='cuda:1'), tensor(0.0226, device='cuda:1'), tensor(0.0226, device='cuda:1'), tensor(0.0222, device='cuda:1'), tensor(0.0222, device='cuda:1'), tensor(0.0209, device='cuda:1'), tensor(0.0226, device='cuda:1'), tensor(0.0223, device='cuda:1'), tensor(0.0224, device='cuda:1'), tensor(0.0228, device='cuda:1'), tensor(0.0225, device='cuda:1'), tensor(0.0217, device='cuda:1'), tensor(0.0222, device='cuda:1'), tensor(0.0224, device='cuda:1'), tensor(0.0222, device='cuda:1'), tensor(0.0220, device='cuda:1'), tensor(0.0215, device='cuda:1'), tensor(0.0212, device='cuda:1'), tensor(0.0217, device='cuda:1'), tensor(0.0223, device='cuda:1'), tensor(0.0224, device='cuda:1'), tensor(0.0227, device='cuda:1'), tensor(0.0221, device='cuda:1'), tensor(0.0225, device='cuda:1'), tensor(0.0214, device='cuda:1'), tensor(0.0226, device='cuda:1'), tensor(0.0210, device='cuda:1'), tensor(0.0213, device='cuda:1'), tensor(0.0221, device='cuda:1'), tensor(0.0216, device='cuda:1'), tensor(0.0221, device='cuda:1'), tensor(0.0224, device='cuda:1'), tensor(0.0220, device='cuda:1'), tensor(0.0221, device='cuda:1'), tensor(0.0222, device='cuda:1'), tensor(0.0213, device='cuda:1'), tensor(0.0219, device='cuda:1'), tensor(0.0224, device='cuda:1'), tensor(0.0217, device='cuda:1'), tensor(0.0205, device='cuda:1'), tensor(0.0212, device='cuda:1'), tensor(0.0227, device='cuda:1'), tensor(0.0219, device='cuda:1'), tensor(0.0227, device='cuda:1'), tensor(0.0219, device='cuda:1'), tensor(0.0222, device='cuda:1'), tensor(0.0216, device='cuda:1'), tensor(0.0216, device='cuda:1'), tensor(0.0220, device='cuda:1'), tensor(0.0222, device='cuda:1'), tensor(0.0222, device='cuda:1'), tensor(0.0206, device='cuda:1'), tensor(0.0211, device='cuda:1'), tensor(0.0224, device='cuda:1'), tensor(0.0222, device='cuda:1'), tensor(0.0213, device='cuda:1'), tensor(0.0208, device='cuda:1'), tensor(0.0222, device='cuda:1'), tensor(0.0225, device='cuda:1'), tensor(0.0228, device='cuda:1'), tensor(0.0224, device='cuda:1'), tensor(0.0216, device='cuda:1'), tensor(0.0215, device='cuda:1'), tensor(0.0227, device='cuda:1'), tensor(0.0209, device='cuda:1'), tensor(0.0221, device='cuda:1'), tensor(0.0225, device='cuda:1'), tensor(0.0227, device='cuda:1')]"
59,"[tensor(0.0222, device='cuda:1'), tensor(0.0221, device='cuda:1'), tensor(0.0221, device='cuda:1'), tensor(0.0213, device='cuda:1'), tensor(0.0225, device='cuda:1'), tensor(0.0225, device='cuda:1'), tensor(0.0210, device='cuda:1'), tensor(0.0225, device='cuda:1'), tensor(0.0208, device='cuda:1'), tensor(0.0223, device='cuda:1'), tensor(0.0225, device='cuda:1'), tensor(0.0222, device='cuda:1'), tensor(0.0218, device='cuda:1'), tensor(0.0214, device='cuda:1'), tensor(0.0222, device='cuda:1'), tensor(0.0221, device='cuda:1'), tensor(0.0220, device='cuda:1'), tensor(0.0222, device='cuda:1'), tensor(0.0217, device='cuda:1'), tensor(0.0214, device='cuda:1'), tensor(0.0216, device='cuda:1'), tensor(0.0222, device='cuda:1'), tensor(0.0224, device='cuda:1'), tensor(0.0225, device='cuda:1'), tensor(0.0226, device='cuda:1'), tensor(0.0211, device='cuda:1'), tensor(0.0215, device='cuda:1'), tensor(0.0213, device='cuda:1'), tensor(0.0223, device='cuda:1'), tensor(0.0219, device='cuda:1'), tensor(0.0214, device='cuda:1'), tensor(0.0221, device='cuda:1'), tensor(0.0213, device='cuda:1'), tensor(0.0220, device='cuda:1'), tensor(0.0217, device='cuda:1'), tensor(0.0213, device='cuda:1'), tensor(0.0214, device='cuda:1'), tensor(0.0215, device='cuda:1'), tensor(0.0226, device='cuda:1'), tensor(0.0226, device='cuda:1'), tensor(0.0216, device='cuda:1'), tensor(0.0227, device='cuda:1'), tensor(0.0227, device='cuda:1'), tensor(0.0218, device='cuda:1'), tensor(0.0225, device='cuda:1'), tensor(0.0214, device='cuda:1'), tensor(0.0210, device='cuda:1'), tensor(0.0225, device='cuda:1'), tensor(0.0223, device='cuda:1'), tensor(0.0207, device='cuda:1'), tensor(0.0223, device='cuda:1'), tensor(0.0217, device='cuda:1'), tensor(0.0214, device='cuda:1'), tensor(0.0227, device='cuda:1'), tensor(0.0225, device='cuda:1'), tensor(0.0223, device='cuda:1'), tensor(0.0214, device='cuda:1'), tensor(0.0223, device='cuda:1'), tensor(0.0208, device='cuda:1'), tensor(0.0217, device='cuda:1'), tensor(0.0213, device='cuda:1'), tensor(0.0213, device='cuda:1'), tensor(0.0225, device='cuda:1'), tensor(0.0220, device='cuda:1'), tensor(0.0210, device='cuda:1'), tensor(0.0212, device='cuda:1'), tensor(0.0224, device='cuda:1'), tensor(0.0207, device='cuda:1'), tensor(0.0212, device='cuda:1'), tensor(0.0224, device='cuda:1'), tensor(0.0221, device='cuda:1'), tensor(0.0202, device='cuda:1'), tensor(0.0218, device='cuda:1'), tensor(0.0225, device='cuda:1'), tensor(0.0214, device='cuda:1'), tensor(0.0228, device='cuda:1'), tensor(0.0222, device='cuda:1'), tensor(0.0213, device='cuda:1'), tensor(0.0206, device='cuda:1'), tensor(0.0224, device='cuda:1'), tensor(0.0224, device='cuda:1'), tensor(0.0223, device='cuda:1'), tensor(0.0215, device='cuda:1'), tensor(0.0212, device='cuda:1'), tensor(0.0224, device='cuda:1'), tensor(0.0222, device='cuda:1'), tensor(0.0221, device='cuda:1'), tensor(0.0214, device='cuda:1'), tensor(0.0217, device='cuda:1'), tensor(0.0224, device='cuda:1'), tensor(0.0222, device='cuda:1'), tensor(0.0228, device='cuda:1'), tensor(0.0213, device='cuda:1'), tensor(0.0210, device='cuda:1'), tensor(0.0212, device='cuda:1'), tensor(0.0224, device='cuda:1'), tensor(0.0208, device='cuda:1'), tensor(0.0226, device='cuda:1'), tensor(0.0213, device='cuda:1'), tensor(0.0225, device='cuda:1')]"
60,"[tensor(0.0219, device='cuda:1'), tensor(0.0212, device='cuda:1'), tensor(0.0224, device='cuda:1'), tensor(0.0223, device='cuda:1'), tensor(0.0213, device='cuda:1'), tensor(0.0217, device='cuda:1'), tensor(0.0213, device='cuda:1'), tensor(0.0218, device='cuda:1'), tensor(0.0223, device='cuda:1'), tensor(0.0227, device='cuda:1'), tensor(0.0227, device='cuda:1'), tensor(0.0225, device='cuda:1'), tensor(0.0218, device='cuda:1'), tensor(0.0221, device='cuda:1'), tensor(0.0217, device='cuda:1'), tensor(0.0210, device='cuda:1'), tensor(0.0220, device='cuda:1'), tensor(0.0217, device='cuda:1'), tensor(0.0215, device='cuda:1'), tensor(0.0223, device='cuda:1'), tensor(0.0225, device='cuda:1'), tensor(0.0226, device='cuda:1'), tensor(0.0226, device='cuda:1'), tensor(0.0222, device='cuda:1'), tensor(0.0211, device='cuda:1'), tensor(0.0224, device='cuda:1'), tensor(0.0216, device='cuda:1'), tensor(0.0222, device='cuda:1'), tensor(0.0223, device='cuda:1'), tensor(0.0221, device='cuda:1'), tensor(0.0223, device='cuda:1'), tensor(0.0226, device='cuda:1'), tensor(0.0224, device='cuda:1'), tensor(0.0226, device='cuda:1'), tensor(0.0226, device='cuda:1'), tensor(0.0222, device='cuda:1'), tensor(0.0223, device='cuda:1'), tensor(0.0210, device='cuda:1'), tensor(0.0226, device='cuda:1'), tensor(0.0223, device='cuda:1'), tensor(0.0224, device='cuda:1'), tensor(0.0228, device='cuda:1'), tensor(0.0225, device='cuda:1'), tensor(0.0217, device='cuda:1'), tensor(0.0222, device='cuda:1'), tensor(0.0225, device='cuda:1'), tensor(0.0222, device='cuda:1'), tensor(0.0220, device='cuda:1'), tensor(0.0215, device='cuda:1'), tensor(0.0213, device='cuda:1'), tensor(0.0217, device='cuda:1'), tensor(0.0223, device='cuda:1'), tensor(0.0224, device='cuda:1'), tensor(0.0227, device='cuda:1'), tensor(0.0221, device='cuda:1'), tensor(0.0225, device='cuda:1'), tensor(0.0214, device='cuda:1'), tensor(0.0226, device='cuda:1'), tensor(0.0210, device='cuda:1'), tensor(0.0213, device='cuda:1'), tensor(0.0221, device='cuda:1'), tensor(0.0217, device='cuda:1'), tensor(0.0221, device='cuda:1'), tensor(0.0224, device='cuda:1'), tensor(0.0220, device='cuda:1'), tensor(0.0222, device='cuda:1'), tensor(0.0222, device='cuda:1'), tensor(0.0214, device='cuda:1'), tensor(0.0220, device='cuda:1'), tensor(0.0224, device='cuda:1'), tensor(0.0217, device='cuda:1'), tensor(0.0208, device='cuda:1'), tensor(0.0212, device='cuda:1'), tensor(0.0227, device='cuda:1'), tensor(0.0220, device='cuda:1'), tensor(0.0227, device='cuda:1'), tensor(0.0219, device='cuda:1'), tensor(0.0222, device='cuda:1'), tensor(0.0216, device='cuda:1'), tensor(0.0216, device='cuda:1'), tensor(0.0220, device='cuda:1'), tensor(0.0223, device='cuda:1'), tensor(0.0223, device='cuda:1'), tensor(0.0206, device='cuda:1'), tensor(0.0211, device='cuda:1'), tensor(0.0222, device='cuda:1'), tensor(0.0221, device='cuda:1'), tensor(0.0213, device='cuda:1'), tensor(0.0209, device='cuda:1'), tensor(0.0222, device='cuda:1'), tensor(0.0225, device='cuda:1'), tensor(0.0228, device='cuda:1'), tensor(0.0224, device='cuda:1'), tensor(0.0216, device='cuda:1'), tensor(0.0215, device='cuda:1'), tensor(0.0227, device='cuda:1'), tensor(0.0209, device='cuda:1'), tensor(0.0222, device='cuda:1'), tensor(0.0225, device='cuda:1'), tensor(0.0227, device='cuda:1')]"
61,"[tensor(0.0222, device='cuda:1'), tensor(0.0221, device='cuda:1'), tensor(0.0221, device='cuda:1'), tensor(0.0213, device='cuda:1'), tensor(0.0225, device='cuda:1'), tensor(0.0225, device='cuda:1'), tensor(0.0210, device='cuda:1'), tensor(0.0225, device='cuda:1'), tensor(0.0208, device='cuda:1'), tensor(0.0223, device='cuda:1'), tensor(0.0224, device='cuda:1'), tensor(0.0222, device='cuda:1'), tensor(0.0218, device='cuda:1'), tensor(0.0214, device='cuda:1'), tensor(0.0222, device='cuda:1'), tensor(0.0221, device='cuda:1'), tensor(0.0220, device='cuda:1'), tensor(0.0222, device='cuda:1'), tensor(0.0218, device='cuda:1'), tensor(0.0214, device='cuda:1'), tensor(0.0217, device='cuda:1'), tensor(0.0222, device='cuda:1'), tensor(0.0224, device='cuda:1'), tensor(0.0225, device='cuda:1'), tensor(0.0226, device='cuda:1'), tensor(0.0212, device='cuda:1'), tensor(0.0215, device='cuda:1'), tensor(0.0213, device='cuda:1'), tensor(0.0223, device='cuda:1'), tensor(0.0220, device='cuda:1'), tensor(0.0214, device='cuda:1'), tensor(0.0221, device='cuda:1'), tensor(0.0213, device='cuda:1'), tensor(0.0220, device='cuda:1'), tensor(0.0216, device='cuda:1'), tensor(0.0213, device='cuda:1'), tensor(0.0214, device='cuda:1'), tensor(0.0215, device='cuda:1'), tensor(0.0226, device='cuda:1'), tensor(0.0226, device='cuda:1'), tensor(0.0216, device='cuda:1'), tensor(0.0227, device='cuda:1'), tensor(0.0228, device='cuda:1'), tensor(0.0218, device='cuda:1'), tensor(0.0225, device='cuda:1'), tensor(0.0214, device='cuda:1'), tensor(0.0210, device='cuda:1'), tensor(0.0225, device='cuda:1'), tensor(0.0222, device='cuda:1'), tensor(0.0207, device='cuda:1'), tensor(0.0223, device='cuda:1'), tensor(0.0217, device='cuda:1'), tensor(0.0214, device='cuda:1'), tensor(0.0227, device='cuda:1'), tensor(0.0225, device='cuda:1'), tensor(0.0223, device='cuda:1'), tensor(0.0214, device='cuda:1'), tensor(0.0223, device='cuda:1'), tensor(0.0208, device='cuda:1'), tensor(0.0218, device='cuda:1'), tensor(0.0213, device='cuda:1'), tensor(0.0213, device='cuda:1'), tensor(0.0225, device='cuda:1'), tensor(0.0220, device='cuda:1'), tensor(0.0211, device='cuda:1'), tensor(0.0212, device='cuda:1'), tensor(0.0224, device='cuda:1'), tensor(0.0208, device='cuda:1'), tensor(0.0212, device='cuda:1'), tensor(0.0224, device='cuda:1'), tensor(0.0221, device='cuda:1'), tensor(0.0203, device='cuda:1'), tensor(0.0218, device='cuda:1'), tensor(0.0225, device='cuda:1'), tensor(0.0215, device='cuda:1'), tensor(0.0229, device='cuda:1'), tensor(0.0222, device='cuda:1'), tensor(0.0214, device='cuda:1'), tensor(0.0206, device='cuda:1'), tensor(0.0224, device='cuda:1'), tensor(0.0225, device='cuda:1'), tensor(0.0223, device='cuda:1'), tensor(0.0215, device='cuda:1'), tensor(0.0212, device='cuda:1'), tensor(0.0224, device='cuda:1'), tensor(0.0224, device='cuda:1'), tensor(0.0221, device='cuda:1'), tensor(0.0214, device='cuda:1'), tensor(0.0217, device='cuda:1'), tensor(0.0224, device='cuda:1'), tensor(0.0223, device='cuda:1'), tensor(0.0228, device='cuda:1'), tensor(0.0213, device='cuda:1'), tensor(0.0210, device='cuda:1'), tensor(0.0212, device='cuda:1'), tensor(0.0225, device='cuda:1'), tensor(0.0208, device='cuda:1'), tensor(0.0226, device='cuda:1'), tensor(0.0213, device='cuda:1'), tensor(0.0225, device='cuda:1')]"
62,"[tensor(0.0219, device='cuda:1'), tensor(0.0212, device='cuda:1'), tensor(0.0224, device='cuda:1'), tensor(0.0223, device='cuda:1'), tensor(0.0214, device='cuda:1'), tensor(0.0217, device='cuda:1'), tensor(0.0213, device='cuda:1'), tensor(0.0218, device='cuda:1'), tensor(0.0223, device='cuda:1'), tensor(0.0227, device='cuda:1'), tensor(0.0227, device='cuda:1'), tensor(0.0225, device='cuda:1'), tensor(0.0218, device='cuda:1'), tensor(0.0221, device='cuda:1'), tensor(0.0217, device='cuda:1'), tensor(0.0210, device='cuda:1'), tensor(0.0220, device='cuda:1'), tensor(0.0218, device='cuda:1'), tensor(0.0216, device='cuda:1'), tensor(0.0223, device='cuda:1'), tensor(0.0226, device='cuda:1'), tensor(0.0226, device='cuda:1'), tensor(0.0226, device='cuda:1'), tensor(0.0222, device='cuda:1'), tensor(0.0211, device='cuda:1'), tensor(0.0224, device='cuda:1'), tensor(0.0216, device='cuda:1'), tensor(0.0223, device='cuda:1'), tensor(0.0223, device='cuda:1'), tensor(0.0221, device='cuda:1'), tensor(0.0223, device='cuda:1'), tensor(0.0226, device='cuda:1'), tensor(0.0225, device='cuda:1'), tensor(0.0226, device='cuda:1'), tensor(0.0226, device='cuda:1'), tensor(0.0222, device='cuda:1'), tensor(0.0223, device='cuda:1'), tensor(0.0210, device='cuda:1'), tensor(0.0226, device='cuda:1'), tensor(0.0222, device='cuda:1'), tensor(0.0224, device='cuda:1'), tensor(0.0228, device='cuda:1'), tensor(0.0225, device='cuda:1'), tensor(0.0217, device='cuda:1'), tensor(0.0222, device='cuda:1'), tensor(0.0225, device='cuda:1'), tensor(0.0222, device='cuda:1'), tensor(0.0220, device='cuda:1'), tensor(0.0215, device='cuda:1'), tensor(0.0213, device='cuda:1'), tensor(0.0217, device='cuda:1'), tensor(0.0223, device='cuda:1'), tensor(0.0224, device='cuda:1'), tensor(0.0227, device='cuda:1'), tensor(0.0221, device='cuda:1'), tensor(0.0225, device='cuda:1'), tensor(0.0215, device='cuda:1'), tensor(0.0226, device='cuda:1'), tensor(0.0210, device='cuda:1'), tensor(0.0213, device='cuda:1'), tensor(0.0222, device='cuda:1'), tensor(0.0217, device='cuda:1'), tensor(0.0221, device='cuda:1'), tensor(0.0223, device='cuda:1'), tensor(0.0221, device='cuda:1'), tensor(0.0222, device='cuda:1'), tensor(0.0222, device='cuda:1'), tensor(0.0214, device='cuda:1'), tensor(0.0220, device='cuda:1'), tensor(0.0223, device='cuda:1'), tensor(0.0218, device='cuda:1'), tensor(0.0208, device='cuda:1'), tensor(0.0212, device='cuda:1'), tensor(0.0227, device='cuda:1'), tensor(0.0220, device='cuda:1'), tensor(0.0227, device='cuda:1'), tensor(0.0219, device='cuda:1'), tensor(0.0223, device='cuda:1'), tensor(0.0217, device='cuda:1'), tensor(0.0216, device='cuda:1'), tensor(0.0220, device='cuda:1'), tensor(0.0223, device='cuda:1'), tensor(0.0223, device='cuda:1'), tensor(0.0206, device='cuda:1'), tensor(0.0211, device='cuda:1'), tensor(0.0222, device='cuda:1'), tensor(0.0222, device='cuda:1'), tensor(0.0213, device='cuda:1'), tensor(0.0209, device='cuda:1'), tensor(0.0222, device='cuda:1'), tensor(0.0225, device='cuda:1'), tensor(0.0228, device='cuda:1'), tensor(0.0224, device='cuda:1'), tensor(0.0216, device='cuda:1'), tensor(0.0215, device='cuda:1'), tensor(0.0227, device='cuda:1'), tensor(0.0209, device='cuda:1'), tensor(0.0222, device='cuda:1'), tensor(0.0225, device='cuda:1'), tensor(0.0227, device='cuda:1')]"
63,"[tensor(0.0221, device='cuda:1'), tensor(0.0222, device='cuda:1'), tensor(0.0221, device='cuda:1'), tensor(0.0213, device='cuda:1'), tensor(0.0225, device='cuda:1'), tensor(0.0225, device='cuda:1'), tensor(0.0210, device='cuda:1'), tensor(0.0225, device='cuda:1'), tensor(0.0209, device='cuda:1'), tensor(0.0223, device='cuda:1'), tensor(0.0225, device='cuda:1'), tensor(0.0222, device='cuda:1'), tensor(0.0218, device='cuda:1'), tensor(0.0214, device='cuda:1'), tensor(0.0222, device='cuda:1'), tensor(0.0222, device='cuda:1'), tensor(0.0220, device='cuda:1'), tensor(0.0222, device='cuda:1'), tensor(0.0218, device='cuda:1'), tensor(0.0214, device='cuda:1'), tensor(0.0217, device='cuda:1'), tensor(0.0222, device='cuda:1'), tensor(0.0223, device='cuda:1'), tensor(0.0225, device='cuda:1'), tensor(0.0226, device='cuda:1'), tensor(0.0212, device='cuda:1'), tensor(0.0215, device='cuda:1'), tensor(0.0213, device='cuda:1'), tensor(0.0222, device='cuda:1'), tensor(0.0219, device='cuda:1'), tensor(0.0214, device='cuda:1'), tensor(0.0221, device='cuda:1'), tensor(0.0213, device='cuda:1'), tensor(0.0220, device='cuda:1'), tensor(0.0216, device='cuda:1'), tensor(0.0214, device='cuda:1'), tensor(0.0214, device='cuda:1'), tensor(0.0215, device='cuda:1'), tensor(0.0226, device='cuda:1'), tensor(0.0226, device='cuda:1'), tensor(0.0216, device='cuda:1'), tensor(0.0227, device='cuda:1'), tensor(0.0227, device='cuda:1'), tensor(0.0219, device='cuda:1'), tensor(0.0225, device='cuda:1'), tensor(0.0214, device='cuda:1'), tensor(0.0210, device='cuda:1'), tensor(0.0225, device='cuda:1'), tensor(0.0222, device='cuda:1'), tensor(0.0207, device='cuda:1'), tensor(0.0224, device='cuda:1'), tensor(0.0217, device='cuda:1'), tensor(0.0214, device='cuda:1'), tensor(0.0227, device='cuda:1'), tensor(0.0224, device='cuda:1'), tensor(0.0223, device='cuda:1'), tensor(0.0214, device='cuda:1'), tensor(0.0223, device='cuda:1'), tensor(0.0208, device='cuda:1'), tensor(0.0218, device='cuda:1'), tensor(0.0214, device='cuda:1'), tensor(0.0213, device='cuda:1'), tensor(0.0225, device='cuda:1'), tensor(0.0220, device='cuda:1'), tensor(0.0211, device='cuda:1'), tensor(0.0212, device='cuda:1'), tensor(0.0224, device='cuda:1'), tensor(0.0208, device='cuda:1'), tensor(0.0212, device='cuda:1'), tensor(0.0225, device='cuda:1'), tensor(0.0221, device='cuda:1'), tensor(0.0204, device='cuda:1'), tensor(0.0219, device='cuda:1'), tensor(0.0225, device='cuda:1'), tensor(0.0215, device='cuda:1'), tensor(0.0229, device='cuda:1'), tensor(0.0222, device='cuda:1'), tensor(0.0214, device='cuda:1'), tensor(0.0206, device='cuda:1'), tensor(0.0224, device='cuda:1'), tensor(0.0224, device='cuda:1'), tensor(0.0224, device='cuda:1'), tensor(0.0215, device='cuda:1'), tensor(0.0212, device='cuda:1'), tensor(0.0225, device='cuda:1'), tensor(0.0224, device='cuda:1'), tensor(0.0221, device='cuda:1'), tensor(0.0215, device='cuda:1'), tensor(0.0218, device='cuda:1'), tensor(0.0224, device='cuda:1'), tensor(0.0223, device='cuda:1'), tensor(0.0228, device='cuda:1'), tensor(0.0213, device='cuda:1'), tensor(0.0211, device='cuda:1'), tensor(0.0212, device='cuda:1'), tensor(0.0225, device='cuda:1'), tensor(0.0208, device='cuda:1'), tensor(0.0227, device='cuda:1'), tensor(0.0213, device='cuda:1'), tensor(0.0225, device='cuda:1')]"
64,"[tensor(0.0219, device='cuda:1'), tensor(0.0212, device='cuda:1'), tensor(0.0223, device='cuda:1'), tensor(0.0223, device='cuda:1'), tensor(0.0214, device='cuda:1'), tensor(0.0217, device='cuda:1'), tensor(0.0214, device='cuda:1'), tensor(0.0218, device='cuda:1'), tensor(0.0223, device='cuda:1'), tensor(0.0227, device='cuda:1'), tensor(0.0227, device='cuda:1'), tensor(0.0225, device='cuda:1'), tensor(0.0217, device='cuda:1'), tensor(0.0221, device='cuda:1'), tensor(0.0217, device='cuda:1'), tensor(0.0210, device='cuda:1'), tensor(0.0220, device='cuda:1'), tensor(0.0217, device='cuda:1'), tensor(0.0215, device='cuda:1'), tensor(0.0223, device='cuda:1'), tensor(0.0226, device='cuda:1'), tensor(0.0226, device='cuda:1'), tensor(0.0226, device='cuda:1'), tensor(0.0222, device='cuda:1'), tensor(0.0212, device='cuda:1'), tensor(0.0224, device='cuda:1'), tensor(0.0216, device='cuda:1'), tensor(0.0223, device='cuda:1'), tensor(0.0224, device='cuda:1'), tensor(0.0221, device='cuda:1'), tensor(0.0223, device='cuda:1'), tensor(0.0226, device='cuda:1'), tensor(0.0225, device='cuda:1'), tensor(0.0226, device='cuda:1'), tensor(0.0226, device='cuda:1'), tensor(0.0222, device='cuda:1'), tensor(0.0223, device='cuda:1'), tensor(0.0210, device='cuda:1'), tensor(0.0226, device='cuda:1'), tensor(0.0222, device='cuda:1'), tensor(0.0224, device='cuda:1'), tensor(0.0229, device='cuda:1'), tensor(0.0224, device='cuda:1'), tensor(0.0217, device='cuda:1'), tensor(0.0222, device='cuda:1'), tensor(0.0225, device='cuda:1'), tensor(0.0223, device='cuda:1'), tensor(0.0220, device='cuda:1'), tensor(0.0215, device='cuda:1'), tensor(0.0214, device='cuda:1'), tensor(0.0217, device='cuda:1'), tensor(0.0223, device='cuda:1'), tensor(0.0224, device='cuda:1'), tensor(0.0227, device='cuda:1'), tensor(0.0221, device='cuda:1'), tensor(0.0225, device='cuda:1'), tensor(0.0214, device='cuda:1'), tensor(0.0226, device='cuda:1'), tensor(0.0210, device='cuda:1'), tensor(0.0213, device='cuda:1'), tensor(0.0222, device='cuda:1'), tensor(0.0217, device='cuda:1'), tensor(0.0221, device='cuda:1'), tensor(0.0224, device='cuda:1'), tensor(0.0221, device='cuda:1'), tensor(0.0222, device='cuda:1'), tensor(0.0222, device='cuda:1'), tensor(0.0214, device='cuda:1'), tensor(0.0220, device='cuda:1'), tensor(0.0223, device='cuda:1'), tensor(0.0218, device='cuda:1'), tensor(0.0211, device='cuda:1'), tensor(0.0212, device='cuda:1'), tensor(0.0227, device='cuda:1'), tensor(0.0221, device='cuda:1'), tensor(0.0227, device='cuda:1'), tensor(0.0220, device='cuda:1'), tensor(0.0223, device='cuda:1'), tensor(0.0217, device='cuda:1'), tensor(0.0216, device='cuda:1'), tensor(0.0220, device='cuda:1'), tensor(0.0223, device='cuda:1'), tensor(0.0223, device='cuda:1'), tensor(0.0206, device='cuda:1'), tensor(0.0211, device='cuda:1'), tensor(0.0221, device='cuda:1'), tensor(0.0222, device='cuda:1'), tensor(0.0213, device='cuda:1'), tensor(0.0209, device='cuda:1'), tensor(0.0222, device='cuda:1'), tensor(0.0226, device='cuda:1'), tensor(0.0228, device='cuda:1'), tensor(0.0224, device='cuda:1'), tensor(0.0217, device='cuda:1'), tensor(0.0216, device='cuda:1'), tensor(0.0227, device='cuda:1'), tensor(0.0209, device='cuda:1'), tensor(0.0222, device='cuda:1'), tensor(0.0225, device='cuda:1'), tensor(0.0227, device='cuda:1')]"
65,"[tensor(0.0221, device='cuda:1'), tensor(0.0222, device='cuda:1'), tensor(0.0221, device='cuda:1'), tensor(0.0213, device='cuda:1'), tensor(0.0225, device='cuda:1'), tensor(0.0225, device='cuda:1'), tensor(0.0210, device='cuda:1'), tensor(0.0225, device='cuda:1'), tensor(0.0209, device='cuda:1'), tensor(0.0223, device='cuda:1'), tensor(0.0225, device='cuda:1'), tensor(0.0222, device='cuda:1'), tensor(0.0218, device='cuda:1'), tensor(0.0214, device='cuda:1'), tensor(0.0222, device='cuda:1'), tensor(0.0222, device='cuda:1'), tensor(0.0220, device='cuda:1'), tensor(0.0222, device='cuda:1'), tensor(0.0218, device='cuda:1'), tensor(0.0214, device='cuda:1'), tensor(0.0217, device='cuda:1'), tensor(0.0222, device='cuda:1'), tensor(0.0223, device='cuda:1'), tensor(0.0225, device='cuda:1'), tensor(0.0227, device='cuda:1'), tensor(0.0212, device='cuda:1'), tensor(0.0215, device='cuda:1'), tensor(0.0213, device='cuda:1'), tensor(0.0221, device='cuda:1'), tensor(0.0219, device='cuda:1'), tensor(0.0214, device='cuda:1'), tensor(0.0221, device='cuda:1'), tensor(0.0213, device='cuda:1'), tensor(0.0220, device='cuda:1'), tensor(0.0216, device='cuda:1'), tensor(0.0214, device='cuda:1'), tensor(0.0215, device='cuda:1'), tensor(0.0215, device='cuda:1'), tensor(0.0226, device='cuda:1'), tensor(0.0226, device='cuda:1'), tensor(0.0216, device='cuda:1'), tensor(0.0227, device='cuda:1'), tensor(0.0227, device='cuda:1'), tensor(0.0218, device='cuda:1'), tensor(0.0225, device='cuda:1'), tensor(0.0215, device='cuda:1'), tensor(0.0211, device='cuda:1'), tensor(0.0225, device='cuda:1'), tensor(0.0222, device='cuda:1'), tensor(0.0208, device='cuda:1'), tensor(0.0224, device='cuda:1'), tensor(0.0217, device='cuda:1'), tensor(0.0214, device='cuda:1'), tensor(0.0228, device='cuda:1'), tensor(0.0224, device='cuda:1'), tensor(0.0223, device='cuda:1'), tensor(0.0214, device='cuda:1'), tensor(0.0224, device='cuda:1'), tensor(0.0208, device='cuda:1'), tensor(0.0218, device='cuda:1'), tensor(0.0214, device='cuda:1'), tensor(0.0214, device='cuda:1'), tensor(0.0225, device='cuda:1'), tensor(0.0220, device='cuda:1'), tensor(0.0211, device='cuda:1'), tensor(0.0212, device='cuda:1'), tensor(0.0225, device='cuda:1'), tensor(0.0208, device='cuda:1'), tensor(0.0212, device='cuda:1'), tensor(0.0225, device='cuda:1'), tensor(0.0221, device='cuda:1'), tensor(0.0205, device='cuda:1'), tensor(0.0219, device='cuda:1'), tensor(0.0225, device='cuda:1'), tensor(0.0215, device='cuda:1'), tensor(0.0229, device='cuda:1'), tensor(0.0222, device='cuda:1'), tensor(0.0214, device='cuda:1'), tensor(0.0207, device='cuda:1'), tensor(0.0224, device='cuda:1'), tensor(0.0225, device='cuda:1'), tensor(0.0224, device='cuda:1'), tensor(0.0215, device='cuda:1'), tensor(0.0212, device='cuda:1'), tensor(0.0225, device='cuda:1'), tensor(0.0224, device='cuda:1'), tensor(0.0221, device='cuda:1'), tensor(0.0215, device='cuda:1'), tensor(0.0218, device='cuda:1'), tensor(0.0224, device='cuda:1'), tensor(0.0223, device='cuda:1'), tensor(0.0228, device='cuda:1'), tensor(0.0213, device='cuda:1'), tensor(0.0211, device='cuda:1'), tensor(0.0213, device='cuda:1'), tensor(0.0225, device='cuda:1'), tensor(0.0208, device='cuda:1'), tensor(0.0227, device='cuda:1'), tensor(0.0213, device='cuda:1'), tensor(0.0226, device='cuda:1')]"
66,"[tensor(0.0218, device='cuda:1'), tensor(0.0212, device='cuda:1'), tensor(0.0224, device='cuda:1'), tensor(0.0224, device='cuda:1'), tensor(0.0214, device='cuda:1'), tensor(0.0217, device='cuda:1'), tensor(0.0214, device='cuda:1'), tensor(0.0218, device='cuda:1'), tensor(0.0224, device='cuda:1'), tensor(0.0228, device='cuda:1'), tensor(0.0227, device='cuda:1'), tensor(0.0225, device='cuda:1'), tensor(0.0217, device='cuda:1'), tensor(0.0221, device='cuda:1'), tensor(0.0217, device='cuda:1'), tensor(0.0210, device='cuda:1'), tensor(0.0219, device='cuda:1'), tensor(0.0217, device='cuda:1'), tensor(0.0215, device='cuda:1'), tensor(0.0223, device='cuda:1'), tensor(0.0226, device='cuda:1'), tensor(0.0226, device='cuda:1'), tensor(0.0226, device='cuda:1'), tensor(0.0222, device='cuda:1'), tensor(0.0212, device='cuda:1'), tensor(0.0225, device='cuda:1'), tensor(0.0216, device='cuda:1'), tensor(0.0223, device='cuda:1'), tensor(0.0224, device='cuda:1'), tensor(0.0221, device='cuda:1'), tensor(0.0224, device='cuda:1'), tensor(0.0226, device='cuda:1'), tensor(0.0225, device='cuda:1'), tensor(0.0226, device='cuda:1'), tensor(0.0226, device='cuda:1'), tensor(0.0222, device='cuda:1'), tensor(0.0223, device='cuda:1'), tensor(0.0210, device='cuda:1'), tensor(0.0226, device='cuda:1'), tensor(0.0222, device='cuda:1'), tensor(0.0225, device='cuda:1'), tensor(0.0229, device='cuda:1'), tensor(0.0224, device='cuda:1'), tensor(0.0216, device='cuda:1'), tensor(0.0222, device='cuda:1'), tensor(0.0225, device='cuda:1'), tensor(0.0223, device='cuda:1'), tensor(0.0220, device='cuda:1'), tensor(0.0215, device='cuda:1'), tensor(0.0214, device='cuda:1'), tensor(0.0217, device='cuda:1'), tensor(0.0223, device='cuda:1'), tensor(0.0225, device='cuda:1'), tensor(0.0227, device='cuda:1'), tensor(0.0221, device='cuda:1'), tensor(0.0225, device='cuda:1'), tensor(0.0214, device='cuda:1'), tensor(0.0225, device='cuda:1'), tensor(0.0210, device='cuda:1'), tensor(0.0213, device='cuda:1'), tensor(0.0222, device='cuda:1'), tensor(0.0217, device='cuda:1'), tensor(0.0221, device='cuda:1'), tensor(0.0224, device='cuda:1'), tensor(0.0222, device='cuda:1'), tensor(0.0222, device='cuda:1'), tensor(0.0222, device='cuda:1'), tensor(0.0214, device='cuda:1'), tensor(0.0220, device='cuda:1'), tensor(0.0223, device='cuda:1'), tensor(0.0217, device='cuda:1'), tensor(0.0212, device='cuda:1'), tensor(0.0213, device='cuda:1'), tensor(0.0227, device='cuda:1'), tensor(0.0221, device='cuda:1'), tensor(0.0227, device='cuda:1'), tensor(0.0220, device='cuda:1'), tensor(0.0223, device='cuda:1'), tensor(0.0217, device='cuda:1'), tensor(0.0216, device='cuda:1'), tensor(0.0220, device='cuda:1'), tensor(0.0224, device='cuda:1'), tensor(0.0223, device='cuda:1'), tensor(0.0206, device='cuda:1'), tensor(0.0211, device='cuda:1'), tensor(0.0221, device='cuda:1'), tensor(0.0222, device='cuda:1'), tensor(0.0214, device='cuda:1'), tensor(0.0209, device='cuda:1'), tensor(0.0222, device='cuda:1'), tensor(0.0226, device='cuda:1'), tensor(0.0228, device='cuda:1'), tensor(0.0224, device='cuda:1'), tensor(0.0217, device='cuda:1'), tensor(0.0216, device='cuda:1'), tensor(0.0227, device='cuda:1'), tensor(0.0209, device='cuda:1'), tensor(0.0223, device='cuda:1'), tensor(0.0225, device='cuda:1'), tensor(0.0227, device='cuda:1')]"
67,"[tensor(0.0221, device='cuda:1'), tensor(0.0222, device='cuda:1'), tensor(0.0221, device='cuda:1'), tensor(0.0213, device='cuda:1'), tensor(0.0225, device='cuda:1'), tensor(0.0225, device='cuda:1'), tensor(0.0210, device='cuda:1'), tensor(0.0226, device='cuda:1'), tensor(0.0209, device='cuda:1'), tensor(0.0223, device='cuda:1'), tensor(0.0225, device='cuda:1'), tensor(0.0222, device='cuda:1'), tensor(0.0218, device='cuda:1'), tensor(0.0214, device='cuda:1'), tensor(0.0222, device='cuda:1'), tensor(0.0222, device='cuda:1'), tensor(0.0220, device='cuda:1'), tensor(0.0222, device='cuda:1'), tensor(0.0217, device='cuda:1'), tensor(0.0214, device='cuda:1'), tensor(0.0217, device='cuda:1'), tensor(0.0221, device='cuda:1'), tensor(0.0223, device='cuda:1'), tensor(0.0225, device='cuda:1'), tensor(0.0227, device='cuda:1'), tensor(0.0212, device='cuda:1'), tensor(0.0215, device='cuda:1'), tensor(0.0213, device='cuda:1'), tensor(0.0221, device='cuda:1'), tensor(0.0219, device='cuda:1'), tensor(0.0214, device='cuda:1'), tensor(0.0221, device='cuda:1'), tensor(0.0214, device='cuda:1'), tensor(0.0220, device='cuda:1'), tensor(0.0216, device='cuda:1'), tensor(0.0213, device='cuda:1'), tensor(0.0215, device='cuda:1'), tensor(0.0215, device='cuda:1'), tensor(0.0226, device='cuda:1'), tensor(0.0226, device='cuda:1'), tensor(0.0216, device='cuda:1'), tensor(0.0227, device='cuda:1'), tensor(0.0227, device='cuda:1'), tensor(0.0218, device='cuda:1'), tensor(0.0225, device='cuda:1'), tensor(0.0214, device='cuda:1'), tensor(0.0211, device='cuda:1'), tensor(0.0225, device='cuda:1'), tensor(0.0222, device='cuda:1'), tensor(0.0208, device='cuda:1'), tensor(0.0224, device='cuda:1'), tensor(0.0217, device='cuda:1'), tensor(0.0214, device='cuda:1'), tensor(0.0227, device='cuda:1'), tensor(0.0224, device='cuda:1'), tensor(0.0224, device='cuda:1'), tensor(0.0214, device='cuda:1'), tensor(0.0223, device='cuda:1'), tensor(0.0208, device='cuda:1'), tensor(0.0217, device='cuda:1'), tensor(0.0214, device='cuda:1'), tensor(0.0214, device='cuda:1'), tensor(0.0225, device='cuda:1'), tensor(0.0220, device='cuda:1'), tensor(0.0212, device='cuda:1'), tensor(0.0213, device='cuda:1'), tensor(0.0225, device='cuda:1'), tensor(0.0208, device='cuda:1'), tensor(0.0212, device='cuda:1'), tensor(0.0225, device='cuda:1'), tensor(0.0221, device='cuda:1'), tensor(0.0205, device='cuda:1'), tensor(0.0219, device='cuda:1'), tensor(0.0225, device='cuda:1'), tensor(0.0215, device='cuda:1'), tensor(0.0229, device='cuda:1'), tensor(0.0222, device='cuda:1'), tensor(0.0214, device='cuda:1'), tensor(0.0207, device='cuda:1'), tensor(0.0224, device='cuda:1'), tensor(0.0224, device='cuda:1'), tensor(0.0224, device='cuda:1'), tensor(0.0215, device='cuda:1'), tensor(0.0212, device='cuda:1'), tensor(0.0225, device='cuda:1'), tensor(0.0224, device='cuda:1'), tensor(0.0221, device='cuda:1'), tensor(0.0215, device='cuda:1'), tensor(0.0218, device='cuda:1'), tensor(0.0224, device='cuda:1'), tensor(0.0224, device='cuda:1'), tensor(0.0228, device='cuda:1'), tensor(0.0214, device='cuda:1'), tensor(0.0211, device='cuda:1'), tensor(0.0213, device='cuda:1'), tensor(0.0225, device='cuda:1'), tensor(0.0208, device='cuda:1'), tensor(0.0227, device='cuda:1'), tensor(0.0214, device='cuda:1'), tensor(0.0226, device='cuda:1')]"
68,"[tensor(0.0218, device='cuda:1'), tensor(0.0213, device='cuda:1'), tensor(0.0224, device='cuda:1'), tensor(0.0224, device='cuda:1'), tensor(0.0214, device='cuda:1'), tensor(0.0217, device='cuda:1'), tensor(0.0214, device='cuda:1'), tensor(0.0218, device='cuda:1'), tensor(0.0224, device='cuda:1'), tensor(0.0228, device='cuda:1'), tensor(0.0227, device='cuda:1'), tensor(0.0225, device='cuda:1'), tensor(0.0217, device='cuda:1'), tensor(0.0221, device='cuda:1'), tensor(0.0217, device='cuda:1'), tensor(0.0210, device='cuda:1'), tensor(0.0219, device='cuda:1'), tensor(0.0217, device='cuda:1'), tensor(0.0215, device='cuda:1'), tensor(0.0223, device='cuda:1'), tensor(0.0226, device='cuda:1'), tensor(0.0226, device='cuda:1'), tensor(0.0226, device='cuda:1'), tensor(0.0222, device='cuda:1'), tensor(0.0212, device='cuda:1'), tensor(0.0225, device='cuda:1'), tensor(0.0215, device='cuda:1'), tensor(0.0223, device='cuda:1'), tensor(0.0224, device='cuda:1'), tensor(0.0221, device='cuda:1'), tensor(0.0224, device='cuda:1'), tensor(0.0226, device='cuda:1'), tensor(0.0225, device='cuda:1'), tensor(0.0226, device='cuda:1'), tensor(0.0226, device='cuda:1'), tensor(0.0222, device='cuda:1'), tensor(0.0224, device='cuda:1'), tensor(0.0210, device='cuda:1'), tensor(0.0226, device='cuda:1'), tensor(0.0222, device='cuda:1'), tensor(0.0225, device='cuda:1'), tensor(0.0229, device='cuda:1'), tensor(0.0224, device='cuda:1'), tensor(0.0217, device='cuda:1'), tensor(0.0222, device='cuda:1'), tensor(0.0225, device='cuda:1'), tensor(0.0223, device='cuda:1'), tensor(0.0220, device='cuda:1'), tensor(0.0215, device='cuda:1'), tensor(0.0214, device='cuda:1'), tensor(0.0217, device='cuda:1'), tensor(0.0224, device='cuda:1'), tensor(0.0225, device='cuda:1'), tensor(0.0226, device='cuda:1'), tensor(0.0221, device='cuda:1'), tensor(0.0225, device='cuda:1'), tensor(0.0214, device='cuda:1'), tensor(0.0225, device='cuda:1'), tensor(0.0209, device='cuda:1'), tensor(0.0212, device='cuda:1'), tensor(0.0222, device='cuda:1'), tensor(0.0217, device='cuda:1'), tensor(0.0221, device='cuda:1'), tensor(0.0224, device='cuda:1'), tensor(0.0222, device='cuda:1'), tensor(0.0222, device='cuda:1'), tensor(0.0222, device='cuda:1'), tensor(0.0214, device='cuda:1'), tensor(0.0220, device='cuda:1'), tensor(0.0223, device='cuda:1'), tensor(0.0217, device='cuda:1'), tensor(0.0213, device='cuda:1'), tensor(0.0213, device='cuda:1'), tensor(0.0227, device='cuda:1'), tensor(0.0222, device='cuda:1'), tensor(0.0226, device='cuda:1'), tensor(0.0220, device='cuda:1'), tensor(0.0224, device='cuda:1'), tensor(0.0218, device='cuda:1'), tensor(0.0216, device='cuda:1'), tensor(0.0220, device='cuda:1'), tensor(0.0223, device='cuda:1'), tensor(0.0223, device='cuda:1'), tensor(0.0206, device='cuda:1'), tensor(0.0211, device='cuda:1'), tensor(0.0221, device='cuda:1'), tensor(0.0223, device='cuda:1'), tensor(0.0214, device='cuda:1'), tensor(0.0210, device='cuda:1'), tensor(0.0222, device='cuda:1'), tensor(0.0226, device='cuda:1'), tensor(0.0228, device='cuda:1'), tensor(0.0224, device='cuda:1'), tensor(0.0217, device='cuda:1'), tensor(0.0216, device='cuda:1'), tensor(0.0228, device='cuda:1'), tensor(0.0208, device='cuda:1'), tensor(0.0223, device='cuda:1'), tensor(0.0226, device='cuda:1'), tensor(0.0227, device='cuda:1')]"
69,"[tensor(0.0221, device='cuda:1'), tensor(0.0223, device='cuda:1'), tensor(0.0220, device='cuda:1'), tensor(0.0213, device='cuda:1'), tensor(0.0226, device='cuda:1'), tensor(0.0225, device='cuda:1'), tensor(0.0210, device='cuda:1'), tensor(0.0226, device='cuda:1'), tensor(0.0209, device='cuda:1'), tensor(0.0223, device='cuda:1'), tensor(0.0225, device='cuda:1'), tensor(0.0222, device='cuda:1'), tensor(0.0217, device='cuda:1'), tensor(0.0214, device='cuda:1'), tensor(0.0222, device='cuda:1'), tensor(0.0222, device='cuda:1'), tensor(0.0220, device='cuda:1'), tensor(0.0222, device='cuda:1'), tensor(0.0217, device='cuda:1'), tensor(0.0215, device='cuda:1'), tensor(0.0217, device='cuda:1'), tensor(0.0221, device='cuda:1'), tensor(0.0223, device='cuda:1'), tensor(0.0225, device='cuda:1'), tensor(0.0227, device='cuda:1'), tensor(0.0212, device='cuda:1'), tensor(0.0215, device='cuda:1'), tensor(0.0213, device='cuda:1'), tensor(0.0221, device='cuda:1'), tensor(0.0219, device='cuda:1'), tensor(0.0214, device='cuda:1'), tensor(0.0221, device='cuda:1'), tensor(0.0214, device='cuda:1'), tensor(0.0221, device='cuda:1'), tensor(0.0216, device='cuda:1'), tensor(0.0213, device='cuda:1'), tensor(0.0215, device='cuda:1'), tensor(0.0215, device='cuda:1'), tensor(0.0226, device='cuda:1'), tensor(0.0226, device='cuda:1'), tensor(0.0216, device='cuda:1'), tensor(0.0227, device='cuda:1'), tensor(0.0227, device='cuda:1'), tensor(0.0218, device='cuda:1'), tensor(0.0225, device='cuda:1'), tensor(0.0214, device='cuda:1'), tensor(0.0211, device='cuda:1'), tensor(0.0225, device='cuda:1'), tensor(0.0222, device='cuda:1'), tensor(0.0208, device='cuda:1'), tensor(0.0224, device='cuda:1'), tensor(0.0217, device='cuda:1'), tensor(0.0215, device='cuda:1'), tensor(0.0227, device='cuda:1'), tensor(0.0224, device='cuda:1'), tensor(0.0224, device='cuda:1'), tensor(0.0214, device='cuda:1'), tensor(0.0223, device='cuda:1'), tensor(0.0208, device='cuda:1'), tensor(0.0217, device='cuda:1'), tensor(0.0214, device='cuda:1'), tensor(0.0214, device='cuda:1'), tensor(0.0225, device='cuda:1'), tensor(0.0220, device='cuda:1'), tensor(0.0212, device='cuda:1'), tensor(0.0213, device='cuda:1'), tensor(0.0225, device='cuda:1'), tensor(0.0208, device='cuda:1'), tensor(0.0212, device='cuda:1'), tensor(0.0225, device='cuda:1'), tensor(0.0221, device='cuda:1'), tensor(0.0206, device='cuda:1'), tensor(0.0219, device='cuda:1'), tensor(0.0225, device='cuda:1'), tensor(0.0216, device='cuda:1'), tensor(0.0229, device='cuda:1'), tensor(0.0222, device='cuda:1'), tensor(0.0215, device='cuda:1'), tensor(0.0207, device='cuda:1'), tensor(0.0224, device='cuda:1'), tensor(0.0224, device='cuda:1'), tensor(0.0224, device='cuda:1'), tensor(0.0215, device='cuda:1'), tensor(0.0212, device='cuda:1'), tensor(0.0225, device='cuda:1'), tensor(0.0224, device='cuda:1'), tensor(0.0221, device='cuda:1'), tensor(0.0215, device='cuda:1'), tensor(0.0219, device='cuda:1'), tensor(0.0224, device='cuda:1'), tensor(0.0223, device='cuda:1'), tensor(0.0228, device='cuda:1'), tensor(0.0214, device='cuda:1'), tensor(0.0211, device='cuda:1'), tensor(0.0213, device='cuda:1'), tensor(0.0225, device='cuda:1'), tensor(0.0208, device='cuda:1'), tensor(0.0227, device='cuda:1'), tensor(0.0214, device='cuda:1'), tensor(0.0226, device='cuda:1')]"
70,"[tensor(0.0218, device='cuda:1'), tensor(0.0213, device='cuda:1'), tensor(0.0224, device='cuda:1'), tensor(0.0224, device='cuda:1'), tensor(0.0214, device='cuda:1'), tensor(0.0217, device='cuda:1'), tensor(0.0214, device='cuda:1'), tensor(0.0218, device='cuda:1'), tensor(0.0224, device='cuda:1'), tensor(0.0228, device='cuda:1'), tensor(0.0227, device='cuda:1'), tensor(0.0225, device='cuda:1'), tensor(0.0217, device='cuda:1'), tensor(0.0221, device='cuda:1'), tensor(0.0217, device='cuda:1'), tensor(0.0210, device='cuda:1'), tensor(0.0219, device='cuda:1'), tensor(0.0217, device='cuda:1'), tensor(0.0215, device='cuda:1'), tensor(0.0223, device='cuda:1'), tensor(0.0226, device='cuda:1'), tensor(0.0226, device='cuda:1'), tensor(0.0226, device='cuda:1'), tensor(0.0222, device='cuda:1'), tensor(0.0212, device='cuda:1'), tensor(0.0225, device='cuda:1'), tensor(0.0216, device='cuda:1'), tensor(0.0224, device='cuda:1'), tensor(0.0223, device='cuda:1'), tensor(0.0221, device='cuda:1'), tensor(0.0223, device='cuda:1'), tensor(0.0226, device='cuda:1'), tensor(0.0225, device='cuda:1'), tensor(0.0226, device='cuda:1'), tensor(0.0227, device='cuda:1'), tensor(0.0222, device='cuda:1'), tensor(0.0224, device='cuda:1'), tensor(0.0210, device='cuda:1'), tensor(0.0226, device='cuda:1'), tensor(0.0222, device='cuda:1'), tensor(0.0225, device='cuda:1'), tensor(0.0229, device='cuda:1'), tensor(0.0224, device='cuda:1'), tensor(0.0217, device='cuda:1'), tensor(0.0222, device='cuda:1'), tensor(0.0225, device='cuda:1'), tensor(0.0223, device='cuda:1'), tensor(0.0220, device='cuda:1'), tensor(0.0215, device='cuda:1'), tensor(0.0215, device='cuda:1'), tensor(0.0217, device='cuda:1'), tensor(0.0224, device='cuda:1'), tensor(0.0225, device='cuda:1'), tensor(0.0226, device='cuda:1'), tensor(0.0221, device='cuda:1'), tensor(0.0225, device='cuda:1'), tensor(0.0214, device='cuda:1'), tensor(0.0226, device='cuda:1'), tensor(0.0209, device='cuda:1'), tensor(0.0212, device='cuda:1'), tensor(0.0222, device='cuda:1'), tensor(0.0217, device='cuda:1'), tensor(0.0221, device='cuda:1'), tensor(0.0223, device='cuda:1'), tensor(0.0222, device='cuda:1'), tensor(0.0222, device='cuda:1'), tensor(0.0222, device='cuda:1'), tensor(0.0215, device='cuda:1'), tensor(0.0221, device='cuda:1'), tensor(0.0223, device='cuda:1'), tensor(0.0217, device='cuda:1'), tensor(0.0214, device='cuda:1'), tensor(0.0213, device='cuda:1'), tensor(0.0227, device='cuda:1'), tensor(0.0222, device='cuda:1'), tensor(0.0226, device='cuda:1'), tensor(0.0220, device='cuda:1'), tensor(0.0224, device='cuda:1'), tensor(0.0218, device='cuda:1'), tensor(0.0217, device='cuda:1'), tensor(0.0220, device='cuda:1'), tensor(0.0223, device='cuda:1'), tensor(0.0223, device='cuda:1'), tensor(0.0206, device='cuda:1'), tensor(0.0211, device='cuda:1'), tensor(0.0221, device='cuda:1'), tensor(0.0223, device='cuda:1'), tensor(0.0213, device='cuda:1'), tensor(0.0210, device='cuda:1'), tensor(0.0221, device='cuda:1'), tensor(0.0227, device='cuda:1'), tensor(0.0228, device='cuda:1'), tensor(0.0224, device='cuda:1'), tensor(0.0217, device='cuda:1'), tensor(0.0216, device='cuda:1'), tensor(0.0228, device='cuda:1'), tensor(0.0208, device='cuda:1'), tensor(0.0223, device='cuda:1'), tensor(0.0226, device='cuda:1'), tensor(0.0227, device='cuda:1')]"
71,"[tensor(0.0221, device='cuda:1'), tensor(0.0223, device='cuda:1'), tensor(0.0221, device='cuda:1'), tensor(0.0213, device='cuda:1'), tensor(0.0226, device='cuda:1'), tensor(0.0226, device='cuda:1'), tensor(0.0210, device='cuda:1'), tensor(0.0226, device='cuda:1'), tensor(0.0209, device='cuda:1'), tensor(0.0223, device='cuda:1'), tensor(0.0225, device='cuda:1'), tensor(0.0222, device='cuda:1'), tensor(0.0217, device='cuda:1'), tensor(0.0214, device='cuda:1'), tensor(0.0222, device='cuda:1'), tensor(0.0222, device='cuda:1'), tensor(0.0220, device='cuda:1'), tensor(0.0222, device='cuda:1'), tensor(0.0217, device='cuda:1'), tensor(0.0215, device='cuda:1'), tensor(0.0217, device='cuda:1'), tensor(0.0221, device='cuda:1'), tensor(0.0223, device='cuda:1'), tensor(0.0225, device='cuda:1'), tensor(0.0227, device='cuda:1'), tensor(0.0212, device='cuda:1'), tensor(0.0215, device='cuda:1'), tensor(0.0213, device='cuda:1'), tensor(0.0221, device='cuda:1'), tensor(0.0219, device='cuda:1'), tensor(0.0214, device='cuda:1'), tensor(0.0221, device='cuda:1'), tensor(0.0214, device='cuda:1'), tensor(0.0221, device='cuda:1'), tensor(0.0216, device='cuda:1'), tensor(0.0213, device='cuda:1'), tensor(0.0215, device='cuda:1'), tensor(0.0215, device='cuda:1'), tensor(0.0226, device='cuda:1'), tensor(0.0225, device='cuda:1'), tensor(0.0216, device='cuda:1'), tensor(0.0227, device='cuda:1'), tensor(0.0227, device='cuda:1'), tensor(0.0218, device='cuda:1'), tensor(0.0224, device='cuda:1'), tensor(0.0214, device='cuda:1'), tensor(0.0211, device='cuda:1'), tensor(0.0225, device='cuda:1'), tensor(0.0223, device='cuda:1'), tensor(0.0208, device='cuda:1'), tensor(0.0224, device='cuda:1'), tensor(0.0217, device='cuda:1'), tensor(0.0215, device='cuda:1'), tensor(0.0227, device='cuda:1'), tensor(0.0224, device='cuda:1'), tensor(0.0224, device='cuda:1'), tensor(0.0214, device='cuda:1'), tensor(0.0223, device='cuda:1'), tensor(0.0208, device='cuda:1'), tensor(0.0218, device='cuda:1'), tensor(0.0214, device='cuda:1'), tensor(0.0214, device='cuda:1'), tensor(0.0225, device='cuda:1'), tensor(0.0220, device='cuda:1'), tensor(0.0212, device='cuda:1'), tensor(0.0213, device='cuda:1'), tensor(0.0224, device='cuda:1'), tensor(0.0208, device='cuda:1'), tensor(0.0213, device='cuda:1'), tensor(0.0225, device='cuda:1'), tensor(0.0221, device='cuda:1'), tensor(0.0206, device='cuda:1'), tensor(0.0219, device='cuda:1'), tensor(0.0225, device='cuda:1'), tensor(0.0216, device='cuda:1'), tensor(0.0229, device='cuda:1'), tensor(0.0222, device='cuda:1'), tensor(0.0215, device='cuda:1'), tensor(0.0207, device='cuda:1'), tensor(0.0224, device='cuda:1'), tensor(0.0224, device='cuda:1'), tensor(0.0223, device='cuda:1'), tensor(0.0215, device='cuda:1'), tensor(0.0212, device='cuda:1'), tensor(0.0225, device='cuda:1'), tensor(0.0224, device='cuda:1'), tensor(0.0221, device='cuda:1'), tensor(0.0215, device='cuda:1'), tensor(0.0219, device='cuda:1'), tensor(0.0223, device='cuda:1'), tensor(0.0224, device='cuda:1'), tensor(0.0228, device='cuda:1'), tensor(0.0214, device='cuda:1'), tensor(0.0211, device='cuda:1'), tensor(0.0213, device='cuda:1'), tensor(0.0225, device='cuda:1'), tensor(0.0208, device='cuda:1'), tensor(0.0227, device='cuda:1'), tensor(0.0214, device='cuda:1'), tensor(0.0225, device='cuda:1')]"
72,"[tensor(0.0218, device='cuda:1'), tensor(0.0213, device='cuda:1'), tensor(0.0223, device='cuda:1'), tensor(0.0224, device='cuda:1'), tensor(0.0214, device='cuda:1'), tensor(0.0217, device='cuda:1'), tensor(0.0214, device='cuda:1'), tensor(0.0218, device='cuda:1'), tensor(0.0224, device='cuda:1'), tensor(0.0228, device='cuda:1'), tensor(0.0227, device='cuda:1'), tensor(0.0225, device='cuda:1'), tensor(0.0217, device='cuda:1'), tensor(0.0222, device='cuda:1'), tensor(0.0217, device='cuda:1'), tensor(0.0210, device='cuda:1'), tensor(0.0219, device='cuda:1'), tensor(0.0217, device='cuda:1'), tensor(0.0216, device='cuda:1'), tensor(0.0223, device='cuda:1'), tensor(0.0226, device='cuda:1'), tensor(0.0226, device='cuda:1'), tensor(0.0226, device='cuda:1'), tensor(0.0222, device='cuda:1'), tensor(0.0212, device='cuda:1'), tensor(0.0225, device='cuda:1'), tensor(0.0216, device='cuda:1'), tensor(0.0224, device='cuda:1'), tensor(0.0223, device='cuda:1'), tensor(0.0221, device='cuda:1'), tensor(0.0224, device='cuda:1'), tensor(0.0226, device='cuda:1'), tensor(0.0225, device='cuda:1'), tensor(0.0226, device='cuda:1'), tensor(0.0227, device='cuda:1'), tensor(0.0222, device='cuda:1'), tensor(0.0224, device='cuda:1'), tensor(0.0210, device='cuda:1'), tensor(0.0226, device='cuda:1'), tensor(0.0222, device='cuda:1'), tensor(0.0225, device='cuda:1'), tensor(0.0229, device='cuda:1'), tensor(0.0224, device='cuda:1'), tensor(0.0217, device='cuda:1'), tensor(0.0221, device='cuda:1'), tensor(0.0225, device='cuda:1'), tensor(0.0224, device='cuda:1'), tensor(0.0220, device='cuda:1'), tensor(0.0215, device='cuda:1'), tensor(0.0215, device='cuda:1'), tensor(0.0217, device='cuda:1'), tensor(0.0224, device='cuda:1'), tensor(0.0225, device='cuda:1'), tensor(0.0226, device='cuda:1'), tensor(0.0221, device='cuda:1'), tensor(0.0225, device='cuda:1'), tensor(0.0214, device='cuda:1'), tensor(0.0226, device='cuda:1'), tensor(0.0209, device='cuda:1'), tensor(0.0212, device='cuda:1'), tensor(0.0222, device='cuda:1'), tensor(0.0217, device='cuda:1'), tensor(0.0221, device='cuda:1'), tensor(0.0223, device='cuda:1'), tensor(0.0222, device='cuda:1'), tensor(0.0222, device='cuda:1'), tensor(0.0222, device='cuda:1'), tensor(0.0214, device='cuda:1'), tensor(0.0220, device='cuda:1'), tensor(0.0223, device='cuda:1'), tensor(0.0218, device='cuda:1'), tensor(0.0215, device='cuda:1'), tensor(0.0213, device='cuda:1'), tensor(0.0227, device='cuda:1'), tensor(0.0222, device='cuda:1'), tensor(0.0227, device='cuda:1'), tensor(0.0220, device='cuda:1'), tensor(0.0224, device='cuda:1'), tensor(0.0218, device='cuda:1'), tensor(0.0217, device='cuda:1'), tensor(0.0220, device='cuda:1'), tensor(0.0224, device='cuda:1'), tensor(0.0223, device='cuda:1'), tensor(0.0206, device='cuda:1'), tensor(0.0211, device='cuda:1'), tensor(0.0221, device='cuda:1'), tensor(0.0224, device='cuda:1'), tensor(0.0213, device='cuda:1'), tensor(0.0210, device='cuda:1'), tensor(0.0221, device='cuda:1'), tensor(0.0227, device='cuda:1'), tensor(0.0228, device='cuda:1'), tensor(0.0224, device='cuda:1'), tensor(0.0217, device='cuda:1'), tensor(0.0217, device='cuda:1'), tensor(0.0228, device='cuda:1'), tensor(0.0208, device='cuda:1'), tensor(0.0223, device='cuda:1'), tensor(0.0226, device='cuda:1'), tensor(0.0227, device='cuda:1')]"
73,"[tensor(0.0221, device='cuda:1'), tensor(0.0223, device='cuda:1'), tensor(0.0220, device='cuda:1'), tensor(0.0213, device='cuda:1'), tensor(0.0226, device='cuda:1'), tensor(0.0226, device='cuda:1'), tensor(0.0210, device='cuda:1'), tensor(0.0226, device='cuda:1'), tensor(0.0209, device='cuda:1'), tensor(0.0223, device='cuda:1'), tensor(0.0225, device='cuda:1'), tensor(0.0222, device='cuda:1'), tensor(0.0217, device='cuda:1'), tensor(0.0214, device='cuda:1'), tensor(0.0222, device='cuda:1'), tensor(0.0222, device='cuda:1'), tensor(0.0219, device='cuda:1'), tensor(0.0222, device='cuda:1'), tensor(0.0217, device='cuda:1'), tensor(0.0215, device='cuda:1'), tensor(0.0217, device='cuda:1'), tensor(0.0221, device='cuda:1'), tensor(0.0223, device='cuda:1'), tensor(0.0225, device='cuda:1'), tensor(0.0227, device='cuda:1'), tensor(0.0212, device='cuda:1'), tensor(0.0215, device='cuda:1'), tensor(0.0213, device='cuda:1'), tensor(0.0221, device='cuda:1'), tensor(0.0220, device='cuda:1'), tensor(0.0214, device='cuda:1'), tensor(0.0221, device='cuda:1'), tensor(0.0214, device='cuda:1'), tensor(0.0221, device='cuda:1'), tensor(0.0216, device='cuda:1'), tensor(0.0213, device='cuda:1'), tensor(0.0215, device='cuda:1'), tensor(0.0216, device='cuda:1'), tensor(0.0227, device='cuda:1'), tensor(0.0226, device='cuda:1'), tensor(0.0216, device='cuda:1'), tensor(0.0227, device='cuda:1'), tensor(0.0228, device='cuda:1'), tensor(0.0218, device='cuda:1'), tensor(0.0224, device='cuda:1'), tensor(0.0215, device='cuda:1'), tensor(0.0211, device='cuda:1'), tensor(0.0225, device='cuda:1'), tensor(0.0223, device='cuda:1'), tensor(0.0209, device='cuda:1'), tensor(0.0224, device='cuda:1'), tensor(0.0217, device='cuda:1'), tensor(0.0215, device='cuda:1'), tensor(0.0227, device='cuda:1'), tensor(0.0224, device='cuda:1'), tensor(0.0224, device='cuda:1'), tensor(0.0214, device='cuda:1'), tensor(0.0223, device='cuda:1'), tensor(0.0208, device='cuda:1'), tensor(0.0218, device='cuda:1'), tensor(0.0214, device='cuda:1'), tensor(0.0214, device='cuda:1'), tensor(0.0225, device='cuda:1'), tensor(0.0220, device='cuda:1'), tensor(0.0212, device='cuda:1'), tensor(0.0213, device='cuda:1'), tensor(0.0225, device='cuda:1'), tensor(0.0208, device='cuda:1'), tensor(0.0213, device='cuda:1'), tensor(0.0225, device='cuda:1'), tensor(0.0222, device='cuda:1'), tensor(0.0206, device='cuda:1'), tensor(0.0220, device='cuda:1'), tensor(0.0224, device='cuda:1'), tensor(0.0216, device='cuda:1'), tensor(0.0229, device='cuda:1'), tensor(0.0222, device='cuda:1'), tensor(0.0215, device='cuda:1'), tensor(0.0207, device='cuda:1'), tensor(0.0224, device='cuda:1'), tensor(0.0224, device='cuda:1'), tensor(0.0223, device='cuda:1'), tensor(0.0215, device='cuda:1'), tensor(0.0212, device='cuda:1'), tensor(0.0225, device='cuda:1'), tensor(0.0224, device='cuda:1'), tensor(0.0222, device='cuda:1'), tensor(0.0215, device='cuda:1'), tensor(0.0219, device='cuda:1'), tensor(0.0224, device='cuda:1'), tensor(0.0224, device='cuda:1'), tensor(0.0228, device='cuda:1'), tensor(0.0214, device='cuda:1'), tensor(0.0211, device='cuda:1'), tensor(0.0213, device='cuda:1'), tensor(0.0225, device='cuda:1'), tensor(0.0207, device='cuda:1'), tensor(0.0227, device='cuda:1'), tensor(0.0214, device='cuda:1'), tensor(0.0225, device='cuda:1')]"
74,"[tensor(0.0217, device='cuda:1'), tensor(0.0213, device='cuda:1'), tensor(0.0223, device='cuda:1'), tensor(0.0224, device='cuda:1'), tensor(0.0214, device='cuda:1'), tensor(0.0217, device='cuda:1'), tensor(0.0213, device='cuda:1'), tensor(0.0218, device='cuda:1'), tensor(0.0224, device='cuda:1'), tensor(0.0228, device='cuda:1'), tensor(0.0227, device='cuda:1'), tensor(0.0225, device='cuda:1'), tensor(0.0217, device='cuda:1'), tensor(0.0222, device='cuda:1'), tensor(0.0217, device='cuda:1'), tensor(0.0210, device='cuda:1'), tensor(0.0219, device='cuda:1'), tensor(0.0217, device='cuda:1'), tensor(0.0215, device='cuda:1'), tensor(0.0223, device='cuda:1'), tensor(0.0226, device='cuda:1'), tensor(0.0226, device='cuda:1'), tensor(0.0226, device='cuda:1'), tensor(0.0222, device='cuda:1'), tensor(0.0212, device='cuda:1'), tensor(0.0225, device='cuda:1'), tensor(0.0216, device='cuda:1'), tensor(0.0224, device='cuda:1'), tensor(0.0222, device='cuda:1'), tensor(0.0222, device='cuda:1'), tensor(0.0224, device='cuda:1'), tensor(0.0226, device='cuda:1'), tensor(0.0226, device='cuda:1'), tensor(0.0226, device='cuda:1'), tensor(0.0227, device='cuda:1'), tensor(0.0222, device='cuda:1'), tensor(0.0224, device='cuda:1'), tensor(0.0211, device='cuda:1'), tensor(0.0226, device='cuda:1'), tensor(0.0222, device='cuda:1'), tensor(0.0225, device='cuda:1'), tensor(0.0229, device='cuda:1'), tensor(0.0224, device='cuda:1'), tensor(0.0216, device='cuda:1'), tensor(0.0222, device='cuda:1'), tensor(0.0225, device='cuda:1'), tensor(0.0224, device='cuda:1'), tensor(0.0220, device='cuda:1'), tensor(0.0214, device='cuda:1'), tensor(0.0215, device='cuda:1'), tensor(0.0217, device='cuda:1'), tensor(0.0224, device='cuda:1'), tensor(0.0225, device='cuda:1'), tensor(0.0226, device='cuda:1'), tensor(0.0221, device='cuda:1'), tensor(0.0225, device='cuda:1'), tensor(0.0214, device='cuda:1'), tensor(0.0226, device='cuda:1'), tensor(0.0209, device='cuda:1'), tensor(0.0212, device='cuda:1'), tensor(0.0222, device='cuda:1'), tensor(0.0218, device='cuda:1'), tensor(0.0221, device='cuda:1'), tensor(0.0223, device='cuda:1'), tensor(0.0223, device='cuda:1'), tensor(0.0223, device='cuda:1'), tensor(0.0222, device='cuda:1'), tensor(0.0214, device='cuda:1'), tensor(0.0220, device='cuda:1'), tensor(0.0223, device='cuda:1'), tensor(0.0217, device='cuda:1'), tensor(0.0214, device='cuda:1'), tensor(0.0213, device='cuda:1'), tensor(0.0227, device='cuda:1'), tensor(0.0222, device='cuda:1'), tensor(0.0227, device='cuda:1'), tensor(0.0220, device='cuda:1'), tensor(0.0224, device='cuda:1'), tensor(0.0219, device='cuda:1'), tensor(0.0216, device='cuda:1'), tensor(0.0220, device='cuda:1'), tensor(0.0224, device='cuda:1'), tensor(0.0223, device='cuda:1'), tensor(0.0206, device='cuda:1'), tensor(0.0211, device='cuda:1'), tensor(0.0220, device='cuda:1'), tensor(0.0224, device='cuda:1'), tensor(0.0213, device='cuda:1'), tensor(0.0210, device='cuda:1'), tensor(0.0221, device='cuda:1'), tensor(0.0227, device='cuda:1'), tensor(0.0228, device='cuda:1'), tensor(0.0224, device='cuda:1'), tensor(0.0218, device='cuda:1'), tensor(0.0217, device='cuda:1'), tensor(0.0228, device='cuda:1'), tensor(0.0208, device='cuda:1'), tensor(0.0222, device='cuda:1'), tensor(0.0226, device='cuda:1'), tensor(0.0227, device='cuda:1')]"
75,"[tensor(0.0221, device='cuda:1'), tensor(0.0223, device='cuda:1'), tensor(0.0219, device='cuda:1'), tensor(0.0213, device='cuda:1'), tensor(0.0226, device='cuda:1'), tensor(0.0226, device='cuda:1'), tensor(0.0209, device='cuda:1'), tensor(0.0226, device='cuda:1'), tensor(0.0210, device='cuda:1'), tensor(0.0223, device='cuda:1'), tensor(0.0225, device='cuda:1'), tensor(0.0222, device='cuda:1'), tensor(0.0217, device='cuda:1'), tensor(0.0214, device='cuda:1'), tensor(0.0222, device='cuda:1'), tensor(0.0222, device='cuda:1'), tensor(0.0220, device='cuda:1'), tensor(0.0222, device='cuda:1'), tensor(0.0218, device='cuda:1'), tensor(0.0215, device='cuda:1'), tensor(0.0217, device='cuda:1'), tensor(0.0222, device='cuda:1'), tensor(0.0223, device='cuda:1'), tensor(0.0224, device='cuda:1'), tensor(0.0227, device='cuda:1'), tensor(0.0212, device='cuda:1'), tensor(0.0215, device='cuda:1'), tensor(0.0213, device='cuda:1'), tensor(0.0220, device='cuda:1'), tensor(0.0219, device='cuda:1'), tensor(0.0214, device='cuda:1'), tensor(0.0221, device='cuda:1'), tensor(0.0214, device='cuda:1'), tensor(0.0220, device='cuda:1'), tensor(0.0216, device='cuda:1'), tensor(0.0213, device='cuda:1'), tensor(0.0215, device='cuda:1'), tensor(0.0216, device='cuda:1'), tensor(0.0226, device='cuda:1'), tensor(0.0225, device='cuda:1'), tensor(0.0216, device='cuda:1'), tensor(0.0227, device='cuda:1'), tensor(0.0228, device='cuda:1'), tensor(0.0218, device='cuda:1'), tensor(0.0224, device='cuda:1'), tensor(0.0214, device='cuda:1'), tensor(0.0212, device='cuda:1'), tensor(0.0225, device='cuda:1'), tensor(0.0223, device='cuda:1'), tensor(0.0209, device='cuda:1'), tensor(0.0224, device='cuda:1'), tensor(0.0217, device='cuda:1'), tensor(0.0214, device='cuda:1'), tensor(0.0227, device='cuda:1'), tensor(0.0224, device='cuda:1'), tensor(0.0225, device='cuda:1'), tensor(0.0214, device='cuda:1'), tensor(0.0223, device='cuda:1'), tensor(0.0207, device='cuda:1'), tensor(0.0217, device='cuda:1'), tensor(0.0214, device='cuda:1'), tensor(0.0214, device='cuda:1'), tensor(0.0225, device='cuda:1'), tensor(0.0221, device='cuda:1'), tensor(0.0212, device='cuda:1'), tensor(0.0213, device='cuda:1'), tensor(0.0225, device='cuda:1'), tensor(0.0208, device='cuda:1'), tensor(0.0212, device='cuda:1'), tensor(0.0225, device='cuda:1'), tensor(0.0221, device='cuda:1'), tensor(0.0206, device='cuda:1'), tensor(0.0220, device='cuda:1'), tensor(0.0225, device='cuda:1'), tensor(0.0216, device='cuda:1'), tensor(0.0229, device='cuda:1'), tensor(0.0222, device='cuda:1'), tensor(0.0215, device='cuda:1'), tensor(0.0207, device='cuda:1'), tensor(0.0224, device='cuda:1'), tensor(0.0224, device='cuda:1'), tensor(0.0223, device='cuda:1'), tensor(0.0215, device='cuda:1'), tensor(0.0212, device='cuda:1'), tensor(0.0225, device='cuda:1'), tensor(0.0224, device='cuda:1'), tensor(0.0221, device='cuda:1'), tensor(0.0215, device='cuda:1'), tensor(0.0219, device='cuda:1'), tensor(0.0224, device='cuda:1'), tensor(0.0224, device='cuda:1'), tensor(0.0228, device='cuda:1'), tensor(0.0214, device='cuda:1'), tensor(0.0211, device='cuda:1'), tensor(0.0213, device='cuda:1'), tensor(0.0225, device='cuda:1'), tensor(0.0208, device='cuda:1'), tensor(0.0227, device='cuda:1'), tensor(0.0214, device='cuda:1'), tensor(0.0225, device='cuda:1')]"
76,"[tensor(0.0217, device='cuda:1'), tensor(0.0213, device='cuda:1'), tensor(0.0223, device='cuda:1'), tensor(0.0224, device='cuda:1'), tensor(0.0214, device='cuda:1'), tensor(0.0217, device='cuda:1'), tensor(0.0213, device='cuda:1'), tensor(0.0218, device='cuda:1'), tensor(0.0224, device='cuda:1'), tensor(0.0228, device='cuda:1'), tensor(0.0227, device='cuda:1'), tensor(0.0225, device='cuda:1'), tensor(0.0217, device='cuda:1'), tensor(0.0222, device='cuda:1'), tensor(0.0217, device='cuda:1'), tensor(0.0210, device='cuda:1'), tensor(0.0219, device='cuda:1'), tensor(0.0217, device='cuda:1'), tensor(0.0215, device='cuda:1'), tensor(0.0223, device='cuda:1'), tensor(0.0226, device='cuda:1'), tensor(0.0226, device='cuda:1'), tensor(0.0226, device='cuda:1'), tensor(0.0221, device='cuda:1'), tensor(0.0212, device='cuda:1'), tensor(0.0225, device='cuda:1'), tensor(0.0216, device='cuda:1'), tensor(0.0224, device='cuda:1'), tensor(0.0222, device='cuda:1'), tensor(0.0221, device='cuda:1'), tensor(0.0224, device='cuda:1'), tensor(0.0226, device='cuda:1'), tensor(0.0226, device='cuda:1'), tensor(0.0226, device='cuda:1'), tensor(0.0227, device='cuda:1'), tensor(0.0222, device='cuda:1'), tensor(0.0224, device='cuda:1'), tensor(0.0211, device='cuda:1'), tensor(0.0226, device='cuda:1'), tensor(0.0222, device='cuda:1'), tensor(0.0225, device='cuda:1'), tensor(0.0229, device='cuda:1'), tensor(0.0224, device='cuda:1'), tensor(0.0216, device='cuda:1'), tensor(0.0221, device='cuda:1'), tensor(0.0225, device='cuda:1'), tensor(0.0224, device='cuda:1'), tensor(0.0220, device='cuda:1'), tensor(0.0214, device='cuda:1'), tensor(0.0215, device='cuda:1'), tensor(0.0217, device='cuda:1'), tensor(0.0224, device='cuda:1'), tensor(0.0225, device='cuda:1'), tensor(0.0226, device='cuda:1'), tensor(0.0221, device='cuda:1'), tensor(0.0225, device='cuda:1'), tensor(0.0214, device='cuda:1'), tensor(0.0225, device='cuda:1'), tensor(0.0209, device='cuda:1'), tensor(0.0212, device='cuda:1'), tensor(0.0222, device='cuda:1'), tensor(0.0218, device='cuda:1'), tensor(0.0220, device='cuda:1'), tensor(0.0223, device='cuda:1'), tensor(0.0223, device='cuda:1'), tensor(0.0223, device='cuda:1'), tensor(0.0222, device='cuda:1'), tensor(0.0214, device='cuda:1'), tensor(0.0220, device='cuda:1'), tensor(0.0223, device='cuda:1'), tensor(0.0215, device='cuda:1'), tensor(0.0215, device='cuda:1'), tensor(0.0213, device='cuda:1'), tensor(0.0227, device='cuda:1'), tensor(0.0222, device='cuda:1'), tensor(0.0227, device='cuda:1'), tensor(0.0220, device='cuda:1'), tensor(0.0224, device='cuda:1'), tensor(0.0219, device='cuda:1'), tensor(0.0216, device='cuda:1'), tensor(0.0220, device='cuda:1'), tensor(0.0225, device='cuda:1'), tensor(0.0224, device='cuda:1'), tensor(0.0206, device='cuda:1'), tensor(0.0211, device='cuda:1'), tensor(0.0220, device='cuda:1'), tensor(0.0224, device='cuda:1'), tensor(0.0213, device='cuda:1'), tensor(0.0210, device='cuda:1'), tensor(0.0222, device='cuda:1'), tensor(0.0227, device='cuda:1'), tensor(0.0228, device='cuda:1'), tensor(0.0224, device='cuda:1'), tensor(0.0218, device='cuda:1'), tensor(0.0217, device='cuda:1'), tensor(0.0228, device='cuda:1'), tensor(0.0208, device='cuda:1'), tensor(0.0223, device='cuda:1'), tensor(0.0226, device='cuda:1'), tensor(0.0227, device='cuda:1')]"
77,"[tensor(0.0220, device='cuda:1'), tensor(0.0223, device='cuda:1'), tensor(0.0220, device='cuda:1'), tensor(0.0213, device='cuda:1'), tensor(0.0226, device='cuda:1'), tensor(0.0226, device='cuda:1'), tensor(0.0209, device='cuda:1'), tensor(0.0226, device='cuda:1'), tensor(0.0209, device='cuda:1'), tensor(0.0223, device='cuda:1'), tensor(0.0225, device='cuda:1'), tensor(0.0222, device='cuda:1'), tensor(0.0217, device='cuda:1'), tensor(0.0214, device='cuda:1'), tensor(0.0222, device='cuda:1'), tensor(0.0222, device='cuda:1'), tensor(0.0220, device='cuda:1'), tensor(0.0222, device='cuda:1'), tensor(0.0218, device='cuda:1'), tensor(0.0215, device='cuda:1'), tensor(0.0217, device='cuda:1'), tensor(0.0222, device='cuda:1'), tensor(0.0223, device='cuda:1'), tensor(0.0224, device='cuda:1'), tensor(0.0227, device='cuda:1'), tensor(0.0212, device='cuda:1'), tensor(0.0215, device='cuda:1'), tensor(0.0214, device='cuda:1'), tensor(0.0221, device='cuda:1'), tensor(0.0218, device='cuda:1'), tensor(0.0214, device='cuda:1'), tensor(0.0221, device='cuda:1'), tensor(0.0214, device='cuda:1'), tensor(0.0221, device='cuda:1'), tensor(0.0216, device='cuda:1'), tensor(0.0213, device='cuda:1'), tensor(0.0215, device='cuda:1'), tensor(0.0216, device='cuda:1'), tensor(0.0226, device='cuda:1'), tensor(0.0225, device='cuda:1'), tensor(0.0216, device='cuda:1'), tensor(0.0227, device='cuda:1'), tensor(0.0228, device='cuda:1'), tensor(0.0217, device='cuda:1'), tensor(0.0224, device='cuda:1'), tensor(0.0214, device='cuda:1'), tensor(0.0212, device='cuda:1'), tensor(0.0225, device='cuda:1'), tensor(0.0223, device='cuda:1'), tensor(0.0209, device='cuda:1'), tensor(0.0224, device='cuda:1'), tensor(0.0217, device='cuda:1'), tensor(0.0214, device='cuda:1'), tensor(0.0227, device='cuda:1'), tensor(0.0224, device='cuda:1'), tensor(0.0225, device='cuda:1'), tensor(0.0214, device='cuda:1'), tensor(0.0223, device='cuda:1'), tensor(0.0207, device='cuda:1'), tensor(0.0218, device='cuda:1'), tensor(0.0214, device='cuda:1'), tensor(0.0214, device='cuda:1'), tensor(0.0225, device='cuda:1'), tensor(0.0221, device='cuda:1'), tensor(0.0212, device='cuda:1'), tensor(0.0213, device='cuda:1'), tensor(0.0225, device='cuda:1'), tensor(0.0207, device='cuda:1'), tensor(0.0212, device='cuda:1'), tensor(0.0224, device='cuda:1'), tensor(0.0221, device='cuda:1'), tensor(0.0207, device='cuda:1'), tensor(0.0219, device='cuda:1'), tensor(0.0225, device='cuda:1'), tensor(0.0216, device='cuda:1'), tensor(0.0229, device='cuda:1'), tensor(0.0222, device='cuda:1'), tensor(0.0215, device='cuda:1'), tensor(0.0207, device='cuda:1'), tensor(0.0224, device='cuda:1'), tensor(0.0224, device='cuda:1'), tensor(0.0224, device='cuda:1'), tensor(0.0215, device='cuda:1'), tensor(0.0211, device='cuda:1'), tensor(0.0225, device='cuda:1'), tensor(0.0224, device='cuda:1'), tensor(0.0220, device='cuda:1'), tensor(0.0215, device='cuda:1'), tensor(0.0219, device='cuda:1'), tensor(0.0225, device='cuda:1'), tensor(0.0224, device='cuda:1'), tensor(0.0228, device='cuda:1'), tensor(0.0214, device='cuda:1'), tensor(0.0212, device='cuda:1'), tensor(0.0213, device='cuda:1'), tensor(0.0226, device='cuda:1'), tensor(0.0207, device='cuda:1'), tensor(0.0227, device='cuda:1'), tensor(0.0214, device='cuda:1'), tensor(0.0225, device='cuda:1')]"
78,"[tensor(0.0217, device='cuda:1'), tensor(0.0213, device='cuda:1'), tensor(0.0223, device='cuda:1'), tensor(0.0224, device='cuda:1'), tensor(0.0214, device='cuda:1'), tensor(0.0217, device='cuda:1'), tensor(0.0213, device='cuda:1'), tensor(0.0218, device='cuda:1'), tensor(0.0225, device='cuda:1'), tensor(0.0228, device='cuda:1'), tensor(0.0227, device='cuda:1'), tensor(0.0225, device='cuda:1'), tensor(0.0217, device='cuda:1'), tensor(0.0222, device='cuda:1'), tensor(0.0216, device='cuda:1'), tensor(0.0210, device='cuda:1'), tensor(0.0219, device='cuda:1'), tensor(0.0217, device='cuda:1'), tensor(0.0215, device='cuda:1'), tensor(0.0223, device='cuda:1'), tensor(0.0226, device='cuda:1'), tensor(0.0226, device='cuda:1'), tensor(0.0226, device='cuda:1'), tensor(0.0221, device='cuda:1'), tensor(0.0212, device='cuda:1'), tensor(0.0225, device='cuda:1'), tensor(0.0216, device='cuda:1'), tensor(0.0224, device='cuda:1'), tensor(0.0218, device='cuda:1'), tensor(0.0221, device='cuda:1'), tensor(0.0224, device='cuda:1'), tensor(0.0226, device='cuda:1'), tensor(0.0226, device='cuda:1'), tensor(0.0226, device='cuda:1'), tensor(0.0227, device='cuda:1'), tensor(0.0222, device='cuda:1'), tensor(0.0224, device='cuda:1'), tensor(0.0211, device='cuda:1'), tensor(0.0226, device='cuda:1'), tensor(0.0222, device='cuda:1'), tensor(0.0225, device='cuda:1'), tensor(0.0229, device='cuda:1'), tensor(0.0224, device='cuda:1'), tensor(0.0216, device='cuda:1'), tensor(0.0221, device='cuda:1'), tensor(0.0225, device='cuda:1'), tensor(0.0224, device='cuda:1'), tensor(0.0219, device='cuda:1'), tensor(0.0214, device='cuda:1'), tensor(0.0216, device='cuda:1'), tensor(0.0217, device='cuda:1'), tensor(0.0224, device='cuda:1'), tensor(0.0225, device='cuda:1'), tensor(0.0226, device='cuda:1'), tensor(0.0221, device='cuda:1'), tensor(0.0225, device='cuda:1'), tensor(0.0214, device='cuda:1'), tensor(0.0226, device='cuda:1'), tensor(0.0209, device='cuda:1'), tensor(0.0212, device='cuda:1'), tensor(0.0222, device='cuda:1'), tensor(0.0218, device='cuda:1'), tensor(0.0220, device='cuda:1'), tensor(0.0223, device='cuda:1'), tensor(0.0223, device='cuda:1'), tensor(0.0223, device='cuda:1'), tensor(0.0222, device='cuda:1'), tensor(0.0214, device='cuda:1'), tensor(0.0221, device='cuda:1'), tensor(0.0223, device='cuda:1'), tensor(0.0216, device='cuda:1'), tensor(0.0215, device='cuda:1'), tensor(0.0213, device='cuda:1'), tensor(0.0227, device='cuda:1'), tensor(0.0223, device='cuda:1'), tensor(0.0227, device='cuda:1'), tensor(0.0220, device='cuda:1'), tensor(0.0224, device='cuda:1'), tensor(0.0219, device='cuda:1'), tensor(0.0216, device='cuda:1'), tensor(0.0219, device='cuda:1'), tensor(0.0225, device='cuda:1'), tensor(0.0224, device='cuda:1'), tensor(0.0205, device='cuda:1'), tensor(0.0211, device='cuda:1'), tensor(0.0221, device='cuda:1'), tensor(0.0224, device='cuda:1'), tensor(0.0213, device='cuda:1'), tensor(0.0210, device='cuda:1'), tensor(0.0222, device='cuda:1'), tensor(0.0227, device='cuda:1'), tensor(0.0228, device='cuda:1'), tensor(0.0224, device='cuda:1'), tensor(0.0218, device='cuda:1'), tensor(0.0218, device='cuda:1'), tensor(0.0228, device='cuda:1'), tensor(0.0208, device='cuda:1'), tensor(0.0223, device='cuda:1'), tensor(0.0226, device='cuda:1'), tensor(0.0227, device='cuda:1')]"
79,"[tensor(0.0218, device='cuda:1'), tensor(0.0224, device='cuda:1'), tensor(0.0220, device='cuda:1'), tensor(0.0213, device='cuda:1'), tensor(0.0226, device='cuda:1'), tensor(0.0226, device='cuda:1'), tensor(0.0209, device='cuda:1'), tensor(0.0226, device='cuda:1'), tensor(0.0209, device='cuda:1'), tensor(0.0223, device='cuda:1'), tensor(0.0225, device='cuda:1'), tensor(0.0222, device='cuda:1'), tensor(0.0217, device='cuda:1'), tensor(0.0214, device='cuda:1'), tensor(0.0222, device='cuda:1'), tensor(0.0222, device='cuda:1'), tensor(0.0219, device='cuda:1'), tensor(0.0222, device='cuda:1'), tensor(0.0218, device='cuda:1'), tensor(0.0214, device='cuda:1'), tensor(0.0217, device='cuda:1'), tensor(0.0222, device='cuda:1'), tensor(0.0223, device='cuda:1'), tensor(0.0223, device='cuda:1'), tensor(0.0227, device='cuda:1'), tensor(0.0212, device='cuda:1'), tensor(0.0215, device='cuda:1'), tensor(0.0213, device='cuda:1'), tensor(0.0221, device='cuda:1'), tensor(0.0218, device='cuda:1'), tensor(0.0214, device='cuda:1'), tensor(0.0221, device='cuda:1'), tensor(0.0214, device='cuda:1'), tensor(0.0221, device='cuda:1'), tensor(0.0216, device='cuda:1'), tensor(0.0213, device='cuda:1'), tensor(0.0215, device='cuda:1'), tensor(0.0216, device='cuda:1'), tensor(0.0226, device='cuda:1'), tensor(0.0225, device='cuda:1'), tensor(0.0216, device='cuda:1'), tensor(0.0227, device='cuda:1'), tensor(0.0228, device='cuda:1'), tensor(0.0217, device='cuda:1'), tensor(0.0224, device='cuda:1'), tensor(0.0214, device='cuda:1'), tensor(0.0211, device='cuda:1'), tensor(0.0225, device='cuda:1'), tensor(0.0222, device='cuda:1'), tensor(0.0209, device='cuda:1'), tensor(0.0224, device='cuda:1'), tensor(0.0217, device='cuda:1'), tensor(0.0214, device='cuda:1'), tensor(0.0226, device='cuda:1'), tensor(0.0224, device='cuda:1'), tensor(0.0225, device='cuda:1'), tensor(0.0214, device='cuda:1'), tensor(0.0222, device='cuda:1'), tensor(0.0207, device='cuda:1'), tensor(0.0217, device='cuda:1'), tensor(0.0214, device='cuda:1'), tensor(0.0214, device='cuda:1'), tensor(0.0225, device='cuda:1'), tensor(0.0221, device='cuda:1'), tensor(0.0212, device='cuda:1'), tensor(0.0213, device='cuda:1'), tensor(0.0225, device='cuda:1'), tensor(0.0207, device='cuda:1'), tensor(0.0213, device='cuda:1'), tensor(0.0223, device='cuda:1'), tensor(0.0221, device='cuda:1'), tensor(0.0207, device='cuda:1'), tensor(0.0220, device='cuda:1'), tensor(0.0225, device='cuda:1'), tensor(0.0216, device='cuda:1'), tensor(0.0229, device='cuda:1'), tensor(0.0222, device='cuda:1'), tensor(0.0215, device='cuda:1'), tensor(0.0207, device='cuda:1'), tensor(0.0224, device='cuda:1'), tensor(0.0224, device='cuda:1'), tensor(0.0224, device='cuda:1'), tensor(0.0215, device='cuda:1'), tensor(0.0212, device='cuda:1'), tensor(0.0225, device='cuda:1'), tensor(0.0224, device='cuda:1'), tensor(0.0221, device='cuda:1'), tensor(0.0215, device='cuda:1'), tensor(0.0220, device='cuda:1'), tensor(0.0224, device='cuda:1'), tensor(0.0224, device='cuda:1'), tensor(0.0228, device='cuda:1'), tensor(0.0214, device='cuda:1'), tensor(0.0212, device='cuda:1'), tensor(0.0213, device='cuda:1'), tensor(0.0226, device='cuda:1'), tensor(0.0208, device='cuda:1'), tensor(0.0227, device='cuda:1'), tensor(0.0214, device='cuda:1'), tensor(0.0224, device='cuda:1')]"
80,"[tensor(0.0217, device='cuda:1'), tensor(0.0213, device='cuda:1'), tensor(0.0223, device='cuda:1'), tensor(0.0224, device='cuda:1'), tensor(0.0214, device='cuda:1'), tensor(0.0217, device='cuda:1'), tensor(0.0213, device='cuda:1'), tensor(0.0218, device='cuda:1'), tensor(0.0225, device='cuda:1'), tensor(0.0228, device='cuda:1'), tensor(0.0227, device='cuda:1'), tensor(0.0225, device='cuda:1'), tensor(0.0216, device='cuda:1'), tensor(0.0221, device='cuda:1'), tensor(0.0217, device='cuda:1'), tensor(0.0210, device='cuda:1'), tensor(0.0219, device='cuda:1'), tensor(0.0217, device='cuda:1'), tensor(0.0215, device='cuda:1'), tensor(0.0224, device='cuda:1'), tensor(0.0226, device='cuda:1'), tensor(0.0226, device='cuda:1'), tensor(0.0226, device='cuda:1'), tensor(0.0220, device='cuda:1'), tensor(0.0212, device='cuda:1'), tensor(0.0225, device='cuda:1'), tensor(0.0215, device='cuda:1'), tensor(0.0224, device='cuda:1'), tensor(0.0218, device='cuda:1'), tensor(0.0222, device='cuda:1'), tensor(0.0224, device='cuda:1'), tensor(0.0226, device='cuda:1'), tensor(0.0226, device='cuda:1'), tensor(0.0226, device='cuda:1'), tensor(0.0226, device='cuda:1'), tensor(0.0221, device='cuda:1'), tensor(0.0224, device='cuda:1'), tensor(0.0210, device='cuda:1'), tensor(0.0226, device='cuda:1'), tensor(0.0221, device='cuda:1'), tensor(0.0225, device='cuda:1'), tensor(0.0229, device='cuda:1'), tensor(0.0225, device='cuda:1'), tensor(0.0216, device='cuda:1'), tensor(0.0221, device='cuda:1'), tensor(0.0225, device='cuda:1'), tensor(0.0224, device='cuda:1'), tensor(0.0219, device='cuda:1'), tensor(0.0214, device='cuda:1'), tensor(0.0216, device='cuda:1'), tensor(0.0217, device='cuda:1'), tensor(0.0224, device='cuda:1'), tensor(0.0225, device='cuda:1'), tensor(0.0226, device='cuda:1'), tensor(0.0221, device='cuda:1'), tensor(0.0226, device='cuda:1'), tensor(0.0214, device='cuda:1'), tensor(0.0226, device='cuda:1'), tensor(0.0209, device='cuda:1'), tensor(0.0212, device='cuda:1'), tensor(0.0222, device='cuda:1'), tensor(0.0218, device='cuda:1'), tensor(0.0220, device='cuda:1'), tensor(0.0223, device='cuda:1'), tensor(0.0223, device='cuda:1'), tensor(0.0223, device='cuda:1'), tensor(0.0221, device='cuda:1'), tensor(0.0214, device='cuda:1'), tensor(0.0221, device='cuda:1'), tensor(0.0223, device='cuda:1'), tensor(0.0217, device='cuda:1'), tensor(0.0216, device='cuda:1'), tensor(0.0213, device='cuda:1'), tensor(0.0227, device='cuda:1'), tensor(0.0223, device='cuda:1'), tensor(0.0227, device='cuda:1'), tensor(0.0220, device='cuda:1'), tensor(0.0224, device='cuda:1'), tensor(0.0220, device='cuda:1'), tensor(0.0216, device='cuda:1'), tensor(0.0219, device='cuda:1'), tensor(0.0226, device='cuda:1'), tensor(0.0224, device='cuda:1'), tensor(0.0205, device='cuda:1'), tensor(0.0211, device='cuda:1'), tensor(0.0220, device='cuda:1'), tensor(0.0225, device='cuda:1'), tensor(0.0213, device='cuda:1'), tensor(0.0210, device='cuda:1'), tensor(0.0220, device='cuda:1'), tensor(0.0227, device='cuda:1'), tensor(0.0228, device='cuda:1'), tensor(0.0224, device='cuda:1'), tensor(0.0218, device='cuda:1'), tensor(0.0217, device='cuda:1'), tensor(0.0228, device='cuda:1'), tensor(0.0208, device='cuda:1'), tensor(0.0223, device='cuda:1'), tensor(0.0226, device='cuda:1'), tensor(0.0227, device='cuda:1')]"
81,"[tensor(0.0215, device='cuda:1'), tensor(0.0224, device='cuda:1'), tensor(0.0219, device='cuda:1'), tensor(0.0213, device='cuda:1'), tensor(0.0226, device='cuda:1'), tensor(0.0226, device='cuda:1'), tensor(0.0209, device='cuda:1'), tensor(0.0226, device='cuda:1'), tensor(0.0210, device='cuda:1'), tensor(0.0223, device='cuda:1'), tensor(0.0224, device='cuda:1'), tensor(0.0222, device='cuda:1'), tensor(0.0217, device='cuda:1'), tensor(0.0214, device='cuda:1'), tensor(0.0222, device='cuda:1'), tensor(0.0222, device='cuda:1'), tensor(0.0219, device='cuda:1'), tensor(0.0222, device='cuda:1'), tensor(0.0217, device='cuda:1'), tensor(0.0214, device='cuda:1'), tensor(0.0217, device='cuda:1'), tensor(0.0221, device='cuda:1'), tensor(0.0223, device='cuda:1'), tensor(0.0223, device='cuda:1'), tensor(0.0227, device='cuda:1'), tensor(0.0212, device='cuda:1'), tensor(0.0214, device='cuda:1'), tensor(0.0213, device='cuda:1'), tensor(0.0221, device='cuda:1'), tensor(0.0219, device='cuda:1'), tensor(0.0214, device='cuda:1'), tensor(0.0221, device='cuda:1'), tensor(0.0214, device='cuda:1'), tensor(0.0221, device='cuda:1'), tensor(0.0216, device='cuda:1'), tensor(0.0212, device='cuda:1'), tensor(0.0215, device='cuda:1'), tensor(0.0216, device='cuda:1'), tensor(0.0226, device='cuda:1'), tensor(0.0225, device='cuda:1'), tensor(0.0216, device='cuda:1'), tensor(0.0227, device='cuda:1'), tensor(0.0228, device='cuda:1'), tensor(0.0217, device='cuda:1'), tensor(0.0223, device='cuda:1'), tensor(0.0214, device='cuda:1'), tensor(0.0211, device='cuda:1'), tensor(0.0225, device='cuda:1'), tensor(0.0222, device='cuda:1'), tensor(0.0209, device='cuda:1'), tensor(0.0224, device='cuda:1'), tensor(0.0217, device='cuda:1'), tensor(0.0214, device='cuda:1'), tensor(0.0226, device='cuda:1'), tensor(0.0224, device='cuda:1'), tensor(0.0225, device='cuda:1'), tensor(0.0213, device='cuda:1'), tensor(0.0222, device='cuda:1'), tensor(0.0207, device='cuda:1'), tensor(0.0217, device='cuda:1'), tensor(0.0214, device='cuda:1'), tensor(0.0214, device='cuda:1'), tensor(0.0225, device='cuda:1'), tensor(0.0221, device='cuda:1'), tensor(0.0212, device='cuda:1'), tensor(0.0213, device='cuda:1'), tensor(0.0225, device='cuda:1'), tensor(0.0207, device='cuda:1'), tensor(0.0212, device='cuda:1'), tensor(0.0223, device='cuda:1'), tensor(0.0222, device='cuda:1'), tensor(0.0207, device='cuda:1'), tensor(0.0220, device='cuda:1'), tensor(0.0225, device='cuda:1'), tensor(0.0216, device='cuda:1'), tensor(0.0229, device='cuda:1'), tensor(0.0222, device='cuda:1'), tensor(0.0215, device='cuda:1'), tensor(0.0207, device='cuda:1'), tensor(0.0224, device='cuda:1'), tensor(0.0224, device='cuda:1'), tensor(0.0224, device='cuda:1'), tensor(0.0215, device='cuda:1'), tensor(0.0212, device='cuda:1'), tensor(0.0225, device='cuda:1'), tensor(0.0224, device='cuda:1'), tensor(0.0221, device='cuda:1'), tensor(0.0214, device='cuda:1'), tensor(0.0220, device='cuda:1'), tensor(0.0223, device='cuda:1'), tensor(0.0224, device='cuda:1'), tensor(0.0228, device='cuda:1'), tensor(0.0213, device='cuda:1'), tensor(0.0211, device='cuda:1'), tensor(0.0213, device='cuda:1'), tensor(0.0225, device='cuda:1'), tensor(0.0207, device='cuda:1'), tensor(0.0227, device='cuda:1'), tensor(0.0214, device='cuda:1'), tensor(0.0224, device='cuda:1')]"
82,"[tensor(0.0219, device='cuda:1'), tensor(0.0213, device='cuda:1'), tensor(0.0223, device='cuda:1'), tensor(0.0224, device='cuda:1'), tensor(0.0214, device='cuda:1'), tensor(0.0217, device='cuda:1'), tensor(0.0213, device='cuda:1'), tensor(0.0218, device='cuda:1'), tensor(0.0225, device='cuda:1'), tensor(0.0228, device='cuda:1'), tensor(0.0227, device='cuda:1'), tensor(0.0225, device='cuda:1'), tensor(0.0215, device='cuda:1'), tensor(0.0221, device='cuda:1'), tensor(0.0217, device='cuda:1'), tensor(0.0210, device='cuda:1'), tensor(0.0218, device='cuda:1'), tensor(0.0216, device='cuda:1'), tensor(0.0214, device='cuda:1'), tensor(0.0223, device='cuda:1'), tensor(0.0226, device='cuda:1'), tensor(0.0226, device='cuda:1'), tensor(0.0226, device='cuda:1'), tensor(0.0220, device='cuda:1'), tensor(0.0212, device='cuda:1'), tensor(0.0225, device='cuda:1'), tensor(0.0214, device='cuda:1'), tensor(0.0224, device='cuda:1'), tensor(0.0218, device='cuda:1'), tensor(0.0222, device='cuda:1'), tensor(0.0223, device='cuda:1'), tensor(0.0226, device='cuda:1'), tensor(0.0226, device='cuda:1'), tensor(0.0226, device='cuda:1'), tensor(0.0226, device='cuda:1'), tensor(0.0220, device='cuda:1'), tensor(0.0224, device='cuda:1'), tensor(0.0210, device='cuda:1'), tensor(0.0226, device='cuda:1'), tensor(0.0222, device='cuda:1'), tensor(0.0225, device='cuda:1'), tensor(0.0229, device='cuda:1'), tensor(0.0224, device='cuda:1'), tensor(0.0216, device='cuda:1'), tensor(0.0221, device='cuda:1'), tensor(0.0225, device='cuda:1'), tensor(0.0224, device='cuda:1'), tensor(0.0220, device='cuda:1'), tensor(0.0214, device='cuda:1'), tensor(0.0216, device='cuda:1'), tensor(0.0217, device='cuda:1'), tensor(0.0224, device='cuda:1'), tensor(0.0225, device='cuda:1'), tensor(0.0226, device='cuda:1'), tensor(0.0221, device='cuda:1'), tensor(0.0226, device='cuda:1'), tensor(0.0213, device='cuda:1'), tensor(0.0226, device='cuda:1'), tensor(0.0209, device='cuda:1'), tensor(0.0211, device='cuda:1'), tensor(0.0222, device='cuda:1'), tensor(0.0218, device='cuda:1'), tensor(0.0220, device='cuda:1'), tensor(0.0223, device='cuda:1'), tensor(0.0223, device='cuda:1'), tensor(0.0223, device='cuda:1'), tensor(0.0220, device='cuda:1'), tensor(0.0214, device='cuda:1'), tensor(0.0221, device='cuda:1'), tensor(0.0223, device='cuda:1'), tensor(0.0217, device='cuda:1'), tensor(0.0216, device='cuda:1'), tensor(0.0213, device='cuda:1'), tensor(0.0227, device='cuda:1'), tensor(0.0223, device='cuda:1'), tensor(0.0227, device='cuda:1'), tensor(0.0220, device='cuda:1'), tensor(0.0225, device='cuda:1'), tensor(0.0220, device='cuda:1'), tensor(0.0217, device='cuda:1'), tensor(0.0218, device='cuda:1'), tensor(0.0226, device='cuda:1'), tensor(0.0223, device='cuda:1'), tensor(0.0205, device='cuda:1'), tensor(0.0211, device='cuda:1'), tensor(0.0221, device='cuda:1'), tensor(0.0225, device='cuda:1'), tensor(0.0213, device='cuda:1'), tensor(0.0210, device='cuda:1'), tensor(0.0219, device='cuda:1'), tensor(0.0227, device='cuda:1'), tensor(0.0228, device='cuda:1'), tensor(0.0224, device='cuda:1'), tensor(0.0218, device='cuda:1'), tensor(0.0217, device='cuda:1'), tensor(0.0228, device='cuda:1'), tensor(0.0208, device='cuda:1'), tensor(0.0223, device='cuda:1'), tensor(0.0226, device='cuda:1'), tensor(0.0227, device='cuda:1')]"
83,"[tensor(0.0215, device='cuda:1'), tensor(0.0224, device='cuda:1'), tensor(0.0219, device='cuda:1'), tensor(0.0213, device='cuda:1'), tensor(0.0226, device='cuda:1'), tensor(0.0226, device='cuda:1'), tensor(0.0209, device='cuda:1'), tensor(0.0226, device='cuda:1'), tensor(0.0209, device='cuda:1'), tensor(0.0223, device='cuda:1'), tensor(0.0224, device='cuda:1'), tensor(0.0221, device='cuda:1'), tensor(0.0217, device='cuda:1'), tensor(0.0214, device='cuda:1'), tensor(0.0222, device='cuda:1'), tensor(0.0222, device='cuda:1'), tensor(0.0219, device='cuda:1'), tensor(0.0222, device='cuda:1'), tensor(0.0218, device='cuda:1'), tensor(0.0214, device='cuda:1'), tensor(0.0217, device='cuda:1'), tensor(0.0221, device='cuda:1'), tensor(0.0222, device='cuda:1'), tensor(0.0223, device='cuda:1'), tensor(0.0227, device='cuda:1'), tensor(0.0212, device='cuda:1'), tensor(0.0215, device='cuda:1'), tensor(0.0213, device='cuda:1'), tensor(0.0222, device='cuda:1'), tensor(0.0219, device='cuda:1'), tensor(0.0214, device='cuda:1'), tensor(0.0221, device='cuda:1'), tensor(0.0214, device='cuda:1'), tensor(0.0221, device='cuda:1'), tensor(0.0216, device='cuda:1'), tensor(0.0213, device='cuda:1'), tensor(0.0215, device='cuda:1'), tensor(0.0217, device='cuda:1'), tensor(0.0226, device='cuda:1'), tensor(0.0225, device='cuda:1'), tensor(0.0216, device='cuda:1'), tensor(0.0227, device='cuda:1'), tensor(0.0228, device='cuda:1'), tensor(0.0218, device='cuda:1'), tensor(0.0223, device='cuda:1'), tensor(0.0214, device='cuda:1'), tensor(0.0211, device='cuda:1'), tensor(0.0225, device='cuda:1'), tensor(0.0223, device='cuda:1'), tensor(0.0209, device='cuda:1'), tensor(0.0224, device='cuda:1'), tensor(0.0217, device='cuda:1'), tensor(0.0214, device='cuda:1'), tensor(0.0226, device='cuda:1'), tensor(0.0223, device='cuda:1'), tensor(0.0225, device='cuda:1'), tensor(0.0213, device='cuda:1'), tensor(0.0222, device='cuda:1'), tensor(0.0207, device='cuda:1'), tensor(0.0217, device='cuda:1'), tensor(0.0213, device='cuda:1'), tensor(0.0213, device='cuda:1'), tensor(0.0225, device='cuda:1'), tensor(0.0221, device='cuda:1'), tensor(0.0212, device='cuda:1'), tensor(0.0212, device='cuda:1'), tensor(0.0225, device='cuda:1'), tensor(0.0207, device='cuda:1'), tensor(0.0213, device='cuda:1'), tensor(0.0223, device='cuda:1'), tensor(0.0222, device='cuda:1'), tensor(0.0207, device='cuda:1'), tensor(0.0220, device='cuda:1'), tensor(0.0225, device='cuda:1'), tensor(0.0216, device='cuda:1'), tensor(0.0229, device='cuda:1'), tensor(0.0222, device='cuda:1'), tensor(0.0215, device='cuda:1'), tensor(0.0207, device='cuda:1'), tensor(0.0224, device='cuda:1'), tensor(0.0224, device='cuda:1'), tensor(0.0224, device='cuda:1'), tensor(0.0215, device='cuda:1'), tensor(0.0211, device='cuda:1'), tensor(0.0225, device='cuda:1'), tensor(0.0224, device='cuda:1'), tensor(0.0221, device='cuda:1'), tensor(0.0214, device='cuda:1'), tensor(0.0220, device='cuda:1'), tensor(0.0224, device='cuda:1'), tensor(0.0224, device='cuda:1'), tensor(0.0228, device='cuda:1'), tensor(0.0213, device='cuda:1'), tensor(0.0211, device='cuda:1'), tensor(0.0213, device='cuda:1'), tensor(0.0226, device='cuda:1'), tensor(0.0207, device='cuda:1'), tensor(0.0227, device='cuda:1'), tensor(0.0213, device='cuda:1'), tensor(0.0224, device='cuda:1')]"
84,"[tensor(0.0219, device='cuda:1'), tensor(0.0213, device='cuda:1'), tensor(0.0223, device='cuda:1'), tensor(0.0224, device='cuda:1'), tensor(0.0214, device='cuda:1'), tensor(0.0217, device='cuda:1'), tensor(0.0213, device='cuda:1'), tensor(0.0217, device='cuda:1'), tensor(0.0225, device='cuda:1'), tensor(0.0228, device='cuda:1'), tensor(0.0227, device='cuda:1'), tensor(0.0224, device='cuda:1'), tensor(0.0215, device='cuda:1'), tensor(0.0221, device='cuda:1'), tensor(0.0217, device='cuda:1'), tensor(0.0210, device='cuda:1'), tensor(0.0218, device='cuda:1'), tensor(0.0216, device='cuda:1'), tensor(0.0214, device='cuda:1'), tensor(0.0224, device='cuda:1'), tensor(0.0226, device='cuda:1'), tensor(0.0225, device='cuda:1'), tensor(0.0226, device='cuda:1'), tensor(0.0221, device='cuda:1'), tensor(0.0212, device='cuda:1'), tensor(0.0226, device='cuda:1'), tensor(0.0214, device='cuda:1'), tensor(0.0224, device='cuda:1'), tensor(0.0218, device='cuda:1'), tensor(0.0222, device='cuda:1'), tensor(0.0223, device='cuda:1'), tensor(0.0226, device='cuda:1'), tensor(0.0226, device='cuda:1'), tensor(0.0226, device='cuda:1'), tensor(0.0226, device='cuda:1'), tensor(0.0220, device='cuda:1'), tensor(0.0225, device='cuda:1'), tensor(0.0210, device='cuda:1'), tensor(0.0227, device='cuda:1'), tensor(0.0222, device='cuda:1'), tensor(0.0225, device='cuda:1'), tensor(0.0229, device='cuda:1'), tensor(0.0224, device='cuda:1'), tensor(0.0216, device='cuda:1'), tensor(0.0220, device='cuda:1'), tensor(0.0225, device='cuda:1'), tensor(0.0224, device='cuda:1'), tensor(0.0220, device='cuda:1'), tensor(0.0214, device='cuda:1'), tensor(0.0216, device='cuda:1'), tensor(0.0217, device='cuda:1'), tensor(0.0224, device='cuda:1'), tensor(0.0225, device='cuda:1'), tensor(0.0226, device='cuda:1'), tensor(0.0221, device='cuda:1'), tensor(0.0226, device='cuda:1'), tensor(0.0213, device='cuda:1'), tensor(0.0226, device='cuda:1'), tensor(0.0209, device='cuda:1'), tensor(0.0211, device='cuda:1'), tensor(0.0222, device='cuda:1'), tensor(0.0218, device='cuda:1'), tensor(0.0220, device='cuda:1'), tensor(0.0223, device='cuda:1'), tensor(0.0223, device='cuda:1'), tensor(0.0222, device='cuda:1'), tensor(0.0220, device='cuda:1'), tensor(0.0214, device='cuda:1'), tensor(0.0221, device='cuda:1'), tensor(0.0223, device='cuda:1'), tensor(0.0217, device='cuda:1'), tensor(0.0216, device='cuda:1'), tensor(0.0213, device='cuda:1'), tensor(0.0227, device='cuda:1'), tensor(0.0223, device='cuda:1'), tensor(0.0227, device='cuda:1'), tensor(0.0220, device='cuda:1'), tensor(0.0225, device='cuda:1'), tensor(0.0219, device='cuda:1'), tensor(0.0217, device='cuda:1'), tensor(0.0218, device='cuda:1'), tensor(0.0226, device='cuda:1'), tensor(0.0223, device='cuda:1'), tensor(0.0205, device='cuda:1'), tensor(0.0211, device='cuda:1'), tensor(0.0221, device='cuda:1'), tensor(0.0225, device='cuda:1'), tensor(0.0213, device='cuda:1'), tensor(0.0210, device='cuda:1'), tensor(0.0220, device='cuda:1'), tensor(0.0227, device='cuda:1'), tensor(0.0228, device='cuda:1'), tensor(0.0224, device='cuda:1'), tensor(0.0219, device='cuda:1'), tensor(0.0217, device='cuda:1'), tensor(0.0228, device='cuda:1'), tensor(0.0207, device='cuda:1'), tensor(0.0223, device='cuda:1'), tensor(0.0226, device='cuda:1'), tensor(0.0227, device='cuda:1')]"
85,"[tensor(0.0215, device='cuda:1'), tensor(0.0224, device='cuda:1'), tensor(0.0220, device='cuda:1'), tensor(0.0213, device='cuda:1'), tensor(0.0226, device='cuda:1'), tensor(0.0226, device='cuda:1'), tensor(0.0209, device='cuda:1'), tensor(0.0226, device='cuda:1'), tensor(0.0209, device='cuda:1'), tensor(0.0223, device='cuda:1'), tensor(0.0224, device='cuda:1'), tensor(0.0222, device='cuda:1'), tensor(0.0217, device='cuda:1'), tensor(0.0214, device='cuda:1'), tensor(0.0222, device='cuda:1'), tensor(0.0222, device='cuda:1'), tensor(0.0219, device='cuda:1'), tensor(0.0222, device='cuda:1'), tensor(0.0218, device='cuda:1'), tensor(0.0214, device='cuda:1'), tensor(0.0216, device='cuda:1'), tensor(0.0221, device='cuda:1'), tensor(0.0222, device='cuda:1'), tensor(0.0224, device='cuda:1'), tensor(0.0227, device='cuda:1'), tensor(0.0212, device='cuda:1'), tensor(0.0215, device='cuda:1'), tensor(0.0213, device='cuda:1'), tensor(0.0221, device='cuda:1'), tensor(0.0218, device='cuda:1'), tensor(0.0213, device='cuda:1'), tensor(0.0221, device='cuda:1'), tensor(0.0214, device='cuda:1'), tensor(0.0220, device='cuda:1'), tensor(0.0216, device='cuda:1'), tensor(0.0213, device='cuda:1'), tensor(0.0215, device='cuda:1'), tensor(0.0218, device='cuda:1'), tensor(0.0226, device='cuda:1'), tensor(0.0225, device='cuda:1'), tensor(0.0216, device='cuda:1'), tensor(0.0226, device='cuda:1'), tensor(0.0227, device='cuda:1'), tensor(0.0217, device='cuda:1'), tensor(0.0223, device='cuda:1'), tensor(0.0214, device='cuda:1'), tensor(0.0211, device='cuda:1'), tensor(0.0225, device='cuda:1'), tensor(0.0223, device='cuda:1'), tensor(0.0209, device='cuda:1'), tensor(0.0224, device='cuda:1'), tensor(0.0217, device='cuda:1'), tensor(0.0214, device='cuda:1'), tensor(0.0226, device='cuda:1'), tensor(0.0222, device='cuda:1'), tensor(0.0225, device='cuda:1'), tensor(0.0213, device='cuda:1'), tensor(0.0222, device='cuda:1'), tensor(0.0207, device='cuda:1'), tensor(0.0217, device='cuda:1'), tensor(0.0213, device='cuda:1'), tensor(0.0213, device='cuda:1'), tensor(0.0225, device='cuda:1'), tensor(0.0221, device='cuda:1'), tensor(0.0212, device='cuda:1'), tensor(0.0212, device='cuda:1'), tensor(0.0225, device='cuda:1'), tensor(0.0207, device='cuda:1'), tensor(0.0212, device='cuda:1'), tensor(0.0223, device='cuda:1'), tensor(0.0221, device='cuda:1'), tensor(0.0207, device='cuda:1'), tensor(0.0220, device='cuda:1'), tensor(0.0224, device='cuda:1'), tensor(0.0216, device='cuda:1'), tensor(0.0229, device='cuda:1'), tensor(0.0222, device='cuda:1'), tensor(0.0215, device='cuda:1'), tensor(0.0207, device='cuda:1'), tensor(0.0224, device='cuda:1'), tensor(0.0224, device='cuda:1'), tensor(0.0223, device='cuda:1'), tensor(0.0215, device='cuda:1'), tensor(0.0211, device='cuda:1'), tensor(0.0225, device='cuda:1'), tensor(0.0224, device='cuda:1'), tensor(0.0220, device='cuda:1'), tensor(0.0215, device='cuda:1'), tensor(0.0220, device='cuda:1'), tensor(0.0225, device='cuda:1'), tensor(0.0223, device='cuda:1'), tensor(0.0228, device='cuda:1'), tensor(0.0213, device='cuda:1'), tensor(0.0211, device='cuda:1'), tensor(0.0213, device='cuda:1'), tensor(0.0226, device='cuda:1'), tensor(0.0207, device='cuda:1'), tensor(0.0227, device='cuda:1'), tensor(0.0213, device='cuda:1'), tensor(0.0224, device='cuda:1')]"
86,"[tensor(0.0219, device='cuda:1'), tensor(0.0212, device='cuda:1'), tensor(0.0222, device='cuda:1'), tensor(0.0224, device='cuda:1'), tensor(0.0214, device='cuda:1'), tensor(0.0217, device='cuda:1'), tensor(0.0213, device='cuda:1'), tensor(0.0217, device='cuda:1'), tensor(0.0225, device='cuda:1'), tensor(0.0228, device='cuda:1'), tensor(0.0227, device='cuda:1'), tensor(0.0224, device='cuda:1'), tensor(0.0215, device='cuda:1'), tensor(0.0222, device='cuda:1'), tensor(0.0217, device='cuda:1'), tensor(0.0210, device='cuda:1'), tensor(0.0218, device='cuda:1'), tensor(0.0216, device='cuda:1'), tensor(0.0214, device='cuda:1'), tensor(0.0224, device='cuda:1'), tensor(0.0226, device='cuda:1'), tensor(0.0226, device='cuda:1'), tensor(0.0226, device='cuda:1'), tensor(0.0220, device='cuda:1'), tensor(0.0212, device='cuda:1'), tensor(0.0226, device='cuda:1'), tensor(0.0214, device='cuda:1'), tensor(0.0224, device='cuda:1'), tensor(0.0219, device='cuda:1'), tensor(0.0221, device='cuda:1'), tensor(0.0223, device='cuda:1'), tensor(0.0226, device='cuda:1'), tensor(0.0226, device='cuda:1'), tensor(0.0226, device='cuda:1'), tensor(0.0226, device='cuda:1'), tensor(0.0220, device='cuda:1'), tensor(0.0224, device='cuda:1'), tensor(0.0210, device='cuda:1'), tensor(0.0227, device='cuda:1'), tensor(0.0221, device='cuda:1'), tensor(0.0225, device='cuda:1'), tensor(0.0229, device='cuda:1'), tensor(0.0223, device='cuda:1'), tensor(0.0216, device='cuda:1'), tensor(0.0221, device='cuda:1'), tensor(0.0225, device='cuda:1'), tensor(0.0224, device='cuda:1'), tensor(0.0220, device='cuda:1'), tensor(0.0214, device='cuda:1'), tensor(0.0216, device='cuda:1'), tensor(0.0217, device='cuda:1'), tensor(0.0224, device='cuda:1'), tensor(0.0225, device='cuda:1'), tensor(0.0226, device='cuda:1'), tensor(0.0221, device='cuda:1'), tensor(0.0225, device='cuda:1'), tensor(0.0213, device='cuda:1'), tensor(0.0226, device='cuda:1'), tensor(0.0208, device='cuda:1'), tensor(0.0211, device='cuda:1'), tensor(0.0222, device='cuda:1'), tensor(0.0218, device='cuda:1'), tensor(0.0220, device='cuda:1'), tensor(0.0223, device='cuda:1'), tensor(0.0223, device='cuda:1'), tensor(0.0222, device='cuda:1'), tensor(0.0220, device='cuda:1'), tensor(0.0214, device='cuda:1'), tensor(0.0221, device='cuda:1'), tensor(0.0223, device='cuda:1'), tensor(0.0216, device='cuda:1'), tensor(0.0216, device='cuda:1'), tensor(0.0213, device='cuda:1'), tensor(0.0227, device='cuda:1'), tensor(0.0223, device='cuda:1'), tensor(0.0227, device='cuda:1'), tensor(0.0220, device='cuda:1'), tensor(0.0225, device='cuda:1'), tensor(0.0220, device='cuda:1'), tensor(0.0217, device='cuda:1'), tensor(0.0218, device='cuda:1'), tensor(0.0226, device='cuda:1'), tensor(0.0223, device='cuda:1'), tensor(0.0205, device='cuda:1'), tensor(0.0211, device='cuda:1'), tensor(0.0221, device='cuda:1'), tensor(0.0225, device='cuda:1'), tensor(0.0213, device='cuda:1'), tensor(0.0210, device='cuda:1'), tensor(0.0221, device='cuda:1'), tensor(0.0227, device='cuda:1'), tensor(0.0228, device='cuda:1'), tensor(0.0224, device='cuda:1'), tensor(0.0219, device='cuda:1'), tensor(0.0217, device='cuda:1'), tensor(0.0228, device='cuda:1'), tensor(0.0206, device='cuda:1'), tensor(0.0222, device='cuda:1'), tensor(0.0226, device='cuda:1'), tensor(0.0228, device='cuda:1')]"
87,"[tensor(0.0215, device='cuda:1'), tensor(0.0224, device='cuda:1'), tensor(0.0218, device='cuda:1'), tensor(0.0213, device='cuda:1'), tensor(0.0226, device='cuda:1'), tensor(0.0226, device='cuda:1'), tensor(0.0208, device='cuda:1'), tensor(0.0226, device='cuda:1'), tensor(0.0209, device='cuda:1'), tensor(0.0223, device='cuda:1'), tensor(0.0224, device='cuda:1'), tensor(0.0222, device='cuda:1'), tensor(0.0217, device='cuda:1'), tensor(0.0214, device='cuda:1'), tensor(0.0222, device='cuda:1'), tensor(0.0222, device='cuda:1'), tensor(0.0219, device='cuda:1'), tensor(0.0222, device='cuda:1'), tensor(0.0218, device='cuda:1'), tensor(0.0214, device='cuda:1'), tensor(0.0216, device='cuda:1'), tensor(0.0221, device='cuda:1'), tensor(0.0221, device='cuda:1'), tensor(0.0223, device='cuda:1'), tensor(0.0227, device='cuda:1'), tensor(0.0212, device='cuda:1'), tensor(0.0215, device='cuda:1'), tensor(0.0213, device='cuda:1'), tensor(0.0221, device='cuda:1'), tensor(0.0217, device='cuda:1'), tensor(0.0213, device='cuda:1'), tensor(0.0221, device='cuda:1'), tensor(0.0214, device='cuda:1'), tensor(0.0220, device='cuda:1'), tensor(0.0216, device='cuda:1'), tensor(0.0213, device='cuda:1'), tensor(0.0215, device='cuda:1'), tensor(0.0217, device='cuda:1'), tensor(0.0226, device='cuda:1'), tensor(0.0225, device='cuda:1'), tensor(0.0216, device='cuda:1'), tensor(0.0226, device='cuda:1'), tensor(0.0227, device='cuda:1'), tensor(0.0217, device='cuda:1'), tensor(0.0223, device='cuda:1'), tensor(0.0214, device='cuda:1'), tensor(0.0211, device='cuda:1'), tensor(0.0225, device='cuda:1'), tensor(0.0223, device='cuda:1'), tensor(0.0209, device='cuda:1'), tensor(0.0224, device='cuda:1'), tensor(0.0217, device='cuda:1'), tensor(0.0214, device='cuda:1'), tensor(0.0226, device='cuda:1'), tensor(0.0223, device='cuda:1'), tensor(0.0225, device='cuda:1'), tensor(0.0213, device='cuda:1'), tensor(0.0222, device='cuda:1'), tensor(0.0206, device='cuda:1'), tensor(0.0215, device='cuda:1'), tensor(0.0214, device='cuda:1'), tensor(0.0213, device='cuda:1'), tensor(0.0225, device='cuda:1'), tensor(0.0221, device='cuda:1'), tensor(0.0211, device='cuda:1'), tensor(0.0212, device='cuda:1'), tensor(0.0224, device='cuda:1'), tensor(0.0207, device='cuda:1'), tensor(0.0212, device='cuda:1'), tensor(0.0224, device='cuda:1'), tensor(0.0220, device='cuda:1'), tensor(0.0207, device='cuda:1'), tensor(0.0221, device='cuda:1'), tensor(0.0224, device='cuda:1'), tensor(0.0216, device='cuda:1'), tensor(0.0229, device='cuda:1'), tensor(0.0222, device='cuda:1'), tensor(0.0214, device='cuda:1'), tensor(0.0208, device='cuda:1'), tensor(0.0224, device='cuda:1'), tensor(0.0224, device='cuda:1'), tensor(0.0223, device='cuda:1'), tensor(0.0215, device='cuda:1'), tensor(0.0211, device='cuda:1'), tensor(0.0225, device='cuda:1'), tensor(0.0219, device='cuda:1'), tensor(0.0220, device='cuda:1'), tensor(0.0214, device='cuda:1'), tensor(0.0220, device='cuda:1'), tensor(0.0225, device='cuda:1'), tensor(0.0223, device='cuda:1'), tensor(0.0228, device='cuda:1'), tensor(0.0213, device='cuda:1'), tensor(0.0211, device='cuda:1'), tensor(0.0213, device='cuda:1'), tensor(0.0225, device='cuda:1'), tensor(0.0206, device='cuda:1'), tensor(0.0227, device='cuda:1'), tensor(0.0214, device='cuda:1'), tensor(0.0224, device='cuda:1')]"
88,"[tensor(0.0219, device='cuda:1'), tensor(0.0212, device='cuda:1'), tensor(0.0222, device='cuda:1'), tensor(0.0224, device='cuda:1'), tensor(0.0214, device='cuda:1'), tensor(0.0217, device='cuda:1'), tensor(0.0213, device='cuda:1'), tensor(0.0217, device='cuda:1'), tensor(0.0225, device='cuda:1'), tensor(0.0228, device='cuda:1'), tensor(0.0227, device='cuda:1'), tensor(0.0224, device='cuda:1'), tensor(0.0215, device='cuda:1'), tensor(0.0221, device='cuda:1'), tensor(0.0216, device='cuda:1'), tensor(0.0210, device='cuda:1'), tensor(0.0217, device='cuda:1'), tensor(0.0216, device='cuda:1'), tensor(0.0214, device='cuda:1'), tensor(0.0224, device='cuda:1'), tensor(0.0226, device='cuda:1'), tensor(0.0226, device='cuda:1'), tensor(0.0226, device='cuda:1'), tensor(0.0220, device='cuda:1'), tensor(0.0212, device='cuda:1'), tensor(0.0225, device='cuda:1'), tensor(0.0214, device='cuda:1'), tensor(0.0225, device='cuda:1'), tensor(0.0219, device='cuda:1'), tensor(0.0221, device='cuda:1'), tensor(0.0223, device='cuda:1'), tensor(0.0226, device='cuda:1'), tensor(0.0226, device='cuda:1'), tensor(0.0226, device='cuda:1'), tensor(0.0225, device='cuda:1'), tensor(0.0220, device='cuda:1'), tensor(0.0224, device='cuda:1'), tensor(0.0210, device='cuda:1'), tensor(0.0226, device='cuda:1'), tensor(0.0221, device='cuda:1'), tensor(0.0225, device='cuda:1'), tensor(0.0229, device='cuda:1'), tensor(0.0223, device='cuda:1'), tensor(0.0215, device='cuda:1'), tensor(0.0220, device='cuda:1'), tensor(0.0225, device='cuda:1'), tensor(0.0224, device='cuda:1'), tensor(0.0219, device='cuda:1'), tensor(0.0213, device='cuda:1'), tensor(0.0216, device='cuda:1'), tensor(0.0217, device='cuda:1'), tensor(0.0224, device='cuda:1'), tensor(0.0225, device='cuda:1'), tensor(0.0226, device='cuda:1'), tensor(0.0221, device='cuda:1'), tensor(0.0226, device='cuda:1'), tensor(0.0213, device='cuda:1'), tensor(0.0226, device='cuda:1'), tensor(0.0208, device='cuda:1'), tensor(0.0210, device='cuda:1'), tensor(0.0222, device='cuda:1'), tensor(0.0218, device='cuda:1'), tensor(0.0219, device='cuda:1'), tensor(0.0222, device='cuda:1'), tensor(0.0223, device='cuda:1'), tensor(0.0223, device='cuda:1'), tensor(0.0220, device='cuda:1'), tensor(0.0214, device='cuda:1'), tensor(0.0221, device='cuda:1'), tensor(0.0223, device='cuda:1'), tensor(0.0215, device='cuda:1'), tensor(0.0216, device='cuda:1'), tensor(0.0213, device='cuda:1'), tensor(0.0227, device='cuda:1'), tensor(0.0223, device='cuda:1'), tensor(0.0226, device='cuda:1'), tensor(0.0220, device='cuda:1'), tensor(0.0225, device='cuda:1'), tensor(0.0220, device='cuda:1'), tensor(0.0217, device='cuda:1'), tensor(0.0218, device='cuda:1'), tensor(0.0226, device='cuda:1'), tensor(0.0223, device='cuda:1'), tensor(0.0205, device='cuda:1'), tensor(0.0211, device='cuda:1'), tensor(0.0222, device='cuda:1'), tensor(0.0225, device='cuda:1'), tensor(0.0213, device='cuda:1'), tensor(0.0210, device='cuda:1'), tensor(0.0220, device='cuda:1'), tensor(0.0227, device='cuda:1'), tensor(0.0227, device='cuda:1'), tensor(0.0224, device='cuda:1'), tensor(0.0219, device='cuda:1'), tensor(0.0217, device='cuda:1'), tensor(0.0228, device='cuda:1'), tensor(0.0207, device='cuda:1'), tensor(0.0222, device='cuda:1'), tensor(0.0226, device='cuda:1'), tensor(0.0228, device='cuda:1')]"
89,"[tensor(0.0215, device='cuda:1'), tensor(0.0224, device='cuda:1'), tensor(0.0219, device='cuda:1'), tensor(0.0213, device='cuda:1'), tensor(0.0226, device='cuda:1'), tensor(0.0226, device='cuda:1'), tensor(0.0208, device='cuda:1'), tensor(0.0226, device='cuda:1'), tensor(0.0209, device='cuda:1'), tensor(0.0223, device='cuda:1'), tensor(0.0224, device='cuda:1'), tensor(0.0223, device='cuda:1'), tensor(0.0216, device='cuda:1'), tensor(0.0214, device='cuda:1'), tensor(0.0222, device='cuda:1'), tensor(0.0222, device='cuda:1'), tensor(0.0219, device='cuda:1'), tensor(0.0221, device='cuda:1'), tensor(0.0217, device='cuda:1'), tensor(0.0214, device='cuda:1'), tensor(0.0216, device='cuda:1'), tensor(0.0221, device='cuda:1'), tensor(0.0222, device='cuda:1'), tensor(0.0223, device='cuda:1'), tensor(0.0227, device='cuda:1'), tensor(0.0212, device='cuda:1'), tensor(0.0215, device='cuda:1'), tensor(0.0213, device='cuda:1'), tensor(0.0222, device='cuda:1'), tensor(0.0218, device='cuda:1'), tensor(0.0213, device='cuda:1'), tensor(0.0220, device='cuda:1'), tensor(0.0214, device='cuda:1'), tensor(0.0220, device='cuda:1'), tensor(0.0216, device='cuda:1'), tensor(0.0213, device='cuda:1'), tensor(0.0215, device='cuda:1'), tensor(0.0217, device='cuda:1'), tensor(0.0226, device='cuda:1'), tensor(0.0225, device='cuda:1'), tensor(0.0215, device='cuda:1'), tensor(0.0226, device='cuda:1'), tensor(0.0227, device='cuda:1'), tensor(0.0217, device='cuda:1'), tensor(0.0223, device='cuda:1'), tensor(0.0214, device='cuda:1'), tensor(0.0211, device='cuda:1'), tensor(0.0224, device='cuda:1'), tensor(0.0223, device='cuda:1'), tensor(0.0209, device='cuda:1'), tensor(0.0223, device='cuda:1'), tensor(0.0217, device='cuda:1'), tensor(0.0214, device='cuda:1'), tensor(0.0226, device='cuda:1'), tensor(0.0223, device='cuda:1'), tensor(0.0225, device='cuda:1'), tensor(0.0213, device='cuda:1'), tensor(0.0222, device='cuda:1'), tensor(0.0206, device='cuda:1'), tensor(0.0216, device='cuda:1'), tensor(0.0214, device='cuda:1'), tensor(0.0213, device='cuda:1'), tensor(0.0224, device='cuda:1'), tensor(0.0222, device='cuda:1'), tensor(0.0211, device='cuda:1'), tensor(0.0212, device='cuda:1'), tensor(0.0225, device='cuda:1'), tensor(0.0206, device='cuda:1'), tensor(0.0212, device='cuda:1'), tensor(0.0224, device='cuda:1'), tensor(0.0220, device='cuda:1'), tensor(0.0206, device='cuda:1'), tensor(0.0220, device='cuda:1'), tensor(0.0224, device='cuda:1'), tensor(0.0216, device='cuda:1'), tensor(0.0229, device='cuda:1'), tensor(0.0222, device='cuda:1'), tensor(0.0215, device='cuda:1'), tensor(0.0207, device='cuda:1'), tensor(0.0224, device='cuda:1'), tensor(0.0224, device='cuda:1'), tensor(0.0223, device='cuda:1'), tensor(0.0215, device='cuda:1'), tensor(0.0211, device='cuda:1'), tensor(0.0225, device='cuda:1'), tensor(0.0219, device='cuda:1'), tensor(0.0220, device='cuda:1'), tensor(0.0214, device='cuda:1'), tensor(0.0220, device='cuda:1'), tensor(0.0224, device='cuda:1'), tensor(0.0223, device='cuda:1'), tensor(0.0228, device='cuda:1'), tensor(0.0213, device='cuda:1'), tensor(0.0211, device='cuda:1'), tensor(0.0212, device='cuda:1'), tensor(0.0226, device='cuda:1'), tensor(0.0206, device='cuda:1'), tensor(0.0227, device='cuda:1'), tensor(0.0213, device='cuda:1'), tensor(0.0224, device='cuda:1')]"
90,"[tensor(0.0219, device='cuda:1'), tensor(0.0212, device='cuda:1'), tensor(0.0222, device='cuda:1'), tensor(0.0224, device='cuda:1'), tensor(0.0214, device='cuda:1'), tensor(0.0217, device='cuda:1'), tensor(0.0213, device='cuda:1'), tensor(0.0217, device='cuda:1'), tensor(0.0225, device='cuda:1'), tensor(0.0228, device='cuda:1'), tensor(0.0227, device='cuda:1'), tensor(0.0221, device='cuda:1'), tensor(0.0216, device='cuda:1'), tensor(0.0222, device='cuda:1'), tensor(0.0216, device='cuda:1'), tensor(0.0210, device='cuda:1'), tensor(0.0218, device='cuda:1'), tensor(0.0216, device='cuda:1'), tensor(0.0214, device='cuda:1'), tensor(0.0224, device='cuda:1'), tensor(0.0226, device='cuda:1'), tensor(0.0226, device='cuda:1'), tensor(0.0226, device='cuda:1'), tensor(0.0220, device='cuda:1'), tensor(0.0211, device='cuda:1'), tensor(0.0225, device='cuda:1'), tensor(0.0214, device='cuda:1'), tensor(0.0224, device='cuda:1'), tensor(0.0219, device='cuda:1'), tensor(0.0221, device='cuda:1'), tensor(0.0223, device='cuda:1'), tensor(0.0226, device='cuda:1'), tensor(0.0226, device='cuda:1'), tensor(0.0226, device='cuda:1'), tensor(0.0225, device='cuda:1'), tensor(0.0220, device='cuda:1'), tensor(0.0224, device='cuda:1'), tensor(0.0210, device='cuda:1'), tensor(0.0227, device='cuda:1'), tensor(0.0221, device='cuda:1'), tensor(0.0224, device='cuda:1'), tensor(0.0229, device='cuda:1'), tensor(0.0223, device='cuda:1'), tensor(0.0216, device='cuda:1'), tensor(0.0221, device='cuda:1'), tensor(0.0225, device='cuda:1'), tensor(0.0224, device='cuda:1'), tensor(0.0220, device='cuda:1'), tensor(0.0213, device='cuda:1'), tensor(0.0216, device='cuda:1'), tensor(0.0217, device='cuda:1'), tensor(0.0224, device='cuda:1'), tensor(0.0225, device='cuda:1'), tensor(0.0226, device='cuda:1'), tensor(0.0221, device='cuda:1'), tensor(0.0226, device='cuda:1'), tensor(0.0212, device='cuda:1'), tensor(0.0226, device='cuda:1'), tensor(0.0208, device='cuda:1'), tensor(0.0210, device='cuda:1'), tensor(0.0222, device='cuda:1'), tensor(0.0218, device='cuda:1'), tensor(0.0220, device='cuda:1'), tensor(0.0221, device='cuda:1'), tensor(0.0223, device='cuda:1'), tensor(0.0223, device='cuda:1'), tensor(0.0220, device='cuda:1'), tensor(0.0214, device='cuda:1'), tensor(0.0222, device='cuda:1'), tensor(0.0223, device='cuda:1'), tensor(0.0216, device='cuda:1'), tensor(0.0216, device='cuda:1'), tensor(0.0213, device='cuda:1'), tensor(0.0227, device='cuda:1'), tensor(0.0223, device='cuda:1'), tensor(0.0226, device='cuda:1'), tensor(0.0220, device='cuda:1'), tensor(0.0225, device='cuda:1'), tensor(0.0220, device='cuda:1'), tensor(0.0217, device='cuda:1'), tensor(0.0219, device='cuda:1'), tensor(0.0226, device='cuda:1'), tensor(0.0223, device='cuda:1'), tensor(0.0205, device='cuda:1'), tensor(0.0211, device='cuda:1'), tensor(0.0222, device='cuda:1'), tensor(0.0225, device='cuda:1'), tensor(0.0212, device='cuda:1'), tensor(0.0210, device='cuda:1'), tensor(0.0220, device='cuda:1'), tensor(0.0227, device='cuda:1'), tensor(0.0227, device='cuda:1'), tensor(0.0224, device='cuda:1'), tensor(0.0219, device='cuda:1'), tensor(0.0218, device='cuda:1'), tensor(0.0228, device='cuda:1'), tensor(0.0207, device='cuda:1'), tensor(0.0222, device='cuda:1'), tensor(0.0226, device='cuda:1'), tensor(0.0228, device='cuda:1')]"
91,"[tensor(0.0216, device='cuda:1'), tensor(0.0224, device='cuda:1'), tensor(0.0219, device='cuda:1'), tensor(0.0213, device='cuda:1'), tensor(0.0226, device='cuda:1'), tensor(0.0226, device='cuda:1'), tensor(0.0208, device='cuda:1'), tensor(0.0226, device='cuda:1'), tensor(0.0209, device='cuda:1'), tensor(0.0223, device='cuda:1'), tensor(0.0224, device='cuda:1'), tensor(0.0224, device='cuda:1'), tensor(0.0215, device='cuda:1'), tensor(0.0215, device='cuda:1'), tensor(0.0222, device='cuda:1'), tensor(0.0222, device='cuda:1'), tensor(0.0218, device='cuda:1'), tensor(0.0222, device='cuda:1'), tensor(0.0216, device='cuda:1'), tensor(0.0214, device='cuda:1'), tensor(0.0216, device='cuda:1'), tensor(0.0221, device='cuda:1'), tensor(0.0221, device='cuda:1'), tensor(0.0223, device='cuda:1'), tensor(0.0227, device='cuda:1'), tensor(0.0212, device='cuda:1'), tensor(0.0215, device='cuda:1'), tensor(0.0213, device='cuda:1'), tensor(0.0221, device='cuda:1'), tensor(0.0218, device='cuda:1'), tensor(0.0213, device='cuda:1'), tensor(0.0220, device='cuda:1'), tensor(0.0214, device='cuda:1'), tensor(0.0220, device='cuda:1'), tensor(0.0216, device='cuda:1'), tensor(0.0213, device='cuda:1'), tensor(0.0215, device='cuda:1'), tensor(0.0217, device='cuda:1'), tensor(0.0226, device='cuda:1'), tensor(0.0225, device='cuda:1'), tensor(0.0216, device='cuda:1'), tensor(0.0226, device='cuda:1'), tensor(0.0227, device='cuda:1'), tensor(0.0217, device='cuda:1'), tensor(0.0223, device='cuda:1'), tensor(0.0213, device='cuda:1'), tensor(0.0211, device='cuda:1'), tensor(0.0225, device='cuda:1'), tensor(0.0223, device='cuda:1'), tensor(0.0209, device='cuda:1'), tensor(0.0223, device='cuda:1'), tensor(0.0217, device='cuda:1'), tensor(0.0214, device='cuda:1'), tensor(0.0226, device='cuda:1'), tensor(0.0222, device='cuda:1'), tensor(0.0225, device='cuda:1'), tensor(0.0213, device='cuda:1'), tensor(0.0222, device='cuda:1'), tensor(0.0206, device='cuda:1'), tensor(0.0215, device='cuda:1'), tensor(0.0214, device='cuda:1'), tensor(0.0213, device='cuda:1'), tensor(0.0225, device='cuda:1'), tensor(0.0223, device='cuda:1'), tensor(0.0211, device='cuda:1'), tensor(0.0212, device='cuda:1'), tensor(0.0225, device='cuda:1'), tensor(0.0206, device='cuda:1'), tensor(0.0211, device='cuda:1'), tensor(0.0224, device='cuda:1'), tensor(0.0221, device='cuda:1'), tensor(0.0207, device='cuda:1'), tensor(0.0219, device='cuda:1'), tensor(0.0223, device='cuda:1'), tensor(0.0215, device='cuda:1'), tensor(0.0229, device='cuda:1'), tensor(0.0222, device='cuda:1'), tensor(0.0215, device='cuda:1'), tensor(0.0207, device='cuda:1'), tensor(0.0224, device='cuda:1'), tensor(0.0224, device='cuda:1'), tensor(0.0223, device='cuda:1'), tensor(0.0215, device='cuda:1'), tensor(0.0211, device='cuda:1'), tensor(0.0225, device='cuda:1'), tensor(0.0219, device='cuda:1'), tensor(0.0219, device='cuda:1'), tensor(0.0214, device='cuda:1'), tensor(0.0220, device='cuda:1'), tensor(0.0224, device='cuda:1'), tensor(0.0223, device='cuda:1'), tensor(0.0228, device='cuda:1'), tensor(0.0213, device='cuda:1'), tensor(0.0211, device='cuda:1'), tensor(0.0211, device='cuda:1'), tensor(0.0226, device='cuda:1'), tensor(0.0206, device='cuda:1'), tensor(0.0227, device='cuda:1'), tensor(0.0213, device='cuda:1'), tensor(0.0224, device='cuda:1')]"
92,"[tensor(0.0219, device='cuda:1'), tensor(0.0212, device='cuda:1'), tensor(0.0222, device='cuda:1'), tensor(0.0224, device='cuda:1'), tensor(0.0213, device='cuda:1'), tensor(0.0217, device='cuda:1'), tensor(0.0213, device='cuda:1'), tensor(0.0217, device='cuda:1'), tensor(0.0225, device='cuda:1'), tensor(0.0228, device='cuda:1'), tensor(0.0227, device='cuda:1'), tensor(0.0220, device='cuda:1'), tensor(0.0216, device='cuda:1'), tensor(0.0222, device='cuda:1'), tensor(0.0216, device='cuda:1'), tensor(0.0209, device='cuda:1'), tensor(0.0218, device='cuda:1'), tensor(0.0216, device='cuda:1'), tensor(0.0214, device='cuda:1'), tensor(0.0223, device='cuda:1'), tensor(0.0226, device='cuda:1'), tensor(0.0226, device='cuda:1'), tensor(0.0226, device='cuda:1'), tensor(0.0220, device='cuda:1'), tensor(0.0211, device='cuda:1'), tensor(0.0225, device='cuda:1'), tensor(0.0214, device='cuda:1'), tensor(0.0224, device='cuda:1'), tensor(0.0219, device='cuda:1'), tensor(0.0222, device='cuda:1'), tensor(0.0223, device='cuda:1'), tensor(0.0226, device='cuda:1'), tensor(0.0226, device='cuda:1'), tensor(0.0226, device='cuda:1'), tensor(0.0225, device='cuda:1'), tensor(0.0220, device='cuda:1'), tensor(0.0224, device='cuda:1'), tensor(0.0209, device='cuda:1'), tensor(0.0227, device='cuda:1'), tensor(0.0221, device='cuda:1'), tensor(0.0224, device='cuda:1'), tensor(0.0228, device='cuda:1'), tensor(0.0223, device='cuda:1'), tensor(0.0216, device='cuda:1'), tensor(0.0220, device='cuda:1'), tensor(0.0225, device='cuda:1'), tensor(0.0224, device='cuda:1'), tensor(0.0220, device='cuda:1'), tensor(0.0213, device='cuda:1'), tensor(0.0216, device='cuda:1'), tensor(0.0217, device='cuda:1'), tensor(0.0224, device='cuda:1'), tensor(0.0225, device='cuda:1'), tensor(0.0226, device='cuda:1'), tensor(0.0220, device='cuda:1'), tensor(0.0225, device='cuda:1'), tensor(0.0212, device='cuda:1'), tensor(0.0225, device='cuda:1'), tensor(0.0208, device='cuda:1'), tensor(0.0210, device='cuda:1'), tensor(0.0222, device='cuda:1'), tensor(0.0217, device='cuda:1'), tensor(0.0220, device='cuda:1'), tensor(0.0221, device='cuda:1'), tensor(0.0223, device='cuda:1'), tensor(0.0223, device='cuda:1'), tensor(0.0220, device='cuda:1'), tensor(0.0214, device='cuda:1'), tensor(0.0221, device='cuda:1'), tensor(0.0223, device='cuda:1'), tensor(0.0216, device='cuda:1'), tensor(0.0216, device='cuda:1'), tensor(0.0213, device='cuda:1'), tensor(0.0227, device='cuda:1'), tensor(0.0223, device='cuda:1'), tensor(0.0226, device='cuda:1'), tensor(0.0220, device='cuda:1'), tensor(0.0225, device='cuda:1'), tensor(0.0220, device='cuda:1'), tensor(0.0217, device='cuda:1'), tensor(0.0219, device='cuda:1'), tensor(0.0226, device='cuda:1'), tensor(0.0223, device='cuda:1'), tensor(0.0204, device='cuda:1'), tensor(0.0210, device='cuda:1'), tensor(0.0223, device='cuda:1'), tensor(0.0225, device='cuda:1'), tensor(0.0212, device='cuda:1'), tensor(0.0210, device='cuda:1'), tensor(0.0220, device='cuda:1'), tensor(0.0227, device='cuda:1'), tensor(0.0227, device='cuda:1'), tensor(0.0224, device='cuda:1'), tensor(0.0219, device='cuda:1'), tensor(0.0217, device='cuda:1'), tensor(0.0228, device='cuda:1'), tensor(0.0206, device='cuda:1'), tensor(0.0222, device='cuda:1'), tensor(0.0226, device='cuda:1'), tensor(0.0228, device='cuda:1')]"
93,"[tensor(0.0216, device='cuda:1'), tensor(0.0224, device='cuda:1'), tensor(0.0219, device='cuda:1'), tensor(0.0213, device='cuda:1'), tensor(0.0226, device='cuda:1'), tensor(0.0226, device='cuda:1'), tensor(0.0208, device='cuda:1'), tensor(0.0226, device='cuda:1'), tensor(0.0209, device='cuda:1'), tensor(0.0222, device='cuda:1'), tensor(0.0224, device='cuda:1'), tensor(0.0224, device='cuda:1'), tensor(0.0216, device='cuda:1'), tensor(0.0214, device='cuda:1'), tensor(0.0222, device='cuda:1'), tensor(0.0222, device='cuda:1'), tensor(0.0218, device='cuda:1'), tensor(0.0222, device='cuda:1'), tensor(0.0216, device='cuda:1'), tensor(0.0214, device='cuda:1'), tensor(0.0216, device='cuda:1'), tensor(0.0221, device='cuda:1'), tensor(0.0222, device='cuda:1'), tensor(0.0223, device='cuda:1'), tensor(0.0227, device='cuda:1'), tensor(0.0212, device='cuda:1'), tensor(0.0214, device='cuda:1'), tensor(0.0212, device='cuda:1'), tensor(0.0221, device='cuda:1'), tensor(0.0219, device='cuda:1'), tensor(0.0213, device='cuda:1'), tensor(0.0220, device='cuda:1'), tensor(0.0213, device='cuda:1'), tensor(0.0220, device='cuda:1'), tensor(0.0216, device='cuda:1'), tensor(0.0213, device='cuda:1'), tensor(0.0214, device='cuda:1'), tensor(0.0217, device='cuda:1'), tensor(0.0226, device='cuda:1'), tensor(0.0225, device='cuda:1'), tensor(0.0216, device='cuda:1'), tensor(0.0226, device='cuda:1'), tensor(0.0227, device='cuda:1'), tensor(0.0217, device='cuda:1'), tensor(0.0223, device='cuda:1'), tensor(0.0213, device='cuda:1'), tensor(0.0211, device='cuda:1'), tensor(0.0225, device='cuda:1'), tensor(0.0223, device='cuda:1'), tensor(0.0208, device='cuda:1'), tensor(0.0223, device='cuda:1'), tensor(0.0217, device='cuda:1'), tensor(0.0213, device='cuda:1'), tensor(0.0226, device='cuda:1'), tensor(0.0223, device='cuda:1'), tensor(0.0225, device='cuda:1'), tensor(0.0213, device='cuda:1'), tensor(0.0222, device='cuda:1'), tensor(0.0206, device='cuda:1'), tensor(0.0216, device='cuda:1'), tensor(0.0213, device='cuda:1'), tensor(0.0212, device='cuda:1'), tensor(0.0225, device='cuda:1'), tensor(0.0223, device='cuda:1'), tensor(0.0211, device='cuda:1'), tensor(0.0212, device='cuda:1'), tensor(0.0225, device='cuda:1'), tensor(0.0206, device='cuda:1'), tensor(0.0211, device='cuda:1'), tensor(0.0224, device='cuda:1'), tensor(0.0221, device='cuda:1'), tensor(0.0206, device='cuda:1'), tensor(0.0219, device='cuda:1'), tensor(0.0223, device='cuda:1'), tensor(0.0215, device='cuda:1'), tensor(0.0229, device='cuda:1'), tensor(0.0222, device='cuda:1'), tensor(0.0214, device='cuda:1'), tensor(0.0207, device='cuda:1'), tensor(0.0224, device='cuda:1'), tensor(0.0224, device='cuda:1'), tensor(0.0223, device='cuda:1'), tensor(0.0215, device='cuda:1'), tensor(0.0211, device='cuda:1'), tensor(0.0225, device='cuda:1'), tensor(0.0219, device='cuda:1'), tensor(0.0219, device='cuda:1'), tensor(0.0214, device='cuda:1'), tensor(0.0220, device='cuda:1'), tensor(0.0225, device='cuda:1'), tensor(0.0223, device='cuda:1'), tensor(0.0228, device='cuda:1'), tensor(0.0213, device='cuda:1'), tensor(0.0210, device='cuda:1'), tensor(0.0211, device='cuda:1'), tensor(0.0225, device='cuda:1'), tensor(0.0206, device='cuda:1'), tensor(0.0227, device='cuda:1'), tensor(0.0213, device='cuda:1'), tensor(0.0224, device='cuda:1')]"
94,"[tensor(0.0220, device='cuda:1'), tensor(0.0212, device='cuda:1'), tensor(0.0222, device='cuda:1'), tensor(0.0224, device='cuda:1'), tensor(0.0213, device='cuda:1'), tensor(0.0217, device='cuda:1'), tensor(0.0213, device='cuda:1'), tensor(0.0217, device='cuda:1'), tensor(0.0225, device='cuda:1'), tensor(0.0228, device='cuda:1'), tensor(0.0227, device='cuda:1'), tensor(0.0220, device='cuda:1'), tensor(0.0216, device='cuda:1'), tensor(0.0221, device='cuda:1'), tensor(0.0216, device='cuda:1'), tensor(0.0209, device='cuda:1'), tensor(0.0218, device='cuda:1'), tensor(0.0216, device='cuda:1'), tensor(0.0214, device='cuda:1'), tensor(0.0223, device='cuda:1'), tensor(0.0226, device='cuda:1'), tensor(0.0226, device='cuda:1'), tensor(0.0226, device='cuda:1'), tensor(0.0220, device='cuda:1'), tensor(0.0211, device='cuda:1'), tensor(0.0225, device='cuda:1'), tensor(0.0214, device='cuda:1'), tensor(0.0224, device='cuda:1'), tensor(0.0219, device='cuda:1'), tensor(0.0222, device='cuda:1'), tensor(0.0223, device='cuda:1'), tensor(0.0226, device='cuda:1'), tensor(0.0226, device='cuda:1'), tensor(0.0226, device='cuda:1'), tensor(0.0225, device='cuda:1'), tensor(0.0221, device='cuda:1'), tensor(0.0224, device='cuda:1'), tensor(0.0210, device='cuda:1'), tensor(0.0227, device='cuda:1'), tensor(0.0221, device='cuda:1'), tensor(0.0224, device='cuda:1'), tensor(0.0229, device='cuda:1'), tensor(0.0223, device='cuda:1'), tensor(0.0216, device='cuda:1'), tensor(0.0220, device='cuda:1'), tensor(0.0225, device='cuda:1'), tensor(0.0224, device='cuda:1'), tensor(0.0220, device='cuda:1'), tensor(0.0213, device='cuda:1'), tensor(0.0216, device='cuda:1'), tensor(0.0217, device='cuda:1'), tensor(0.0224, device='cuda:1'), tensor(0.0225, device='cuda:1'), tensor(0.0226, device='cuda:1'), tensor(0.0220, device='cuda:1'), tensor(0.0225, device='cuda:1'), tensor(0.0213, device='cuda:1'), tensor(0.0225, device='cuda:1'), tensor(0.0208, device='cuda:1'), tensor(0.0211, device='cuda:1'), tensor(0.0222, device='cuda:1'), tensor(0.0218, device='cuda:1'), tensor(0.0220, device='cuda:1'), tensor(0.0220, device='cuda:1'), tensor(0.0222, device='cuda:1'), tensor(0.0223, device='cuda:1'), tensor(0.0220, device='cuda:1'), tensor(0.0214, device='cuda:1'), tensor(0.0221, device='cuda:1'), tensor(0.0223, device='cuda:1'), tensor(0.0216, device='cuda:1'), tensor(0.0215, device='cuda:1'), tensor(0.0213, device='cuda:1'), tensor(0.0227, device='cuda:1'), tensor(0.0223, device='cuda:1'), tensor(0.0227, device='cuda:1'), tensor(0.0220, device='cuda:1'), tensor(0.0225, device='cuda:1'), tensor(0.0219, device='cuda:1'), tensor(0.0217, device='cuda:1'), tensor(0.0219, device='cuda:1'), tensor(0.0226, device='cuda:1'), tensor(0.0223, device='cuda:1'), tensor(0.0204, device='cuda:1'), tensor(0.0210, device='cuda:1'), tensor(0.0223, device='cuda:1'), tensor(0.0225, device='cuda:1'), tensor(0.0212, device='cuda:1'), tensor(0.0209, device='cuda:1'), tensor(0.0221, device='cuda:1'), tensor(0.0226, device='cuda:1'), tensor(0.0227, device='cuda:1'), tensor(0.0224, device='cuda:1'), tensor(0.0219, device='cuda:1'), tensor(0.0218, device='cuda:1'), tensor(0.0228, device='cuda:1'), tensor(0.0206, device='cuda:1'), tensor(0.0222, device='cuda:1'), tensor(0.0226, device='cuda:1'), tensor(0.0227, device='cuda:1')]"
95,"[tensor(0.0217, device='cuda:1'), tensor(0.0224, device='cuda:1'), tensor(0.0219, device='cuda:1'), tensor(0.0213, device='cuda:1'), tensor(0.0226, device='cuda:1'), tensor(0.0226, device='cuda:1'), tensor(0.0208, device='cuda:1'), tensor(0.0226, device='cuda:1'), tensor(0.0208, device='cuda:1'), tensor(0.0222, device='cuda:1'), tensor(0.0224, device='cuda:1'), tensor(0.0224, device='cuda:1'), tensor(0.0215, device='cuda:1'), tensor(0.0214, device='cuda:1'), tensor(0.0222, device='cuda:1'), tensor(0.0222, device='cuda:1'), tensor(0.0218, device='cuda:1'), tensor(0.0222, device='cuda:1'), tensor(0.0216, device='cuda:1'), tensor(0.0213, device='cuda:1'), tensor(0.0216, device='cuda:1'), tensor(0.0222, device='cuda:1'), tensor(0.0222, device='cuda:1'), tensor(0.0223, device='cuda:1'), tensor(0.0227, device='cuda:1'), tensor(0.0212, device='cuda:1'), tensor(0.0214, device='cuda:1'), tensor(0.0212, device='cuda:1'), tensor(0.0221, device='cuda:1'), tensor(0.0218, device='cuda:1'), tensor(0.0213, device='cuda:1'), tensor(0.0220, device='cuda:1'), tensor(0.0213, device='cuda:1'), tensor(0.0220, device='cuda:1'), tensor(0.0216, device='cuda:1'), tensor(0.0213, device='cuda:1'), tensor(0.0214, device='cuda:1'), tensor(0.0217, device='cuda:1'), tensor(0.0225, device='cuda:1'), tensor(0.0225, device='cuda:1'), tensor(0.0215, device='cuda:1'), tensor(0.0227, device='cuda:1'), tensor(0.0227, device='cuda:1'), tensor(0.0216, device='cuda:1'), tensor(0.0222, device='cuda:1'), tensor(0.0213, device='cuda:1'), tensor(0.0211, device='cuda:1'), tensor(0.0224, device='cuda:1'), tensor(0.0223, device='cuda:1'), tensor(0.0208, device='cuda:1'), tensor(0.0223, device='cuda:1'), tensor(0.0217, device='cuda:1'), tensor(0.0213, device='cuda:1'), tensor(0.0226, device='cuda:1'), tensor(0.0223, device='cuda:1'), tensor(0.0225, device='cuda:1'), tensor(0.0213, device='cuda:1'), tensor(0.0222, device='cuda:1'), tensor(0.0207, device='cuda:1'), tensor(0.0216, device='cuda:1'), tensor(0.0213, device='cuda:1'), tensor(0.0213, device='cuda:1'), tensor(0.0224, device='cuda:1'), tensor(0.0223, device='cuda:1'), tensor(0.0211, device='cuda:1'), tensor(0.0212, device='cuda:1'), tensor(0.0225, device='cuda:1'), tensor(0.0206, device='cuda:1'), tensor(0.0211, device='cuda:1'), tensor(0.0224, device='cuda:1'), tensor(0.0221, device='cuda:1'), tensor(0.0206, device='cuda:1'), tensor(0.0219, device='cuda:1'), tensor(0.0224, device='cuda:1'), tensor(0.0215, device='cuda:1'), tensor(0.0229, device='cuda:1'), tensor(0.0222, device='cuda:1'), tensor(0.0214, device='cuda:1'), tensor(0.0207, device='cuda:1'), tensor(0.0224, device='cuda:1'), tensor(0.0224, device='cuda:1'), tensor(0.0223, device='cuda:1'), tensor(0.0215, device='cuda:1'), tensor(0.0210, device='cuda:1'), tensor(0.0225, device='cuda:1'), tensor(0.0220, device='cuda:1'), tensor(0.0219, device='cuda:1'), tensor(0.0214, device='cuda:1'), tensor(0.0220, device='cuda:1'), tensor(0.0225, device='cuda:1'), tensor(0.0223, device='cuda:1'), tensor(0.0228, device='cuda:1'), tensor(0.0213, device='cuda:1'), tensor(0.0210, device='cuda:1'), tensor(0.0211, device='cuda:1'), tensor(0.0225, device='cuda:1'), tensor(0.0206, device='cuda:1'), tensor(0.0227, device='cuda:1'), tensor(0.0213, device='cuda:1'), tensor(0.0224, device='cuda:1')]"
96,"[tensor(0.0220, device='cuda:1'), tensor(0.0212, device='cuda:1'), tensor(0.0222, device='cuda:1'), tensor(0.0224, device='cuda:1'), tensor(0.0213, device='cuda:1'), tensor(0.0216, device='cuda:1'), tensor(0.0212, device='cuda:1'), tensor(0.0217, device='cuda:1'), tensor(0.0225, device='cuda:1'), tensor(0.0228, device='cuda:1'), tensor(0.0227, device='cuda:1'), tensor(0.0220, device='cuda:1'), tensor(0.0216, device='cuda:1'), tensor(0.0222, device='cuda:1'), tensor(0.0216, device='cuda:1'), tensor(0.0209, device='cuda:1'), tensor(0.0218, device='cuda:1'), tensor(0.0216, device='cuda:1'), tensor(0.0214, device='cuda:1'), tensor(0.0223, device='cuda:1'), tensor(0.0226, device='cuda:1'), tensor(0.0227, device='cuda:1'), tensor(0.0226, device='cuda:1'), tensor(0.0220, device='cuda:1'), tensor(0.0211, device='cuda:1'), tensor(0.0225, device='cuda:1'), tensor(0.0214, device='cuda:1'), tensor(0.0224, device='cuda:1'), tensor(0.0220, device='cuda:1'), tensor(0.0221, device='cuda:1'), tensor(0.0223, device='cuda:1'), tensor(0.0226, device='cuda:1'), tensor(0.0226, device='cuda:1'), tensor(0.0226, device='cuda:1'), tensor(0.0225, device='cuda:1'), tensor(0.0221, device='cuda:1'), tensor(0.0224, device='cuda:1'), tensor(0.0209, device='cuda:1'), tensor(0.0227, device='cuda:1'), tensor(0.0221, device='cuda:1'), tensor(0.0224, device='cuda:1'), tensor(0.0229, device='cuda:1'), tensor(0.0224, device='cuda:1'), tensor(0.0215, device='cuda:1'), tensor(0.0221, device='cuda:1'), tensor(0.0225, device='cuda:1'), tensor(0.0224, device='cuda:1'), tensor(0.0219, device='cuda:1'), tensor(0.0213, device='cuda:1'), tensor(0.0216, device='cuda:1'), tensor(0.0217, device='cuda:1'), tensor(0.0224, device='cuda:1'), tensor(0.0225, device='cuda:1'), tensor(0.0226, device='cuda:1'), tensor(0.0220, device='cuda:1'), tensor(0.0225, device='cuda:1'), tensor(0.0213, device='cuda:1'), tensor(0.0225, device='cuda:1'), tensor(0.0208, device='cuda:1'), tensor(0.0211, device='cuda:1'), tensor(0.0222, device='cuda:1'), tensor(0.0218, device='cuda:1'), tensor(0.0219, device='cuda:1'), tensor(0.0221, device='cuda:1'), tensor(0.0223, device='cuda:1'), tensor(0.0222, device='cuda:1'), tensor(0.0220, device='cuda:1'), tensor(0.0213, device='cuda:1'), tensor(0.0221, device='cuda:1'), tensor(0.0223, device='cuda:1'), tensor(0.0216, device='cuda:1'), tensor(0.0216, device='cuda:1'), tensor(0.0213, device='cuda:1'), tensor(0.0227, device='cuda:1'), tensor(0.0223, device='cuda:1'), tensor(0.0227, device='cuda:1'), tensor(0.0220, device='cuda:1'), tensor(0.0225, device='cuda:1'), tensor(0.0220, device='cuda:1'), tensor(0.0217, device='cuda:1'), tensor(0.0219, device='cuda:1'), tensor(0.0226, device='cuda:1'), tensor(0.0223, device='cuda:1'), tensor(0.0204, device='cuda:1'), tensor(0.0210, device='cuda:1'), tensor(0.0223, device='cuda:1'), tensor(0.0225, device='cuda:1'), tensor(0.0212, device='cuda:1'), tensor(0.0209, device='cuda:1'), tensor(0.0220, device='cuda:1'), tensor(0.0226, device='cuda:1'), tensor(0.0227, device='cuda:1'), tensor(0.0224, device='cuda:1'), tensor(0.0219, device='cuda:1'), tensor(0.0217, device='cuda:1'), tensor(0.0228, device='cuda:1'), tensor(0.0207, device='cuda:1'), tensor(0.0221, device='cuda:1'), tensor(0.0226, device='cuda:1'), tensor(0.0228, device='cuda:1')]"
97,"[tensor(0.0217, device='cuda:1'), tensor(0.0224, device='cuda:1'), tensor(0.0219, device='cuda:1'), tensor(0.0213, device='cuda:1'), tensor(0.0225, device='cuda:1'), tensor(0.0226, device='cuda:1'), tensor(0.0208, device='cuda:1'), tensor(0.0226, device='cuda:1'), tensor(0.0208, device='cuda:1'), tensor(0.0222, device='cuda:1'), tensor(0.0224, device='cuda:1'), tensor(0.0224, device='cuda:1'), tensor(0.0216, device='cuda:1'), tensor(0.0214, device='cuda:1'), tensor(0.0222, device='cuda:1'), tensor(0.0222, device='cuda:1'), tensor(0.0219, device='cuda:1'), tensor(0.0223, device='cuda:1'), tensor(0.0216, device='cuda:1'), tensor(0.0213, device='cuda:1'), tensor(0.0216, device='cuda:1'), tensor(0.0222, device='cuda:1'), tensor(0.0222, device='cuda:1'), tensor(0.0223, device='cuda:1'), tensor(0.0227, device='cuda:1'), tensor(0.0211, device='cuda:1'), tensor(0.0214, device='cuda:1'), tensor(0.0212, device='cuda:1'), tensor(0.0221, device='cuda:1'), tensor(0.0218, device='cuda:1'), tensor(0.0213, device='cuda:1'), tensor(0.0220, device='cuda:1'), tensor(0.0213, device='cuda:1'), tensor(0.0219, device='cuda:1'), tensor(0.0216, device='cuda:1'), tensor(0.0213, device='cuda:1'), tensor(0.0214, device='cuda:1'), tensor(0.0217, device='cuda:1'), tensor(0.0225, device='cuda:1'), tensor(0.0225, device='cuda:1'), tensor(0.0215, device='cuda:1'), tensor(0.0227, device='cuda:1'), tensor(0.0228, device='cuda:1'), tensor(0.0216, device='cuda:1'), tensor(0.0221, device='cuda:1'), tensor(0.0213, device='cuda:1'), tensor(0.0210, device='cuda:1'), tensor(0.0224, device='cuda:1'), tensor(0.0223, device='cuda:1'), tensor(0.0208, device='cuda:1'), tensor(0.0223, device='cuda:1'), tensor(0.0216, device='cuda:1'), tensor(0.0213, device='cuda:1'), tensor(0.0226, device='cuda:1'), tensor(0.0223, device='cuda:1'), tensor(0.0225, device='cuda:1'), tensor(0.0213, device='cuda:1'), tensor(0.0222, device='cuda:1'), tensor(0.0207, device='cuda:1'), tensor(0.0216, device='cuda:1'), tensor(0.0213, device='cuda:1'), tensor(0.0212, device='cuda:1'), tensor(0.0224, device='cuda:1'), tensor(0.0223, device='cuda:1'), tensor(0.0211, device='cuda:1'), tensor(0.0211, device='cuda:1'), tensor(0.0225, device='cuda:1'), tensor(0.0206, device='cuda:1'), tensor(0.0211, device='cuda:1'), tensor(0.0224, device='cuda:1'), tensor(0.0221, device='cuda:1'), tensor(0.0206, device='cuda:1'), tensor(0.0220, device='cuda:1'), tensor(0.0223, device='cuda:1'), tensor(0.0215, device='cuda:1'), tensor(0.0229, device='cuda:1'), tensor(0.0222, device='cuda:1'), tensor(0.0214, device='cuda:1'), tensor(0.0207, device='cuda:1'), tensor(0.0224, device='cuda:1'), tensor(0.0224, device='cuda:1'), tensor(0.0222, device='cuda:1'), tensor(0.0214, device='cuda:1'), tensor(0.0210, device='cuda:1'), tensor(0.0225, device='cuda:1'), tensor(0.0220, device='cuda:1'), tensor(0.0219, device='cuda:1'), tensor(0.0214, device='cuda:1'), tensor(0.0220, device='cuda:1'), tensor(0.0225, device='cuda:1'), tensor(0.0223, device='cuda:1'), tensor(0.0228, device='cuda:1'), tensor(0.0213, device='cuda:1'), tensor(0.0210, device='cuda:1'), tensor(0.0210, device='cuda:1'), tensor(0.0225, device='cuda:1'), tensor(0.0206, device='cuda:1'), tensor(0.0226, device='cuda:1'), tensor(0.0213, device='cuda:1'), tensor(0.0224, device='cuda:1')]"
98,"[tensor(0.0220, device='cuda:1'), tensor(0.0212, device='cuda:1'), tensor(0.0222, device='cuda:1'), tensor(0.0224, device='cuda:1'), tensor(0.0213, device='cuda:1'), tensor(0.0216, device='cuda:1'), tensor(0.0212, device='cuda:1'), tensor(0.0217, device='cuda:1'), tensor(0.0225, device='cuda:1'), tensor(0.0228, device='cuda:1'), tensor(0.0227, device='cuda:1'), tensor(0.0221, device='cuda:1'), tensor(0.0216, device='cuda:1'), tensor(0.0222, device='cuda:1'), tensor(0.0216, device='cuda:1'), tensor(0.0209, device='cuda:1'), tensor(0.0218, device='cuda:1'), tensor(0.0217, device='cuda:1'), tensor(0.0214, device='cuda:1'), tensor(0.0223, device='cuda:1'), tensor(0.0226, device='cuda:1'), tensor(0.0227, device='cuda:1'), tensor(0.0226, device='cuda:1'), tensor(0.0219, device='cuda:1'), tensor(0.0211, device='cuda:1'), tensor(0.0225, device='cuda:1'), tensor(0.0214, device='cuda:1'), tensor(0.0224, device='cuda:1'), tensor(0.0220, device='cuda:1'), tensor(0.0221, device='cuda:1'), tensor(0.0223, device='cuda:1'), tensor(0.0226, device='cuda:1'), tensor(0.0226, device='cuda:1'), tensor(0.0225, device='cuda:1'), tensor(0.0225, device='cuda:1'), tensor(0.0221, device='cuda:1'), tensor(0.0224, device='cuda:1'), tensor(0.0209, device='cuda:1'), tensor(0.0227, device='cuda:1'), tensor(0.0221, device='cuda:1'), tensor(0.0224, device='cuda:1'), tensor(0.0229, device='cuda:1'), tensor(0.0225, device='cuda:1'), tensor(0.0216, device='cuda:1'), tensor(0.0223, device='cuda:1'), tensor(0.0225, device='cuda:1'), tensor(0.0224, device='cuda:1'), tensor(0.0219, device='cuda:1'), tensor(0.0212, device='cuda:1'), tensor(0.0216, device='cuda:1'), tensor(0.0217, device='cuda:1'), tensor(0.0224, device='cuda:1'), tensor(0.0224, device='cuda:1'), tensor(0.0226, device='cuda:1'), tensor(0.0220, device='cuda:1'), tensor(0.0225, device='cuda:1'), tensor(0.0213, device='cuda:1'), tensor(0.0226, device='cuda:1'), tensor(0.0209, device='cuda:1'), tensor(0.0211, device='cuda:1'), tensor(0.0222, device='cuda:1'), tensor(0.0218, device='cuda:1'), tensor(0.0219, device='cuda:1'), tensor(0.0221, device='cuda:1'), tensor(0.0223, device='cuda:1'), tensor(0.0222, device='cuda:1'), tensor(0.0221, device='cuda:1'), tensor(0.0213, device='cuda:1'), tensor(0.0222, device='cuda:1'), tensor(0.0223, device='cuda:1'), tensor(0.0216, device='cuda:1'), tensor(0.0215, device='cuda:1'), tensor(0.0213, device='cuda:1'), tensor(0.0227, device='cuda:1'), tensor(0.0223, device='cuda:1'), tensor(0.0228, device='cuda:1'), tensor(0.0219, device='cuda:1'), tensor(0.0224, device='cuda:1'), tensor(0.0220, device='cuda:1'), tensor(0.0217, device='cuda:1'), tensor(0.0219, device='cuda:1'), tensor(0.0225, device='cuda:1'), tensor(0.0223, device='cuda:1'), tensor(0.0203, device='cuda:1'), tensor(0.0210, device='cuda:1'), tensor(0.0221, device='cuda:1'), tensor(0.0225, device='cuda:1'), tensor(0.0212, device='cuda:1'), tensor(0.0209, device='cuda:1'), tensor(0.0220, device='cuda:1'), tensor(0.0226, device='cuda:1'), tensor(0.0227, device='cuda:1'), tensor(0.0224, device='cuda:1'), tensor(0.0219, device='cuda:1'), tensor(0.0217, device='cuda:1'), tensor(0.0228, device='cuda:1'), tensor(0.0207, device='cuda:1'), tensor(0.0220, device='cuda:1'), tensor(0.0226, device='cuda:1'), tensor(0.0228, device='cuda:1')]"
99,"[tensor(0.0217, device='cuda:1'), tensor(0.0224, device='cuda:1'), tensor(0.0218, device='cuda:1'), tensor(0.0212, device='cuda:1'), tensor(0.0225, device='cuda:1'), tensor(0.0226, device='cuda:1'), tensor(0.0208, device='cuda:1'), tensor(0.0226, device='cuda:1'), tensor(0.0208, device='cuda:1'), tensor(0.0222, device='cuda:1'), tensor(0.0225, device='cuda:1'), tensor(0.0224, device='cuda:1'), tensor(0.0216, device='cuda:1'), tensor(0.0214, device='cuda:1'), tensor(0.0222, device='cuda:1'), tensor(0.0222, device='cuda:1'), tensor(0.0219, device='cuda:1'), tensor(0.0222, device='cuda:1'), tensor(0.0216, device='cuda:1'), tensor(0.0213, device='cuda:1'), tensor(0.0216, device='cuda:1'), tensor(0.0223, device='cuda:1'), tensor(0.0223, device='cuda:1'), tensor(0.0223, device='cuda:1'), tensor(0.0227, device='cuda:1'), tensor(0.0211, device='cuda:1'), tensor(0.0214, device='cuda:1'), tensor(0.0212, device='cuda:1'), tensor(0.0222, device='cuda:1'), tensor(0.0217, device='cuda:1'), tensor(0.0213, device='cuda:1'), tensor(0.0220, device='cuda:1'), tensor(0.0213, device='cuda:1'), tensor(0.0218, device='cuda:1'), tensor(0.0216, device='cuda:1'), tensor(0.0213, device='cuda:1'), tensor(0.0214, device='cuda:1'), tensor(0.0217, device='cuda:1'), tensor(0.0225, device='cuda:1'), tensor(0.0225, device='cuda:1'), tensor(0.0214, device='cuda:1'), tensor(0.0227, device='cuda:1'), tensor(0.0228, device='cuda:1'), tensor(0.0216, device='cuda:1'), tensor(0.0221, device='cuda:1'), tensor(0.0213, device='cuda:1'), tensor(0.0210, device='cuda:1'), tensor(0.0224, device='cuda:1'), tensor(0.0222, device='cuda:1'), tensor(0.0208, device='cuda:1'), tensor(0.0223, device='cuda:1'), tensor(0.0216, device='cuda:1'), tensor(0.0213, device='cuda:1'), tensor(0.0226, device='cuda:1'), tensor(0.0223, device='cuda:1'), tensor(0.0225, device='cuda:1'), tensor(0.0213, device='cuda:1'), tensor(0.0222, device='cuda:1'), tensor(0.0207, device='cuda:1'), tensor(0.0217, device='cuda:1'), tensor(0.0213, device='cuda:1'), tensor(0.0212, device='cuda:1'), tensor(0.0224, device='cuda:1'), tensor(0.0223, device='cuda:1'), tensor(0.0211, device='cuda:1'), tensor(0.0211, device='cuda:1'), tensor(0.0225, device='cuda:1'), tensor(0.0206, device='cuda:1'), tensor(0.0211, device='cuda:1'), tensor(0.0224, device='cuda:1'), tensor(0.0221, device='cuda:1'), tensor(0.0205, device='cuda:1'), tensor(0.0219, device='cuda:1'), tensor(0.0224, device='cuda:1'), tensor(0.0215, device='cuda:1'), tensor(0.0230, device='cuda:1'), tensor(0.0222, device='cuda:1'), tensor(0.0213, device='cuda:1'), tensor(0.0207, device='cuda:1'), tensor(0.0224, device='cuda:1'), tensor(0.0224, device='cuda:1'), tensor(0.0222, device='cuda:1'), tensor(0.0214, device='cuda:1'), tensor(0.0209, device='cuda:1'), tensor(0.0225, device='cuda:1'), tensor(0.0221, device='cuda:1'), tensor(0.0219, device='cuda:1'), tensor(0.0214, device='cuda:1'), tensor(0.0221, device='cuda:1'), tensor(0.0224, device='cuda:1'), tensor(0.0223, device='cuda:1'), tensor(0.0228, device='cuda:1'), tensor(0.0213, device='cuda:1'), tensor(0.0210, device='cuda:1'), tensor(0.0211, device='cuda:1'), tensor(0.0225, device='cuda:1'), tensor(0.0206, device='cuda:1'), tensor(0.0226, device='cuda:1'), tensor(0.0213, device='cuda:1'), tensor(0.0224, device='cuda:1')]"
