none,[]
0,"[tensor(0.0284, device='cuda:0'), tensor(0.0286, device='cuda:0'), tensor(0.0281, device='cuda:0'), tensor(0.0280, device='cuda:0'), tensor(0.0288, device='cuda:0'), tensor(0.0301, device='cuda:0'), tensor(0.0279, device='cuda:0'), tensor(0.0290, device='cuda:0'), tensor(0.0300, device='cuda:0'), tensor(0.0301, device='cuda:0'), tensor(0.0289, device='cuda:0'), tensor(0.0298, device='cuda:0'), tensor(0.0306, device='cuda:0'), tensor(0.0282, device='cuda:0'), tensor(0.0320, device='cuda:0'), tensor(0.0318, device='cuda:0'), tensor(0.0305, device='cuda:0'), tensor(0.0296, device='cuda:0'), tensor(0.0304, device='cuda:0'), tensor(0.0290, device='cuda:0'), tensor(0.0290, device='cuda:0'), tensor(0.0284, device='cuda:0'), tensor(0.0309, device='cuda:0'), tensor(0.0285, device='cuda:0'), tensor(0.0285, device='cuda:0'), tensor(0.0295, device='cuda:0'), tensor(0.0308, device='cuda:0'), tensor(0.0298, device='cuda:0'), tensor(0.0291, device='cuda:0'), tensor(0.0281, device='cuda:0'), tensor(0.0310, device='cuda:0'), tensor(0.0299, device='cuda:0'), tensor(0.0310, device='cuda:0'), tensor(0.0278, device='cuda:0'), tensor(0.0292, device='cuda:0'), tensor(0.0306, device='cuda:0'), tensor(0.0293, device='cuda:0'), tensor(0.0296, device='cuda:0'), tensor(0.0282, device='cuda:0'), tensor(0.0285, device='cuda:0'), tensor(0.0292, device='cuda:0'), tensor(0.0276, device='cuda:0'), tensor(0.0277, device='cuda:0'), tensor(0.0279, device='cuda:0'), tensor(0.0294, device='cuda:0'), tensor(0.0290, device='cuda:0'), tensor(0.0280, device='cuda:0'), tensor(0.0285, device='cuda:0'), tensor(0.0282, device='cuda:0'), tensor(0.0292, device='cuda:0'), tensor(0.0286, device='cuda:0'), tensor(0.0295, device='cuda:0'), tensor(0.0294, device='cuda:0'), tensor(0.0303, device='cuda:0'), tensor(0.0278, device='cuda:0'), tensor(0.0297, device='cuda:0'), tensor(0.0289, device='cuda:0'), tensor(0.0279, device='cuda:0'), tensor(0.0287, device='cuda:0'), tensor(0.0301, device='cuda:0'), tensor(0.0292, device='cuda:0'), tensor(0.0287, device='cuda:0'), tensor(0.0295, device='cuda:0'), tensor(0.0315, device='cuda:0'), tensor(0.0290, device='cuda:0'), tensor(0.0296, device='cuda:0'), tensor(0.0285, device='cuda:0'), tensor(0.0286, device='cuda:0'), tensor(0.0301, device='cuda:0'), tensor(0.0281, device='cuda:0'), tensor(0.0286, device='cuda:0'), tensor(0.0285, device='cuda:0'), tensor(0.0288, device='cuda:0'), tensor(0.0284, device='cuda:0'), tensor(0.0288, device='cuda:0'), tensor(0.0283, device='cuda:0'), tensor(0.0289, device='cuda:0'), tensor(0.0297, device='cuda:0'), tensor(0.0311, device='cuda:0'), tensor(0.0300, device='cuda:0'), tensor(0.0294, device='cuda:0'), tensor(0.0288, device='cuda:0'), tensor(0.0277, device='cuda:0'), tensor(0.0306, device='cuda:0'), tensor(0.0282, device='cuda:0'), tensor(0.0331, device='cuda:0'), tensor(0.0294, device='cuda:0'), tensor(0.0292, device='cuda:0'), tensor(0.0305, device='cuda:0'), tensor(0.0291, device='cuda:0'), tensor(0.0281, device='cuda:0'), tensor(0.0300, device='cuda:0'), tensor(0.0285, device='cuda:0'), tensor(0.0312, device='cuda:0'), tensor(0.0288, device='cuda:0'), tensor(0.0286, device='cuda:0'), tensor(0.0281, device='cuda:0'), tensor(0.0291, device='cuda:0'), tensor(0.0288, device='cuda:0'), tensor(0.0287, device='cuda:0'), tensor(0.0311, device='cuda:0'), tensor(0.0308, device='cuda:0'), tensor(0.0283, device='cuda:0'), tensor(0.0283, device='cuda:0'), tensor(0.0300, device='cuda:0'), tensor(0.0307, device='cuda:0'), tensor(0.0291, device='cuda:0'), tensor(0.0312, device='cuda:0'), tensor(0.0287, device='cuda:0'), tensor(0.0279, device='cuda:0'), tensor(0.0275, device='cuda:0'), tensor(0.0287, device='cuda:0'), tensor(0.0280, device='cuda:0'), tensor(0.0285, device='cuda:0'), tensor(0.0294, device='cuda:0'), tensor(0.0312, device='cuda:0'), tensor(0.0316, device='cuda:0'), tensor(0.0287, device='cuda:0'), tensor(0.0297, device='cuda:0'), tensor(0.0312, device='cuda:0'), tensor(0.0305, device='cuda:0'), tensor(0.0298, device='cuda:0')]"
1,"[tensor(0.0287, device='cuda:0'), tensor(0.0284, device='cuda:0'), tensor(0.0278, device='cuda:0'), tensor(0.0284, device='cuda:0'), tensor(0.0278, device='cuda:0'), tensor(0.0273, device='cuda:0'), tensor(0.0283, device='cuda:0'), tensor(0.0285, device='cuda:0'), tensor(0.0272, device='cuda:0'), tensor(0.0297, device='cuda:0'), tensor(0.0291, device='cuda:0'), tensor(0.0280, device='cuda:0'), tensor(0.0286, device='cuda:0'), tensor(0.0282, device='cuda:0'), tensor(0.0301, device='cuda:0'), tensor(0.0310, device='cuda:0'), tensor(0.0275, device='cuda:0'), tensor(0.0283, device='cuda:0'), tensor(0.0272, device='cuda:0'), tensor(0.0295, device='cuda:0'), tensor(0.0287, device='cuda:0'), tensor(0.0278, device='cuda:0'), tensor(0.0293, device='cuda:0'), tensor(0.0296, device='cuda:0'), tensor(0.0295, device='cuda:0'), tensor(0.0278, device='cuda:0'), tensor(0.0286, device='cuda:0'), tensor(0.0294, device='cuda:0'), tensor(0.0269, device='cuda:0'), tensor(0.0282, device='cuda:0'), tensor(0.0285, device='cuda:0'), tensor(0.0292, device='cuda:0'), tensor(0.0288, device='cuda:0'), tensor(0.0281, device='cuda:0'), tensor(0.0280, device='cuda:0'), tensor(0.0277, device='cuda:0'), tensor(0.0282, device='cuda:0'), tensor(0.0267, device='cuda:0'), tensor(0.0281, device='cuda:0'), tensor(0.0292, device='cuda:0'), tensor(0.0285, device='cuda:0'), tensor(0.0288, device='cuda:0'), tensor(0.0285, device='cuda:0'), tensor(0.0278, device='cuda:0'), tensor(0.0293, device='cuda:0'), tensor(0.0289, device='cuda:0'), tensor(0.0276, device='cuda:0'), tensor(0.0283, device='cuda:0'), tensor(0.0275, device='cuda:0'), tensor(0.0316, device='cuda:0'), tensor(0.0281, device='cuda:0'), tensor(0.0292, device='cuda:0'), tensor(0.0284, device='cuda:0'), tensor(0.0284, device='cuda:0'), tensor(0.0275, device='cuda:0'), tensor(0.0296, device='cuda:0'), tensor(0.0293, device='cuda:0'), tensor(0.0263, device='cuda:0'), tensor(0.0278, device='cuda:0'), tensor(0.0305, device='cuda:0'), tensor(0.0297, device='cuda:0'), tensor(0.0282, device='cuda:0'), tensor(0.0273, device='cuda:0'), tensor(0.0294, device='cuda:0'), tensor(0.0283, device='cuda:0'), tensor(0.0284, device='cuda:0'), tensor(0.0273, device='cuda:0'), tensor(0.0296, device='cuda:0'), tensor(0.0290, device='cuda:0'), tensor(0.0280, device='cuda:0'), tensor(0.0275, device='cuda:0'), tensor(0.0294, device='cuda:0'), tensor(0.0305, device='cuda:0'), tensor(0.0329, device='cuda:0'), tensor(0.0294, device='cuda:0'), tensor(0.0285, device='cuda:0'), tensor(0.0297, device='cuda:0'), tensor(0.0313, device='cuda:0'), tensor(0.0285, device='cuda:0'), tensor(0.0282, device='cuda:0'), tensor(0.0283, device='cuda:0'), tensor(0.0298, device='cuda:0'), tensor(0.0274, device='cuda:0'), tensor(0.0288, device='cuda:0'), tensor(0.0287, device='cuda:0'), tensor(0.0279, device='cuda:0'), tensor(0.0297, device='cuda:0'), tensor(0.0276, device='cuda:0'), tensor(0.0287, device='cuda:0'), tensor(0.0268, device='cuda:0'), tensor(0.0270, device='cuda:0'), tensor(0.0287, device='cuda:0'), tensor(0.0281, device='cuda:0'), tensor(0.0297, device='cuda:0'), tensor(0.0286, device='cuda:0'), tensor(0.0284, device='cuda:0'), tensor(0.0281, device='cuda:0'), tensor(0.0284, device='cuda:0'), tensor(0.0270, device='cuda:0'), tensor(0.0283, device='cuda:0'), tensor(0.0296, device='cuda:0'), tensor(0.0284, device='cuda:0'), tensor(0.0284, device='cuda:0'), tensor(0.0266, device='cuda:0'), tensor(0.0322, device='cuda:0'), tensor(0.0297, device='cuda:0'), tensor(0.0281, device='cuda:0'), tensor(0.0286, device='cuda:0'), tensor(0.0280, device='cuda:0'), tensor(0.0259, device='cuda:0'), tensor(0.0279, device='cuda:0'), tensor(0.0284, device='cuda:0'), tensor(0.0280, device='cuda:0'), tensor(0.0314, device='cuda:0'), tensor(0.0271, device='cuda:0'), tensor(0.0286, device='cuda:0'), tensor(0.0315, device='cuda:0'), tensor(0.0295, device='cuda:0'), tensor(0.0288, device='cuda:0'), tensor(0.0297, device='cuda:0'), tensor(0.0289, device='cuda:0'), tensor(0.0296, device='cuda:0')]"
2,"[tensor(0.0365, device='cuda:0'), tensor(0.0277, device='cuda:0'), tensor(0.0251, device='cuda:0'), tensor(0.0291, device='cuda:0'), tensor(0.0296, device='cuda:0'), tensor(0.0261, device='cuda:0'), tensor(0.0295, device='cuda:0'), tensor(0.0287, device='cuda:0'), tensor(0.0320, device='cuda:0'), tensor(0.0298, device='cuda:0'), tensor(0.0330, device='cuda:0'), tensor(0.0272, device='cuda:0'), tensor(0.0282, device='cuda:0'), tensor(0.0294, device='cuda:0'), tensor(0.0295, device='cuda:0'), tensor(0.0276, device='cuda:0'), tensor(0.0274, device='cuda:0'), tensor(0.0282, device='cuda:0'), tensor(0.0284, device='cuda:0'), tensor(0.0259, device='cuda:0'), tensor(0.0284, device='cuda:0'), tensor(0.0279, device='cuda:0'), tensor(0.0279, device='cuda:0'), tensor(0.0289, device='cuda:0'), tensor(0.0275, device='cuda:0'), tensor(0.0290, device='cuda:0'), tensor(0.0305, device='cuda:0'), tensor(0.0293, device='cuda:0'), tensor(0.0260, device='cuda:0'), tensor(0.0268, device='cuda:0'), tensor(0.0275, device='cuda:0'), tensor(0.0288, device='cuda:0'), tensor(0.0296, device='cuda:0'), tensor(0.0296, device='cuda:0'), tensor(0.0297, device='cuda:0'), tensor(0.0292, device='cuda:0'), tensor(0.0285, device='cuda:0'), tensor(0.0293, device='cuda:0'), tensor(0.0275, device='cuda:0'), tensor(0.0280, device='cuda:0'), tensor(0.0280, device='cuda:0'), tensor(0.0303, device='cuda:0'), tensor(0.0271, device='cuda:0'), tensor(0.0272, device='cuda:0'), tensor(0.0300, device='cuda:0'), tensor(0.0277, device='cuda:0'), tensor(0.0275, device='cuda:0'), tensor(0.0277, device='cuda:0'), tensor(0.0277, device='cuda:0'), tensor(0.0326, device='cuda:0'), tensor(0.0268, device='cuda:0'), tensor(0.0289, device='cuda:0'), tensor(0.0327, device='cuda:0'), tensor(0.0279, device='cuda:0'), tensor(0.0324, device='cuda:0'), tensor(0.0286, device='cuda:0'), tensor(0.0292, device='cuda:0'), tensor(0.0279, device='cuda:0'), tensor(0.0297, device='cuda:0'), tensor(0.0296, device='cuda:0'), tensor(0.0317, device='cuda:0'), tensor(0.0515, device='cuda:0'), tensor(0.0291, device='cuda:0'), tensor(0.0285, device='cuda:0'), tensor(0.0297, device='cuda:0'), tensor(0.0285, device='cuda:0'), tensor(0.0278, device='cuda:0'), tensor(0.0289, device='cuda:0'), tensor(0.0284, device='cuda:0'), tensor(0.0281, device='cuda:0'), tensor(0.0271, device='cuda:0'), tensor(0.0280, device='cuda:0'), tensor(0.0283, device='cuda:0'), tensor(0.0291, device='cuda:0'), tensor(0.0282, device='cuda:0'), tensor(0.0285, device='cuda:0'), tensor(0.0276, device='cuda:0'), tensor(0.0291, device='cuda:0'), tensor(0.0288, device='cuda:0'), tensor(0.0299, device='cuda:0'), tensor(0.0275, device='cuda:0'), tensor(0.0345, device='cuda:0'), tensor(0.0288, device='cuda:0'), tensor(0.0335, device='cuda:0'), tensor(0.0278, device='cuda:0'), tensor(0.0282, device='cuda:0'), tensor(0.0300, device='cuda:0'), tensor(0.0287, device='cuda:0'), tensor(0.0297, device='cuda:0'), tensor(0.0306, device='cuda:0'), tensor(0.0281, device='cuda:0'), tensor(0.0277, device='cuda:0'), tensor(0.0288, device='cuda:0'), tensor(0.0285, device='cuda:0'), tensor(0.0276, device='cuda:0'), tensor(0.0298, device='cuda:0'), tensor(0.0293, device='cuda:0'), tensor(0.0275, device='cuda:0'), tensor(0.0277, device='cuda:0'), tensor(0.0279, device='cuda:0'), tensor(0.0291, device='cuda:0'), tensor(0.0317, device='cuda:0'), tensor(0.0280, device='cuda:0'), tensor(0.0276, device='cuda:0'), tensor(0.0293, device='cuda:0'), tensor(0.0310, device='cuda:0'), tensor(0.0317, device='cuda:0'), tensor(0.0281, device='cuda:0'), tensor(0.0300, device='cuda:0'), tensor(0.0269, device='cuda:0'), tensor(0.0299, device='cuda:0'), tensor(0.0284, device='cuda:0'), tensor(0.0313, device='cuda:0'), tensor(0.0355, device='cuda:0'), tensor(0.0297, device='cuda:0'), tensor(0.0276, device='cuda:0'), tensor(0.0329, device='cuda:0'), tensor(0.0272, device='cuda:0'), tensor(0.0287, device='cuda:0'), tensor(0.0285, device='cuda:0'), tensor(0.0305, device='cuda:0'), tensor(0.0302, device='cuda:0')]"
3,"[tensor(0.0511, device='cuda:0'), tensor(0.0294, device='cuda:0'), tensor(0.0337, device='cuda:0'), tensor(0.0279, device='cuda:0'), tensor(0.0308, device='cuda:0'), tensor(0.0294, device='cuda:0'), tensor(0.0280, device='cuda:0'), tensor(0.0329, device='cuda:0'), tensor(0.0300, device='cuda:0'), tensor(0.0326, device='cuda:0'), tensor(0.0378, device='cuda:0'), tensor(0.0360, device='cuda:0'), tensor(0.0289, device='cuda:0'), tensor(0.0334, device='cuda:0'), tensor(0.0343, device='cuda:0'), tensor(0.0357, device='cuda:0'), tensor(0.0299, device='cuda:0'), tensor(0.0406, device='cuda:0'), tensor(0.0340, device='cuda:0'), tensor(0.0293, device='cuda:0'), tensor(0.0277, device='cuda:0'), tensor(0.0290, device='cuda:0'), tensor(0.0325, device='cuda:0'), tensor(0.0309, device='cuda:0'), tensor(0.0287, device='cuda:0'), tensor(0.0280, device='cuda:0'), tensor(0.0311, device='cuda:0'), tensor(0.0419, device='cuda:0'), tensor(0.0289, device='cuda:0'), tensor(0.0354, device='cuda:0'), tensor(0.0295, device='cuda:0'), tensor(0.0364, device='cuda:0'), tensor(0.0374, device='cuda:0'), tensor(0.0315, device='cuda:0'), tensor(0.0315, device='cuda:0'), tensor(0.0312, device='cuda:0'), tensor(0.0334, device='cuda:0'), tensor(0.0349, device='cuda:0'), tensor(0.0294, device='cuda:0'), tensor(0.0313, device='cuda:0'), tensor(0.0277, device='cuda:0'), tensor(0.0320, device='cuda:0'), tensor(0.0397, device='cuda:0'), tensor(0.0354, device='cuda:0'), tensor(0.0344, device='cuda:0'), tensor(0.0277, device='cuda:0'), tensor(0.0354, device='cuda:0'), tensor(0.0295, device='cuda:0'), tensor(0.0349, device='cuda:0'), tensor(0.0291, device='cuda:0'), tensor(0.0339, device='cuda:0'), tensor(0.0318, device='cuda:0'), tensor(0.0315, device='cuda:0'), tensor(0.0328, device='cuda:0'), tensor(0.0360, device='cuda:0'), tensor(0.0286, device='cuda:0'), tensor(0.0335, device='cuda:0'), tensor(0.0298, device='cuda:0'), tensor(0.0273, device='cuda:0'), tensor(0.0324, device='cuda:0'), tensor(0.0323, device='cuda:0'), tensor(0.0497, device='cuda:0'), tensor(0.0260, device='cuda:0'), tensor(0.0289, device='cuda:0'), tensor(0.0306, device='cuda:0'), tensor(0.0359, device='cuda:0'), tensor(0.0334, device='cuda:0'), tensor(0.0318, device='cuda:0'), tensor(0.0288, device='cuda:0'), tensor(0.0278, device='cuda:0'), tensor(0.0391, device='cuda:0'), tensor(0.0329, device='cuda:0'), tensor(0.0336, device='cuda:0'), tensor(0.0388, device='cuda:0'), tensor(0.0289, device='cuda:0'), tensor(0.0296, device='cuda:0'), tensor(0.0346, device='cuda:0'), tensor(0.0430, device='cuda:0'), tensor(0.0323, device='cuda:0'), tensor(0.0315, device='cuda:0'), tensor(0.0281, device='cuda:0'), tensor(0.0323, device='cuda:0'), tensor(0.0297, device='cuda:0'), tensor(0.0407, device='cuda:0'), tensor(0.0290, device='cuda:0'), tensor(0.0303, device='cuda:0'), tensor(0.0359, device='cuda:0'), tensor(0.0375, device='cuda:0'), tensor(0.0356, device='cuda:0'), tensor(0.0271, device='cuda:0'), tensor(0.0293, device='cuda:0'), tensor(0.0292, device='cuda:0'), tensor(0.0302, device='cuda:0'), tensor(0.0365, device='cuda:0'), tensor(0.0299, device='cuda:0'), tensor(0.0297, device='cuda:0'), tensor(0.0326, device='cuda:0'), tensor(0.0286, device='cuda:0'), tensor(0.0305, device='cuda:0'), tensor(0.0307, device='cuda:0'), tensor(0.0335, device='cuda:0'), tensor(0.0378, device='cuda:0'), tensor(0.0299, device='cuda:0'), tensor(0.0344, device='cuda:0'), tensor(0.0343, device='cuda:0'), tensor(0.0293, device='cuda:0'), tensor(0.0290, device='cuda:0'), tensor(0.0314, device='cuda:0'), tensor(0.0291, device='cuda:0'), tensor(0.0289, device='cuda:0'), tensor(0.0363, device='cuda:0'), tensor(0.0293, device='cuda:0'), tensor(0.0299, device='cuda:0'), tensor(0.0386, device='cuda:0'), tensor(0.0283, device='cuda:0'), tensor(0.0309, device='cuda:0'), tensor(0.0298, device='cuda:0'), tensor(0.0323, device='cuda:0'), tensor(0.0308, device='cuda:0'), tensor(0.0293, device='cuda:0'), tensor(0.0321, device='cuda:0'), tensor(0.0305, device='cuda:0')]"
4,"[tensor(0.0550, device='cuda:0'), tensor(0.0294, device='cuda:0'), tensor(0.0390, device='cuda:0'), tensor(0.0280, device='cuda:0'), tensor(0.0408, device='cuda:0'), tensor(0.0266, device='cuda:0'), tensor(0.0281, device='cuda:0'), tensor(0.0362, device='cuda:0'), tensor(0.0506, device='cuda:0'), tensor(0.0301, device='cuda:0'), tensor(0.0326, device='cuda:0'), tensor(0.0287, device='cuda:0'), tensor(0.0289, device='cuda:0'), tensor(0.0299, device='cuda:0'), tensor(0.0342, device='cuda:0'), tensor(0.0371, device='cuda:0'), tensor(0.0299, device='cuda:0'), tensor(0.0319, device='cuda:0'), tensor(0.0351, device='cuda:0'), tensor(0.0301, device='cuda:0'), tensor(0.0344, device='cuda:0'), tensor(0.0308, device='cuda:0'), tensor(0.0393, device='cuda:0'), tensor(0.0373, device='cuda:0'), tensor(0.0282, device='cuda:0'), tensor(0.0284, device='cuda:0'), tensor(0.0349, device='cuda:0'), tensor(0.0354, device='cuda:0'), tensor(0.0293, device='cuda:0'), tensor(0.0297, device='cuda:0'), tensor(0.0328, device='cuda:0'), tensor(0.0377, device='cuda:0'), tensor(0.0291, device='cuda:0'), tensor(0.0317, device='cuda:0'), tensor(0.0516, device='cuda:0'), tensor(0.0351, device='cuda:0'), tensor(0.0323, device='cuda:0'), tensor(0.0336, device='cuda:0'), tensor(0.0310, device='cuda:0'), tensor(0.0351, device='cuda:0'), tensor(0.0315, device='cuda:0'), tensor(0.0414, device='cuda:0'), tensor(0.0324, device='cuda:0'), tensor(0.0413, device='cuda:0'), tensor(0.0387, device='cuda:0'), tensor(0.0320, device='cuda:0'), tensor(0.0361, device='cuda:0'), tensor(0.0301, device='cuda:0'), tensor(0.0295, device='cuda:0'), tensor(0.0378, device='cuda:0'), tensor(0.0392, device='cuda:0'), tensor(0.0313, device='cuda:0'), tensor(0.0488, device='cuda:0'), tensor(0.0341, device='cuda:0'), tensor(0.0342, device='cuda:0'), tensor(0.0306, device='cuda:0'), tensor(0.0368, device='cuda:0'), tensor(0.0300, device='cuda:0'), tensor(0.0311, device='cuda:0'), tensor(0.0380, device='cuda:0'), tensor(0.0352, device='cuda:0'), tensor(0.0421, device='cuda:0'), tensor(0.0409, device='cuda:0'), tensor(0.0278, device='cuda:0'), tensor(0.0341, device='cuda:0'), tensor(0.0344, device='cuda:0'), tensor(0.0385, device='cuda:0'), tensor(0.0339, device='cuda:0'), tensor(0.0312, device='cuda:0'), tensor(0.0332, device='cuda:0'), tensor(0.0368, device='cuda:0'), tensor(0.0357, device='cuda:0'), tensor(0.0350, device='cuda:0'), tensor(0.0407, device='cuda:0'), tensor(0.0343, device='cuda:0'), tensor(0.0300, device='cuda:0'), tensor(0.0309, device='cuda:0'), tensor(0.0397, device='cuda:0'), tensor(0.0295, device='cuda:0'), tensor(0.0260, device='cuda:0'), tensor(0.0291, device='cuda:0'), tensor(0.0343, device='cuda:0'), tensor(0.0314, device='cuda:0'), tensor(0.0369, device='cuda:0'), tensor(0.0286, device='cuda:0'), tensor(0.0319, device='cuda:0'), tensor(0.0301, device='cuda:0'), tensor(0.0313, device='cuda:0'), tensor(0.0312, device='cuda:0'), tensor(0.0369, device='cuda:0'), tensor(0.0333, device='cuda:0'), tensor(0.0303, device='cuda:0'), tensor(0.0345, device='cuda:0'), tensor(0.0296, device='cuda:0'), tensor(0.0297, device='cuda:0'), tensor(0.0309, device='cuda:0'), tensor(0.0430, device='cuda:0'), tensor(0.0305, device='cuda:0'), tensor(0.0305, device='cuda:0'), tensor(0.0294, device='cuda:0'), tensor(0.0324, device='cuda:0'), tensor(0.0324, device='cuda:0'), tensor(0.0290, device='cuda:0'), tensor(0.0310, device='cuda:0'), tensor(0.0345, device='cuda:0'), tensor(0.0348, device='cuda:0'), tensor(0.0408, device='cuda:0'), tensor(0.0331, device='cuda:0'), tensor(0.0334, device='cuda:0'), tensor(0.0349, device='cuda:0'), tensor(0.0297, device='cuda:0'), tensor(0.0303, device='cuda:0'), tensor(0.0412, device='cuda:0'), tensor(0.0320, device='cuda:0'), tensor(0.0358, device='cuda:0'), tensor(0.0369, device='cuda:0'), tensor(0.0359, device='cuda:0'), tensor(0.0334, device='cuda:0'), tensor(0.0310, device='cuda:0'), tensor(0.0290, device='cuda:0'), tensor(0.0333, device='cuda:0'), tensor(0.0306, device='cuda:0')]"
5,"[tensor(0.0386, device='cuda:0'), tensor(0.0299, device='cuda:0'), tensor(0.0270, device='cuda:0'), tensor(0.0277, device='cuda:0'), tensor(0.0407, device='cuda:0'), tensor(0.0321, device='cuda:0'), tensor(0.0282, device='cuda:0'), tensor(0.0324, device='cuda:0'), tensor(0.0323, device='cuda:0'), tensor(0.0374, device='cuda:0'), tensor(0.0306, device='cuda:0'), tensor(0.0335, device='cuda:0'), tensor(0.0315, device='cuda:0'), tensor(0.0375, device='cuda:0'), tensor(0.0378, device='cuda:0'), tensor(0.0356, device='cuda:0'), tensor(0.0303, device='cuda:0'), tensor(0.0408, device='cuda:0'), tensor(0.0298, device='cuda:0'), tensor(0.0355, device='cuda:0'), tensor(0.0280, device='cuda:0'), tensor(0.0309, device='cuda:0'), tensor(0.0318, device='cuda:0'), tensor(0.0285, device='cuda:0'), tensor(0.0308, device='cuda:0'), tensor(0.0285, device='cuda:0'), tensor(0.0374, device='cuda:0'), tensor(0.0389, device='cuda:0'), tensor(0.0313, device='cuda:0'), tensor(0.0302, device='cuda:0'), tensor(0.0273, device='cuda:0'), tensor(0.0353, device='cuda:0'), tensor(0.0399, device='cuda:0'), tensor(0.0373, device='cuda:0'), tensor(0.0336, device='cuda:0'), tensor(0.0320, device='cuda:0'), tensor(0.0347, device='cuda:0'), tensor(0.0290, device='cuda:0'), tensor(0.0267, device='cuda:0'), tensor(0.0380, device='cuda:0'), tensor(0.0299, device='cuda:0'), tensor(0.0363, device='cuda:0'), tensor(0.0325, device='cuda:0'), tensor(0.0427, device='cuda:0'), tensor(0.0302, device='cuda:0'), tensor(0.0299, device='cuda:0'), tensor(0.0321, device='cuda:0'), tensor(0.0316, device='cuda:0'), tensor(0.0306, device='cuda:0'), tensor(0.0328, device='cuda:0'), tensor(0.0299, device='cuda:0'), tensor(0.0304, device='cuda:0'), tensor(0.0336, device='cuda:0'), tensor(0.0334, device='cuda:0'), tensor(0.0389, device='cuda:0'), tensor(0.0390, device='cuda:0'), tensor(0.0355, device='cuda:0'), tensor(0.0334, device='cuda:0'), tensor(0.0351, device='cuda:0'), tensor(0.0312, device='cuda:0'), tensor(0.0306, device='cuda:0'), tensor(0.0368, device='cuda:0'), tensor(0.0409, device='cuda:0'), tensor(0.0302, device='cuda:0'), tensor(0.0354, device='cuda:0'), tensor(0.0286, device='cuda:0'), tensor(0.0317, device='cuda:0'), tensor(0.0327, device='cuda:0'), tensor(0.0300, device='cuda:0'), tensor(0.0307, device='cuda:0'), tensor(0.0313, device='cuda:0'), tensor(0.0361, device='cuda:0'), tensor(0.0298, device='cuda:0'), tensor(0.0354, device='cuda:0'), tensor(0.0314, device='cuda:0'), tensor(0.0285, device='cuda:0'), tensor(0.0343, device='cuda:0'), tensor(0.0344, device='cuda:0'), tensor(0.0361, device='cuda:0'), tensor(0.0373, device='cuda:0'), tensor(0.0296, device='cuda:0'), tensor(0.0356, device='cuda:0'), tensor(0.0321, device='cuda:0'), tensor(0.0353, device='cuda:0'), tensor(0.0314, device='cuda:0'), tensor(0.0293, device='cuda:0'), tensor(0.0367, device='cuda:0'), tensor(0.0312, device='cuda:0'), tensor(0.0392, device='cuda:0'), tensor(0.0300, device='cuda:0'), tensor(0.0328, device='cuda:0'), tensor(0.0309, device='cuda:0'), tensor(0.0354, device='cuda:0'), tensor(0.0345, device='cuda:0'), tensor(0.0326, device='cuda:0'), tensor(0.0299, device='cuda:0'), tensor(0.0328, device='cuda:0'), tensor(0.0294, device='cuda:0'), tensor(0.0368, device='cuda:0'), tensor(0.0321, device='cuda:0'), tensor(0.0325, device='cuda:0'), tensor(0.0339, device='cuda:0'), tensor(0.0288, device='cuda:0'), tensor(0.0319, device='cuda:0'), tensor(0.0342, device='cuda:0'), tensor(0.0381, device='cuda:0'), tensor(0.0322, device='cuda:0'), tensor(0.0315, device='cuda:0'), tensor(0.0397, device='cuda:0'), tensor(0.0358, device='cuda:0'), tensor(0.0338, device='cuda:0'), tensor(0.0290, device='cuda:0'), tensor(0.0425, device='cuda:0'), tensor(0.0351, device='cuda:0'), tensor(0.0376, device='cuda:0'), tensor(0.0393, device='cuda:0'), tensor(0.0339, device='cuda:0'), tensor(0.0307, device='cuda:0'), tensor(0.0315, device='cuda:0'), tensor(0.0332, device='cuda:0'), tensor(0.0353, device='cuda:0'), tensor(0.0317, device='cuda:0')]"
6,"[tensor(0.0700, device='cuda:0'), tensor(0.0289, device='cuda:0'), tensor(0.0340, device='cuda:0'), tensor(0.0280, device='cuda:0'), tensor(0.0357, device='cuda:0'), tensor(0.0419, device='cuda:0'), tensor(0.0281, device='cuda:0'), tensor(0.0386, device='cuda:0'), tensor(0.0319, device='cuda:0'), tensor(0.0351, device='cuda:0'), tensor(0.0377, device='cuda:0'), tensor(0.0394, device='cuda:0'), tensor(0.0294, device='cuda:0'), tensor(0.0309, device='cuda:0'), tensor(0.0392, device='cuda:0'), tensor(0.0318, device='cuda:0'), tensor(0.0328, device='cuda:0'), tensor(0.0492, device='cuda:0'), tensor(0.0379, device='cuda:0'), tensor(0.0274, device='cuda:0'), tensor(0.0296, device='cuda:0'), tensor(0.0293, device='cuda:0'), tensor(0.0481, device='cuda:0'), tensor(0.0514, device='cuda:0'), tensor(0.0274, device='cuda:0'), tensor(0.0331, device='cuda:0'), tensor(0.0371, device='cuda:0'), tensor(0.0380, device='cuda:0'), tensor(0.0366, device='cuda:0'), tensor(0.0297, device='cuda:0'), tensor(0.0278, device='cuda:0'), tensor(0.0382, device='cuda:0'), tensor(0.0418, device='cuda:0'), tensor(0.0407, device='cuda:0'), tensor(0.0557, device='cuda:0'), tensor(0.0352, device='cuda:0'), tensor(0.0343, device='cuda:0'), tensor(0.0368, device='cuda:0'), tensor(0.0289, device='cuda:0'), tensor(0.0347, device='cuda:0'), tensor(0.0320, device='cuda:0'), tensor(0.0445, device='cuda:0'), tensor(0.0350, device='cuda:0'), tensor(0.0390, device='cuda:0'), tensor(0.0328, device='cuda:0'), tensor(0.0285, device='cuda:0'), tensor(0.0402, device='cuda:0'), tensor(0.0297, device='cuda:0'), tensor(0.0430, device='cuda:0'), tensor(0.0348, device='cuda:0'), tensor(0.0408, device='cuda:0'), tensor(0.0360, device='cuda:0'), tensor(0.0366, device='cuda:0'), tensor(0.0309, device='cuda:0'), tensor(0.0407, device='cuda:0'), tensor(0.0347, device='cuda:0'), tensor(0.0367, device='cuda:0'), tensor(0.0298, device='cuda:0'), tensor(0.0355, device='cuda:0'), tensor(0.0380, device='cuda:0'), tensor(0.0365, device='cuda:0'), tensor(0.0376, device='cuda:0'), tensor(0.0342, device='cuda:0'), tensor(0.0294, device='cuda:0'), tensor(0.0359, device='cuda:0'), tensor(0.0305, device='cuda:0'), tensor(0.0337, device='cuda:0'), tensor(0.0337, device='cuda:0'), tensor(0.0315, device='cuda:0'), tensor(0.0277, device='cuda:0'), tensor(0.0505, device='cuda:0'), tensor(0.0426, device='cuda:0'), tensor(0.0318, device='cuda:0'), tensor(0.0367, device='cuda:0'), tensor(0.0281, device='cuda:0'), tensor(0.0283, device='cuda:0'), tensor(0.0383, device='cuda:0'), tensor(0.0419, device='cuda:0'), tensor(0.0366, device='cuda:0'), tensor(0.0330, device='cuda:0'), tensor(0.0308, device='cuda:0'), tensor(0.0433, device='cuda:0'), tensor(0.0350, device='cuda:0'), tensor(0.0456, device='cuda:0'), tensor(0.0278, device='cuda:0'), tensor(0.0330, device='cuda:0'), tensor(0.0401, device='cuda:0'), tensor(0.0395, device='cuda:0'), tensor(0.0309, device='cuda:0'), tensor(0.0288, device='cuda:0'), tensor(0.0301, device='cuda:0'), tensor(0.0291, device='cuda:0'), tensor(0.0400, device='cuda:0'), tensor(0.0320, device='cuda:0'), tensor(0.0293, device='cuda:0'), tensor(0.0305, device='cuda:0'), tensor(0.0392, device='cuda:0'), tensor(0.0289, device='cuda:0'), tensor(0.0320, device='cuda:0'), tensor(0.0258, device='cuda:0'), tensor(0.0405, device='cuda:0'), tensor(0.0315, device='cuda:0'), tensor(0.0294, device='cuda:0'), tensor(0.0375, device='cuda:0'), tensor(0.0372, device='cuda:0'), tensor(0.0384, device='cuda:0'), tensor(0.0317, device='cuda:0'), tensor(0.0351, device='cuda:0'), tensor(0.0310, device='cuda:0'), tensor(0.0319, device='cuda:0'), tensor(0.0418, device='cuda:0'), tensor(0.0330, device='cuda:0'), tensor(0.0315, device='cuda:0'), tensor(0.0357, device='cuda:0'), tensor(0.0413, device='cuda:0'), tensor(0.0328, device='cuda:0'), tensor(0.0369, device='cuda:0'), tensor(0.0371, device='cuda:0'), tensor(0.0306, device='cuda:0'), tensor(0.0292, device='cuda:0'), tensor(0.0356, device='cuda:0'), tensor(0.0397, device='cuda:0')]"
7,"[tensor(0.0324, device='cuda:0'), tensor(0.0350, device='cuda:0'), tensor(0.0375, device='cuda:0'), tensor(0.0281, device='cuda:0'), tensor(0.0421, device='cuda:0'), tensor(0.0276, device='cuda:0'), tensor(0.0280, device='cuda:0'), tensor(0.0314, device='cuda:0'), tensor(0.0352, device='cuda:0'), tensor(0.0336, device='cuda:0'), tensor(0.0431, device='cuda:0'), tensor(0.0419, device='cuda:0'), tensor(0.0349, device='cuda:0'), tensor(0.0417, device='cuda:0'), tensor(0.0428, device='cuda:0'), tensor(0.0507, device='cuda:0'), tensor(0.0404, device='cuda:0'), tensor(0.0360, device='cuda:0'), tensor(0.0336, device='cuda:0'), tensor(0.0329, device='cuda:0'), tensor(0.0302, device='cuda:0'), tensor(0.0331, device='cuda:0'), tensor(0.0359, device='cuda:0'), tensor(0.0286, device='cuda:0'), tensor(0.0366, device='cuda:0'), tensor(0.0300, device='cuda:0'), tensor(0.0412, device='cuda:0'), tensor(0.0495, device='cuda:0'), tensor(0.0330, device='cuda:0'), tensor(0.0358, device='cuda:0'), tensor(0.0293, device='cuda:0'), tensor(0.0429, device='cuda:0'), tensor(0.0436, device='cuda:0'), tensor(0.0336, device='cuda:0'), tensor(0.0321, device='cuda:0'), tensor(0.0335, device='cuda:0'), tensor(0.0454, device='cuda:0'), tensor(0.0362, device='cuda:0'), tensor(0.0301, device='cuda:0'), tensor(0.0480, device='cuda:0'), tensor(0.0302, device='cuda:0'), tensor(0.0344, device='cuda:0'), tensor(0.0307, device='cuda:0'), tensor(0.0327, device='cuda:0'), tensor(0.0317, device='cuda:0'), tensor(0.0300, device='cuda:0'), tensor(0.0343, device='cuda:0'), tensor(0.0343, device='cuda:0'), tensor(0.0300, device='cuda:0'), tensor(0.0289, device='cuda:0'), tensor(0.0368, device='cuda:0'), tensor(0.0349, device='cuda:0'), tensor(0.0454, device='cuda:0'), tensor(0.0339, device='cuda:0'), tensor(0.0317, device='cuda:0'), tensor(0.0281, device='cuda:0'), tensor(0.0392, device='cuda:0'), tensor(0.0369, device='cuda:0'), tensor(0.0353, device='cuda:0'), tensor(0.0363, device='cuda:0'), tensor(0.0381, device='cuda:0'), tensor(0.0388, device='cuda:0'), tensor(0.0522, device='cuda:0'), tensor(0.0369, device='cuda:0'), tensor(0.0361, device='cuda:0'), tensor(0.0317, device='cuda:0'), tensor(0.0321, device='cuda:0'), tensor(0.0364, device='cuda:0'), tensor(0.0330, device='cuda:0'), tensor(0.0322, device='cuda:0'), tensor(0.0308, device='cuda:0'), tensor(0.0323, device='cuda:0'), tensor(0.0362, device='cuda:0'), tensor(0.0375, device='cuda:0'), tensor(0.0339, device='cuda:0'), tensor(0.0318, device='cuda:0'), tensor(0.0332, device='cuda:0'), tensor(0.0444, device='cuda:0'), tensor(0.0382, device='cuda:0'), tensor(0.0360, device='cuda:0'), tensor(0.0314, device='cuda:0'), tensor(0.0328, device='cuda:0'), tensor(0.0382, device='cuda:0'), tensor(0.0375, device='cuda:0'), tensor(0.0330, device='cuda:0'), tensor(0.0303, device='cuda:0'), tensor(0.0357, device='cuda:0'), tensor(0.0398, device='cuda:0'), tensor(0.0485, device='cuda:0'), tensor(0.0362, device='cuda:0'), tensor(0.0367, device='cuda:0'), tensor(0.0329, device='cuda:0'), tensor(0.0310, device='cuda:0'), tensor(0.0471, device='cuda:0'), tensor(0.0334, device='cuda:0'), tensor(0.0328, device='cuda:0'), tensor(0.0344, device='cuda:0'), tensor(0.0347, device='cuda:0'), tensor(0.0368, device='cuda:0'), tensor(0.0291, device='cuda:0'), tensor(0.0334, device='cuda:0'), tensor(0.0325, device='cuda:0'), tensor(0.0302, device='cuda:0'), tensor(0.0317, device='cuda:0'), tensor(0.0340, device='cuda:0'), tensor(0.0398, device='cuda:0'), tensor(0.0330, device='cuda:0'), tensor(0.0313, device='cuda:0'), tensor(0.0375, device='cuda:0'), tensor(0.0384, device='cuda:0'), tensor(0.0316, device='cuda:0'), tensor(0.0388, device='cuda:0'), tensor(0.0347, device='cuda:0'), tensor(0.0348, device='cuda:0'), tensor(0.0359, device='cuda:0'), tensor(0.0356, device='cuda:0'), tensor(0.0328, device='cuda:0'), tensor(0.0410, device='cuda:0'), tensor(0.0312, device='cuda:0'), tensor(0.0362, device='cuda:0'), tensor(0.0421, device='cuda:0'), tensor(0.0472, device='cuda:0')]"
8,"[tensor(0.0442, device='cuda:0'), tensor(0.0354, device='cuda:0'), tensor(0.0316, device='cuda:0'), tensor(0.0280, device='cuda:0'), tensor(0.0315, device='cuda:0'), tensor(0.0365, device='cuda:0'), tensor(0.0280, device='cuda:0'), tensor(0.0339, device='cuda:0'), tensor(0.0447, device='cuda:0'), tensor(0.0333, device='cuda:0'), tensor(0.0332, device='cuda:0'), tensor(0.0295, device='cuda:0'), tensor(0.0322, device='cuda:0'), tensor(0.0321, device='cuda:0'), tensor(0.0315, device='cuda:0'), tensor(0.0349, device='cuda:0'), tensor(0.0284, device='cuda:0'), tensor(0.0531, device='cuda:0'), tensor(0.0346, device='cuda:0'), tensor(0.0305, device='cuda:0'), tensor(0.0358, device='cuda:0'), tensor(0.0317, device='cuda:0'), tensor(0.0353, device='cuda:0'), tensor(0.0378, device='cuda:0'), tensor(0.0335, device='cuda:0'), tensor(0.0327, device='cuda:0'), tensor(0.0416, device='cuda:0'), tensor(0.0424, device='cuda:0'), tensor(0.0305, device='cuda:0'), tensor(0.0435, device='cuda:0'), tensor(0.0361, device='cuda:0'), tensor(0.0344, device='cuda:0'), tensor(0.0317, device='cuda:0'), tensor(0.0413, device='cuda:0'), tensor(0.0623, device='cuda:0'), tensor(0.0326, device='cuda:0'), tensor(0.0354, device='cuda:0'), tensor(0.0323, device='cuda:0'), tensor(0.0309, device='cuda:0'), tensor(0.0323, device='cuda:0'), tensor(0.0308, device='cuda:0'), tensor(0.0412, device='cuda:0'), tensor(0.0356, device='cuda:0'), tensor(0.0367, device='cuda:0'), tensor(0.0347, device='cuda:0'), tensor(0.0311, device='cuda:0'), tensor(0.0322, device='cuda:0'), tensor(0.0289, device='cuda:0'), tensor(0.0411, device='cuda:0'), tensor(0.0436, device='cuda:0'), tensor(0.0296, device='cuda:0'), tensor(0.0468, device='cuda:0'), tensor(0.0357, device='cuda:0'), tensor(0.0352, device='cuda:0'), tensor(0.0372, device='cuda:0'), tensor(0.0344, device='cuda:0'), tensor(0.0293, device='cuda:0'), tensor(0.0324, device='cuda:0'), tensor(0.0314, device='cuda:0'), tensor(0.0357, device='cuda:0'), tensor(0.0379, device='cuda:0'), tensor(0.0354, device='cuda:0'), tensor(0.0569, device='cuda:0'), tensor(0.0336, device='cuda:0'), tensor(0.0356, device='cuda:0'), tensor(0.0322, device='cuda:0'), tensor(0.0321, device='cuda:0'), tensor(0.0345, device='cuda:0'), tensor(0.0350, device='cuda:0'), tensor(0.0371, device='cuda:0'), tensor(0.0532, device='cuda:0'), tensor(0.0350, device='cuda:0'), tensor(0.0366, device='cuda:0'), tensor(0.0353, device='cuda:0'), tensor(0.0320, device='cuda:0'), tensor(0.0345, device='cuda:0'), tensor(0.0393, device='cuda:0'), tensor(0.0368, device='cuda:0'), tensor(0.0306, device='cuda:0'), tensor(0.0274, device='cuda:0'), tensor(0.0285, device='cuda:0'), tensor(0.0382, device='cuda:0'), tensor(0.0282, device='cuda:0'), tensor(0.0432, device='cuda:0'), tensor(0.0325, device='cuda:0'), tensor(0.0335, device='cuda:0'), tensor(0.0355, device='cuda:0'), tensor(0.0323, device='cuda:0'), tensor(0.0447, device='cuda:0'), tensor(0.0311, device='cuda:0'), tensor(0.0287, device='cuda:0'), tensor(0.0328, device='cuda:0'), tensor(0.0345, device='cuda:0'), tensor(0.0285, device='cuda:0'), tensor(0.0323, device='cuda:0'), tensor(0.0372, device='cuda:0'), tensor(0.0437, device='cuda:0'), tensor(0.0312, device='cuda:0'), tensor(0.0326, device='cuda:0'), tensor(0.0296, device='cuda:0'), tensor(0.0371, device='cuda:0'), tensor(0.0340, device='cuda:0'), tensor(0.0339, device='cuda:0'), tensor(0.0356, device='cuda:0'), tensor(0.0342, device='cuda:0'), tensor(0.0327, device='cuda:0'), tensor(0.0460, device='cuda:0'), tensor(0.0328, device='cuda:0'), tensor(0.0348, device='cuda:0'), tensor(0.0276, device='cuda:0'), tensor(0.0428, device='cuda:0'), tensor(0.0379, device='cuda:0'), tensor(0.0328, device='cuda:0'), tensor(0.0335, device='cuda:0'), tensor(0.0379, device='cuda:0'), tensor(0.0486, device='cuda:0'), tensor(0.0403, device='cuda:0'), tensor(0.0333, device='cuda:0'), tensor(0.0336, device='cuda:0'), tensor(0.0334, device='cuda:0'), tensor(0.0368, device='cuda:0'), tensor(0.0371, device='cuda:0')]"
9,"[tensor(0.0850, device='cuda:0'), tensor(0.0303, device='cuda:0'), tensor(0.0325, device='cuda:0'), tensor(0.0280, device='cuda:0'), tensor(0.0380, device='cuda:0'), tensor(0.0466, device='cuda:0'), tensor(0.0281, device='cuda:0'), tensor(0.0367, device='cuda:0'), tensor(0.0380, device='cuda:0'), tensor(0.0341, device='cuda:0'), tensor(0.0323, device='cuda:0'), tensor(0.0428, device='cuda:0'), tensor(0.0292, device='cuda:0'), tensor(0.0508, device='cuda:0'), tensor(0.0397, device='cuda:0'), tensor(0.0369, device='cuda:0'), tensor(0.0320, device='cuda:0'), tensor(0.0310, device='cuda:0'), tensor(0.0325, device='cuda:0'), tensor(0.0405, device='cuda:0'), tensor(0.0253, device='cuda:0'), tensor(0.0291, device='cuda:0'), tensor(0.0377, device='cuda:0'), tensor(0.0406, device='cuda:0'), tensor(0.0307, device='cuda:0'), tensor(0.0311, device='cuda:0'), tensor(0.0325, device='cuda:0'), tensor(0.0336, device='cuda:0'), tensor(0.0380, device='cuda:0'), tensor(0.0480, device='cuda:0'), tensor(0.0280, device='cuda:0'), tensor(0.0383, device='cuda:0'), tensor(0.0482, device='cuda:0'), tensor(0.0329, device='cuda:0'), tensor(0.0299, device='cuda:0'), tensor(0.0343, device='cuda:0'), tensor(0.0365, device='cuda:0'), tensor(0.0322, device='cuda:0'), tensor(0.0273, device='cuda:0'), tensor(0.0312, device='cuda:0'), tensor(0.0316, device='cuda:0'), tensor(0.0393, device='cuda:0'), tensor(0.0335, device='cuda:0'), tensor(0.0360, device='cuda:0'), tensor(0.0322, device='cuda:0'), tensor(0.0293, device='cuda:0'), tensor(0.0345, device='cuda:0'), tensor(0.0297, device='cuda:0'), tensor(0.0314, device='cuda:0'), tensor(0.0313, device='cuda:0'), tensor(0.0354, device='cuda:0'), tensor(0.0327, device='cuda:0'), tensor(0.0447, device='cuda:0'), tensor(0.0353, device='cuda:0'), tensor(0.0385, device='cuda:0'), tensor(0.0515, device='cuda:0'), tensor(0.0428, device='cuda:0'), tensor(0.0373, device='cuda:0'), tensor(0.0380, device='cuda:0'), tensor(0.0384, device='cuda:0'), tensor(0.0376, device='cuda:0'), tensor(0.0386, device='cuda:0'), tensor(0.0292, device='cuda:0'), tensor(0.0272, device='cuda:0'), tensor(0.0378, device='cuda:0'), tensor(0.0304, device='cuda:0'), tensor(0.0332, device='cuda:0'), tensor(0.0367, device='cuda:0'), tensor(0.0338, device='cuda:0'), tensor(0.0300, device='cuda:0'), tensor(0.0362, device='cuda:0'), tensor(0.0311, device='cuda:0'), tensor(0.0339, device='cuda:0'), tensor(0.0455, device='cuda:0'), tensor(0.0321, device='cuda:0'), tensor(0.0309, device='cuda:0'), tensor(0.0309, device='cuda:0'), tensor(0.0411, device='cuda:0'), tensor(0.0395, device='cuda:0'), tensor(0.0532, device='cuda:0'), tensor(0.0311, device='cuda:0'), tensor(0.0329, device='cuda:0'), tensor(0.0366, device='cuda:0'), tensor(0.0440, device='cuda:0'), tensor(0.0323, device='cuda:0'), tensor(0.0348, device='cuda:0'), tensor(0.0477, device='cuda:0'), tensor(0.0503, device='cuda:0'), tensor(0.0364, device='cuda:0'), tensor(0.0347, device='cuda:0'), tensor(0.0420, device='cuda:0'), tensor(0.0309, device='cuda:0'), tensor(0.0474, device='cuda:0'), tensor(0.0419, device='cuda:0'), tensor(0.0337, device='cuda:0'), tensor(0.0297, device='cuda:0'), tensor(0.0389, device='cuda:0'), tensor(0.0386, device='cuda:0'), tensor(0.0364, device='cuda:0'), tensor(0.0291, device='cuda:0'), tensor(0.0313, device='cuda:0'), tensor(0.0303, device='cuda:0'), tensor(0.0316, device='cuda:0'), tensor(0.0370, device='cuda:0'), tensor(0.0424, device='cuda:0'), tensor(0.0458, device='cuda:0'), tensor(0.0335, device='cuda:0'), tensor(0.0358, device='cuda:0'), tensor(0.0433, device='cuda:0'), tensor(0.0389, device='cuda:0'), tensor(0.0488, device='cuda:0'), tensor(0.0355, device='cuda:0'), tensor(0.0440, device='cuda:0'), tensor(0.0331, device='cuda:0'), tensor(0.0389, device='cuda:0'), tensor(0.0398, device='cuda:0'), tensor(0.0344, device='cuda:0'), tensor(0.0298, device='cuda:0'), tensor(0.0318, device='cuda:0'), tensor(0.0295, device='cuda:0'), tensor(0.0349, device='cuda:0'), tensor(0.0324, device='cuda:0')]"
10,"[tensor(0.0309, device='cuda:0'), tensor(0.0646, device='cuda:0'), tensor(0.0318, device='cuda:0'), tensor(0.0280, device='cuda:0'), tensor(0.0354, device='cuda:0'), tensor(0.0377, device='cuda:0'), tensor(0.0281, device='cuda:0'), tensor(0.0324, device='cuda:0'), tensor(0.0383, device='cuda:0'), tensor(0.0382, device='cuda:0'), tensor(0.0332, device='cuda:0'), tensor(0.0354, device='cuda:0'), tensor(0.0488, device='cuda:0'), tensor(0.0346, device='cuda:0'), tensor(0.0375, device='cuda:0'), tensor(0.0385, device='cuda:0'), tensor(0.0329, device='cuda:0'), tensor(0.0852, device='cuda:0'), tensor(0.0462, device='cuda:0'), tensor(0.0298, device='cuda:0'), tensor(0.0564, device='cuda:0'), tensor(0.0424, device='cuda:0'), tensor(0.0432, device='cuda:0'), tensor(0.0486, device='cuda:0'), tensor(0.0414, device='cuda:0'), tensor(0.0298, device='cuda:0'), tensor(0.0402, device='cuda:0'), tensor(0.0384, device='cuda:0'), tensor(0.0389, device='cuda:0'), tensor(0.0313, device='cuda:0'), tensor(0.0499, device='cuda:0'), tensor(0.0494, device='cuda:0'), tensor(0.0392, device='cuda:0'), tensor(0.0407, device='cuda:0'), tensor(0.0869, device='cuda:0'), tensor(0.0362, device='cuda:0'), tensor(0.0353, device='cuda:0'), tensor(0.0361, device='cuda:0'), tensor(0.0510, device='cuda:0'), tensor(0.0387, device='cuda:0'), tensor(0.0578, device='cuda:0'), tensor(0.0332, device='cuda:0'), tensor(0.0325, device='cuda:0'), tensor(0.0346, device='cuda:0'), tensor(0.0356, device='cuda:0'), tensor(0.0492, device='cuda:0'), tensor(0.0369, device='cuda:0'), tensor(0.0409, device='cuda:0'), tensor(0.0469, device='cuda:0'), tensor(0.0380, device='cuda:0'), tensor(0.0387, device='cuda:0'), tensor(0.0471, device='cuda:0'), tensor(0.0350, device='cuda:0'), tensor(0.0324, device='cuda:0'), tensor(0.0413, device='cuda:0'), tensor(0.0358, device='cuda:0'), tensor(0.0301, device='cuda:0'), tensor(0.0286, device='cuda:0'), tensor(0.0351, device='cuda:0'), tensor(0.0319, device='cuda:0'), tensor(0.0467, device='cuda:0'), tensor(0.0456, device='cuda:0'), tensor(0.0424, device='cuda:0'), tensor(0.0441, device='cuda:0'), tensor(0.0466, device='cuda:0'), tensor(0.0443, device='cuda:0'), tensor(0.0344, device='cuda:0'), tensor(0.0510, device='cuda:0'), tensor(0.0597, device='cuda:0'), tensor(0.0570, device='cuda:0'), tensor(0.0355, device='cuda:0'), tensor(0.0532, device='cuda:0'), tensor(0.0307, device='cuda:0'), tensor(0.0344, device='cuda:0'), tensor(0.0393, device='cuda:0'), tensor(0.0576, device='cuda:0'), tensor(0.0388, device='cuda:0'), tensor(0.0355, device='cuda:0'), tensor(0.0322, device='cuda:0'), tensor(0.0317, device='cuda:0'), tensor(0.0374, device='cuda:0'), tensor(0.0422, device='cuda:0'), tensor(0.0428, device='cuda:0'), tensor(0.0351, device='cuda:0'), tensor(0.0434, device='cuda:0'), tensor(0.0293, device='cuda:0'), tensor(0.0342, device='cuda:0'), tensor(0.0333, device='cuda:0'), tensor(0.0427, device='cuda:0'), tensor(0.0287, device='cuda:0'), tensor(0.0316, device='cuda:0'), tensor(0.0541, device='cuda:0'), tensor(0.0365, device='cuda:0'), tensor(0.0363, device='cuda:0'), tensor(0.0531, device='cuda:0'), tensor(0.0551, device='cuda:0'), tensor(0.0447, device='cuda:0'), tensor(0.0384, device='cuda:0'), tensor(0.0387, device='cuda:0'), tensor(0.0376, device='cuda:0'), tensor(0.0459, device='cuda:0'), tensor(0.0312, device='cuda:0'), tensor(0.0536, device='cuda:0'), tensor(0.0320, device='cuda:0'), tensor(0.0343, device='cuda:0'), tensor(0.0526, device='cuda:0'), tensor(0.0418, device='cuda:0'), tensor(0.0327, device='cuda:0'), tensor(0.0318, device='cuda:0'), tensor(0.0385, device='cuda:0'), tensor(0.0332, device='cuda:0'), tensor(0.0493, device='cuda:0'), tensor(0.0345, device='cuda:0'), tensor(0.0363, device='cuda:0'), tensor(0.0467, device='cuda:0'), tensor(0.0325, device='cuda:0'), tensor(0.0398, device='cuda:0'), tensor(0.0398, device='cuda:0'), tensor(0.0316, device='cuda:0'), tensor(0.0435, device='cuda:0'), tensor(0.0393, device='cuda:0'), tensor(0.0388, device='cuda:0')]"
11,"[tensor(0.0985, device='cuda:0'), tensor(0.0296, device='cuda:0'), tensor(0.0354, device='cuda:0'), tensor(0.0280, device='cuda:0'), tensor(0.0382, device='cuda:0'), tensor(0.0401, device='cuda:0'), tensor(0.0283, device='cuda:0'), tensor(0.0506, device='cuda:0'), tensor(0.0527, device='cuda:0'), tensor(0.0333, device='cuda:0'), tensor(0.0359, device='cuda:0'), tensor(0.0468, device='cuda:0'), tensor(0.0303, device='cuda:0'), tensor(0.0368, device='cuda:0'), tensor(0.0519, device='cuda:0'), tensor(0.0438, device='cuda:0'), tensor(0.0305, device='cuda:0'), tensor(0.0306, device='cuda:0'), tensor(0.0280, device='cuda:0'), tensor(0.0344, device='cuda:0'), tensor(0.0293, device='cuda:0'), tensor(0.0294, device='cuda:0'), tensor(0.0376, device='cuda:0'), tensor(0.0310, device='cuda:0'), tensor(0.0295, device='cuda:0'), tensor(0.0321, device='cuda:0'), tensor(0.0429, device='cuda:0'), tensor(0.0419, device='cuda:0'), tensor(0.0304, device='cuda:0'), tensor(0.0669, device='cuda:0'), tensor(0.0317, device='cuda:0'), tensor(0.0395, device='cuda:0'), tensor(0.0468, device='cuda:0'), tensor(0.0418, device='cuda:0'), tensor(0.0311, device='cuda:0'), tensor(0.0333, device='cuda:0'), tensor(0.0361, device='cuda:0'), tensor(0.0369, device='cuda:0'), tensor(0.0331, device='cuda:0'), tensor(0.0656, device='cuda:0'), tensor(0.0293, device='cuda:0'), tensor(0.0477, device='cuda:0'), tensor(0.0367, device='cuda:0'), tensor(0.0542, device='cuda:0'), tensor(0.0317, device='cuda:0'), tensor(0.0292, device='cuda:0'), tensor(0.0312, device='cuda:0'), tensor(0.0308, device='cuda:0'), tensor(0.0324, device='cuda:0'), tensor(0.0372, device='cuda:0'), tensor(0.0324, device='cuda:0'), tensor(0.0375, device='cuda:0'), tensor(0.0468, device='cuda:0'), tensor(0.0466, device='cuda:0'), tensor(0.0333, device='cuda:0'), tensor(0.0340, device='cuda:0'), tensor(0.0359, device='cuda:0'), tensor(0.0355, device='cuda:0'), tensor(0.0447, device='cuda:0'), tensor(0.0349, device='cuda:0'), tensor(0.0314, device='cuda:0'), tensor(0.0327, device='cuda:0'), tensor(0.0582, device='cuda:0'), tensor(0.0331, device='cuda:0'), tensor(0.0325, device='cuda:0'), tensor(0.0305, device='cuda:0'), tensor(0.0349, device='cuda:0'), tensor(0.0380, device='cuda:0'), tensor(0.0353, device='cuda:0'), tensor(0.0332, device='cuda:0'), tensor(0.0313, device='cuda:0'), tensor(0.0352, device='cuda:0'), tensor(0.0364, device='cuda:0'), tensor(0.0343, device='cuda:0'), tensor(0.0316, device='cuda:0'), tensor(0.0298, device='cuda:0'), tensor(0.0327, device='cuda:0'), tensor(0.0606, device='cuda:0'), tensor(0.0339, device='cuda:0'), tensor(0.0302, device='cuda:0'), tensor(0.0304, device='cuda:0'), tensor(0.0393, device='cuda:0'), tensor(0.0382, device='cuda:0'), tensor(0.0455, device='cuda:0'), tensor(0.0319, device='cuda:0'), tensor(0.0345, device='cuda:0'), tensor(0.0377, device='cuda:0'), tensor(0.0463, device='cuda:0'), tensor(0.0679, device='cuda:0'), tensor(0.0366, device='cuda:0'), tensor(0.0400, device='cuda:0'), tensor(0.0299, device='cuda:0'), tensor(0.0466, device='cuda:0'), tensor(0.0289, device='cuda:0'), tensor(0.0292, device='cuda:0'), tensor(0.0345, device='cuda:0'), tensor(0.0376, device='cuda:0'), tensor(0.0306, device='cuda:0'), tensor(0.0382, device='cuda:0'), tensor(0.0316, device='cuda:0'), tensor(0.0460, device='cuda:0'), tensor(0.0378, device='cuda:0'), tensor(0.0315, device='cuda:0'), tensor(0.0363, device='cuda:0'), tensor(0.0338, device='cuda:0'), tensor(0.0345, device='cuda:0'), tensor(0.0375, device='cuda:0'), tensor(0.0305, device='cuda:0'), tensor(0.0349, device='cuda:0'), tensor(0.0400, device='cuda:0'), tensor(0.0507, device='cuda:0'), tensor(0.0290, device='cuda:0'), tensor(0.0431, device='cuda:0'), tensor(0.0349, device='cuda:0'), tensor(0.0366, device='cuda:0'), tensor(0.0360, device='cuda:0'), tensor(0.0332, device='cuda:0'), tensor(0.0318, device='cuda:0'), tensor(0.0307, device='cuda:0'), tensor(0.0313, device='cuda:0'), tensor(0.0371, device='cuda:0'), tensor(0.0434, device='cuda:0')]"
12,"[tensor(0.0308, device='cuda:0'), tensor(0.0636, device='cuda:0'), tensor(0.0338, device='cuda:0'), tensor(0.0278, device='cuda:0'), tensor(0.0379, device='cuda:0'), tensor(0.0381, device='cuda:0'), tensor(0.0278, device='cuda:0'), tensor(0.0310, device='cuda:0'), tensor(0.0407, device='cuda:0'), tensor(0.0345, device='cuda:0'), tensor(0.0300, device='cuda:0'), tensor(0.0402, device='cuda:0'), tensor(0.0485, device='cuda:0'), tensor(0.0403, device='cuda:0'), tensor(0.0382, device='cuda:0'), tensor(0.0404, device='cuda:0'), tensor(0.0288, device='cuda:0'), tensor(0.0880, device='cuda:0'), tensor(0.0407, device='cuda:0'), tensor(0.0330, device='cuda:0'), tensor(0.0723, device='cuda:0'), tensor(0.0478, device='cuda:0'), tensor(0.0357, device='cuda:0'), tensor(0.0479, device='cuda:0'), tensor(0.0453, device='cuda:0'), tensor(0.0293, device='cuda:0'), tensor(0.0459, device='cuda:0'), tensor(0.0430, device='cuda:0'), tensor(0.0372, device='cuda:0'), tensor(0.0284, device='cuda:0'), tensor(0.0492, device='cuda:0'), tensor(0.0451, device='cuda:0'), tensor(0.0342, device='cuda:0'), tensor(0.0416, device='cuda:0'), tensor(0.0891, device='cuda:0'), tensor(0.0316, device='cuda:0'), tensor(0.0329, device='cuda:0'), tensor(0.0339, device='cuda:0'), tensor(0.0604, device='cuda:0'), tensor(0.0333, device='cuda:0'), tensor(0.0530, device='cuda:0'), tensor(0.0380, device='cuda:0'), tensor(0.0399, device='cuda:0'), tensor(0.0353, device='cuda:0'), tensor(0.0368, device='cuda:0'), tensor(0.0467, device='cuda:0'), tensor(0.0454, device='cuda:0'), tensor(0.0368, device='cuda:0'), tensor(0.0426, device='cuda:0'), tensor(0.0359, device='cuda:0'), tensor(0.0390, device='cuda:0'), tensor(0.0440, device='cuda:0'), tensor(0.0322, device='cuda:0'), tensor(0.0320, device='cuda:0'), tensor(0.0502, device='cuda:0'), tensor(0.0334, device='cuda:0'), tensor(0.0380, device='cuda:0'), tensor(0.0321, device='cuda:0'), tensor(0.0452, device='cuda:0'), tensor(0.0478, device='cuda:0'), tensor(0.0419, device='cuda:0'), tensor(0.0349, device='cuda:0'), tensor(0.0408, device='cuda:0'), tensor(0.0512, device='cuda:0'), tensor(0.0502, device='cuda:0'), tensor(0.0453, device='cuda:0'), tensor(0.0344, device='cuda:0'), tensor(0.0355, device='cuda:0'), tensor(0.0540, device='cuda:0'), tensor(0.0539, device='cuda:0'), tensor(0.0349, device='cuda:0'), tensor(0.0339, device='cuda:0'), tensor(0.0339, device='cuda:0'), tensor(0.0464, device='cuda:0'), tensor(0.0444, device='cuda:0'), tensor(0.0429, device='cuda:0'), tensor(0.0435, device='cuda:0'), tensor(0.0300, device='cuda:0'), tensor(0.0337, device='cuda:0'), tensor(0.0424, device='cuda:0'), tensor(0.0368, device='cuda:0'), tensor(0.0373, device='cuda:0'), tensor(0.0503, device='cuda:0'), tensor(0.0383, device='cuda:0'), tensor(0.0457, device='cuda:0'), tensor(0.0346, device='cuda:0'), tensor(0.0431, device='cuda:0'), tensor(0.0335, device='cuda:0'), tensor(0.0386, device='cuda:0'), tensor(0.0322, device='cuda:0'), tensor(0.0273, device='cuda:0'), tensor(0.0495, device='cuda:0'), tensor(0.0549, device='cuda:0'), tensor(0.0389, device='cuda:0'), tensor(0.0522, device='cuda:0'), tensor(0.0555, device='cuda:0'), tensor(0.0342, device='cuda:0'), tensor(0.0403, device='cuda:0'), tensor(0.0377, device='cuda:0'), tensor(0.0510, device='cuda:0'), tensor(0.0399, device='cuda:0'), tensor(0.0350, device='cuda:0'), tensor(0.0422, device='cuda:0'), tensor(0.0400, device='cuda:0'), tensor(0.0400, device='cuda:0'), tensor(0.0453, device='cuda:0'), tensor(0.0380, device='cuda:0'), tensor(0.0353, device='cuda:0'), tensor(0.0340, device='cuda:0'), tensor(0.0304, device='cuda:0'), tensor(0.0306, device='cuda:0'), tensor(0.0483, device='cuda:0'), tensor(0.0323, device='cuda:0'), tensor(0.0358, device='cuda:0'), tensor(0.0433, device='cuda:0'), tensor(0.0424, device='cuda:0'), tensor(0.0464, device='cuda:0'), tensor(0.0354, device='cuda:0'), tensor(0.0343, device='cuda:0'), tensor(0.0437, device='cuda:0'), tensor(0.0383, device='cuda:0'), tensor(0.0347, device='cuda:0')]"
13,"[tensor(0.1040, device='cuda:0'), tensor(0.0282, device='cuda:0'), tensor(0.0380, device='cuda:0'), tensor(0.0280, device='cuda:0'), tensor(0.0348, device='cuda:0'), tensor(0.0390, device='cuda:0'), tensor(0.0285, device='cuda:0'), tensor(0.0358, device='cuda:0'), tensor(0.0379, device='cuda:0'), tensor(0.0359, device='cuda:0'), tensor(0.0300, device='cuda:0'), tensor(0.0339, device='cuda:0'), tensor(0.0319, device='cuda:0'), tensor(0.0474, device='cuda:0'), tensor(0.0410, device='cuda:0'), tensor(0.0366, device='cuda:0'), tensor(0.0345, device='cuda:0'), tensor(0.0304, device='cuda:0'), tensor(0.0313, device='cuda:0'), tensor(0.0376, device='cuda:0'), tensor(0.0314, device='cuda:0'), tensor(0.0288, device='cuda:0'), tensor(0.0336, device='cuda:0'), tensor(0.0303, device='cuda:0'), tensor(0.0311, device='cuda:0'), tensor(0.0299, device='cuda:0'), tensor(0.0366, device='cuda:0'), tensor(0.0490, device='cuda:0'), tensor(0.0449, device='cuda:0'), tensor(0.0731, device='cuda:0'), tensor(0.0312, device='cuda:0'), tensor(0.0430, device='cuda:0'), tensor(0.0487, device='cuda:0'), tensor(0.0342, device='cuda:0'), tensor(0.0318, device='cuda:0'), tensor(0.0421, device='cuda:0'), tensor(0.0422, device='cuda:0'), tensor(0.0369, device='cuda:0'), tensor(0.0272, device='cuda:0'), tensor(0.0339, device='cuda:0'), tensor(0.0318, device='cuda:0'), tensor(0.0436, device='cuda:0'), tensor(0.0389, device='cuda:0'), tensor(0.0523, device='cuda:0'), tensor(0.0314, device='cuda:0'), tensor(0.0297, device='cuda:0'), tensor(0.0388, device='cuda:0'), tensor(0.0320, device='cuda:0'), tensor(0.0362, device='cuda:0'), tensor(0.0354, device='cuda:0'), tensor(0.0302, device='cuda:0'), tensor(0.0355, device='cuda:0'), tensor(0.0478, device='cuda:0'), tensor(0.0425, device='cuda:0'), tensor(0.0396, device='cuda:0'), tensor(0.0376, device='cuda:0'), tensor(0.0363, device='cuda:0'), tensor(0.0320, device='cuda:0'), tensor(0.0352, device='cuda:0'), tensor(0.0388, device='cuda:0'), tensor(0.0414, device='cuda:0'), tensor(0.0342, device='cuda:0'), tensor(0.0443, device='cuda:0'), tensor(0.0307, device='cuda:0'), tensor(0.0348, device='cuda:0'), tensor(0.0288, device='cuda:0'), tensor(0.0351, device='cuda:0'), tensor(0.0399, device='cuda:0'), tensor(0.0340, device='cuda:0'), tensor(0.0317, device='cuda:0'), tensor(0.0345, device='cuda:0'), tensor(0.0382, device='cuda:0'), tensor(0.0343, device='cuda:0'), tensor(0.0351, device='cuda:0'), tensor(0.0319, device='cuda:0'), tensor(0.0310, device='cuda:0'), tensor(0.0373, device='cuda:0'), tensor(0.0577, device='cuda:0'), tensor(0.0340, device='cuda:0'), tensor(0.0365, device='cuda:0'), tensor(0.0300, device='cuda:0'), tensor(0.0401, device='cuda:0'), tensor(0.0377, device='cuda:0'), tensor(0.0399, device='cuda:0'), tensor(0.0283, device='cuda:0'), tensor(0.0300, device='cuda:0'), tensor(0.0445, device='cuda:0'), tensor(0.0415, device='cuda:0'), tensor(0.0558, device='cuda:0'), tensor(0.0492, device='cuda:0'), tensor(0.0427, device='cuda:0'), tensor(0.0303, device='cuda:0'), tensor(0.0337, device='cuda:0'), tensor(0.0274, device='cuda:0'), tensor(0.0301, device='cuda:0'), tensor(0.0316, device='cuda:0'), tensor(0.0354, device='cuda:0'), tensor(0.0325, device='cuda:0'), tensor(0.0434, device='cuda:0'), tensor(0.0300, device='cuda:0'), tensor(0.0376, device='cuda:0'), tensor(0.0313, device='cuda:0'), tensor(0.0335, device='cuda:0'), tensor(0.0345, device='cuda:0'), tensor(0.0357, device='cuda:0'), tensor(0.0368, device='cuda:0'), tensor(0.0359, device='cuda:0'), tensor(0.0385, device='cuda:0'), tensor(0.0387, device='cuda:0'), tensor(0.0525, device='cuda:0'), tensor(0.0491, device='cuda:0'), tensor(0.0287, device='cuda:0'), tensor(0.0410, device='cuda:0'), tensor(0.0338, device='cuda:0'), tensor(0.0395, device='cuda:0'), tensor(0.0513, device='cuda:0'), tensor(0.0426, device='cuda:0'), tensor(0.0469, device='cuda:0'), tensor(0.0298, device='cuda:0'), tensor(0.0316, device='cuda:0'), tensor(0.0423, device='cuda:0'), tensor(0.0426, device='cuda:0')]"
14,"[tensor(0.0300, device='cuda:0'), tensor(0.0687, device='cuda:0'), tensor(0.0313, device='cuda:0'), tensor(0.0278, device='cuda:0'), tensor(0.0445, device='cuda:0'), tensor(0.0319, device='cuda:0'), tensor(0.0279, device='cuda:0'), tensor(0.0350, device='cuda:0'), tensor(0.0408, device='cuda:0'), tensor(0.0333, device='cuda:0'), tensor(0.0283, device='cuda:0'), tensor(0.0423, device='cuda:0'), tensor(0.0600, device='cuda:0'), tensor(0.0421, device='cuda:0'), tensor(0.0353, device='cuda:0'), tensor(0.0308, device='cuda:0'), tensor(0.0383, device='cuda:0'), tensor(0.1006, device='cuda:0'), tensor(0.0533, device='cuda:0'), tensor(0.0327, device='cuda:0'), tensor(0.0548, device='cuda:0'), tensor(0.0480, device='cuda:0'), tensor(0.0527, device='cuda:0'), tensor(0.0451, device='cuda:0'), tensor(0.0443, device='cuda:0'), tensor(0.0286, device='cuda:0'), tensor(0.0495, device='cuda:0'), tensor(0.0377, device='cuda:0'), tensor(0.0319, device='cuda:0'), tensor(0.0336, device='cuda:0'), tensor(0.0502, device='cuda:0'), tensor(0.0399, device='cuda:0'), tensor(0.0484, device='cuda:0'), tensor(0.0513, device='cuda:0'), tensor(0.0919, device='cuda:0'), tensor(0.0331, device='cuda:0'), tensor(0.0400, device='cuda:0'), tensor(0.0325, device='cuda:0'), tensor(0.0605, device='cuda:0'), tensor(0.0345, device='cuda:0'), tensor(0.0742, device='cuda:0'), tensor(0.0380, device='cuda:0'), tensor(0.0372, device='cuda:0'), tensor(0.0398, device='cuda:0'), tensor(0.0390, device='cuda:0'), tensor(0.0499, device='cuda:0'), tensor(0.0451, device='cuda:0'), tensor(0.0395, device='cuda:0'), tensor(0.0569, device='cuda:0'), tensor(0.0436, device='cuda:0'), tensor(0.0369, device='cuda:0'), tensor(0.0419, device='cuda:0'), tensor(0.0375, device='cuda:0'), tensor(0.0317, device='cuda:0'), tensor(0.0376, device='cuda:0'), tensor(0.0318, device='cuda:0'), tensor(0.0388, device='cuda:0'), tensor(0.0415, device='cuda:0'), tensor(0.0349, device='cuda:0'), tensor(0.0356, device='cuda:0'), tensor(0.0414, device='cuda:0'), tensor(0.0402, device='cuda:0'), tensor(0.0429, device='cuda:0'), tensor(0.0451, device='cuda:0'), tensor(0.0397, device='cuda:0'), tensor(0.0473, device='cuda:0'), tensor(0.0409, device='cuda:0'), tensor(0.0548, device='cuda:0'), tensor(0.0613, device='cuda:0'), tensor(0.0611, device='cuda:0'), tensor(0.0423, device='cuda:0'), tensor(0.0473, device='cuda:0'), tensor(0.0506, device='cuda:0'), tensor(0.0332, device='cuda:0'), tensor(0.0493, device='cuda:0'), tensor(0.0524, device='cuda:0'), tensor(0.0415, device='cuda:0'), tensor(0.0311, device='cuda:0'), tensor(0.0620, device='cuda:0'), tensor(0.0348, device='cuda:0'), tensor(0.0331, device='cuda:0'), tensor(0.0484, device='cuda:0'), tensor(0.0412, device='cuda:0'), tensor(0.0432, device='cuda:0'), tensor(0.0498, device='cuda:0'), tensor(0.0317, device='cuda:0'), tensor(0.0462, device='cuda:0'), tensor(0.0580, device='cuda:0'), tensor(0.0399, device='cuda:0'), tensor(0.0292, device='cuda:0'), tensor(0.0322, device='cuda:0'), tensor(0.0497, device='cuda:0'), tensor(0.0459, device='cuda:0'), tensor(0.0468, device='cuda:0'), tensor(0.0438, device='cuda:0'), tensor(0.0534, device='cuda:0'), tensor(0.0359, device='cuda:0'), tensor(0.0439, device='cuda:0'), tensor(0.0478, device='cuda:0'), tensor(0.0365, device='cuda:0'), tensor(0.0407, device='cuda:0'), tensor(0.0393, device='cuda:0'), tensor(0.0520, device='cuda:0'), tensor(0.0385, device='cuda:0'), tensor(0.0387, device='cuda:0'), tensor(0.0467, device='cuda:0'), tensor(0.0295, device='cuda:0'), tensor(0.0319, device='cuda:0'), tensor(0.0379, device='cuda:0'), tensor(0.0306, device='cuda:0'), tensor(0.0304, device='cuda:0'), tensor(0.0581, device='cuda:0'), tensor(0.0363, device='cuda:0'), tensor(0.0336, device='cuda:0'), tensor(0.0451, device='cuda:0'), tensor(0.0406, device='cuda:0'), tensor(0.0471, device='cuda:0'), tensor(0.0306, device='cuda:0'), tensor(0.0389, device='cuda:0'), tensor(0.0468, device='cuda:0'), tensor(0.0358, device='cuda:0'), tensor(0.0387, device='cuda:0')]"
15,"[tensor(0.1178, device='cuda:0'), tensor(0.0313, device='cuda:0'), tensor(0.0381, device='cuda:0'), tensor(0.0281, device='cuda:0'), tensor(0.0317, device='cuda:0'), tensor(0.0367, device='cuda:0'), tensor(0.0284, device='cuda:0'), tensor(0.0332, device='cuda:0'), tensor(0.0558, device='cuda:0'), tensor(0.0348, device='cuda:0'), tensor(0.0412, device='cuda:0'), tensor(0.0379, device='cuda:0'), tensor(0.0317, device='cuda:0'), tensor(0.0357, device='cuda:0'), tensor(0.0497, device='cuda:0'), tensor(0.0420, device='cuda:0'), tensor(0.0376, device='cuda:0'), tensor(0.0304, device='cuda:0'), tensor(0.0338, device='cuda:0'), tensor(0.0467, device='cuda:0'), tensor(0.0306, device='cuda:0'), tensor(0.0328, device='cuda:0'), tensor(0.0399, device='cuda:0'), tensor(0.0301, device='cuda:0'), tensor(0.0345, device='cuda:0'), tensor(0.0315, device='cuda:0'), tensor(0.0361, device='cuda:0'), tensor(0.0486, device='cuda:0'), tensor(0.0505, device='cuda:0'), tensor(0.0450, device='cuda:0'), tensor(0.0307, device='cuda:0'), tensor(0.0456, device='cuda:0'), tensor(0.0432, device='cuda:0'), tensor(0.0398, device='cuda:0'), tensor(0.0316, device='cuda:0'), tensor(0.0337, device='cuda:0'), tensor(0.0359, device='cuda:0'), tensor(0.0400, device='cuda:0'), tensor(0.0333, device='cuda:0'), tensor(0.0535, device='cuda:0'), tensor(0.0309, device='cuda:0'), tensor(0.0466, device='cuda:0'), tensor(0.0390, device='cuda:0'), tensor(0.0495, device='cuda:0'), tensor(0.0340, device='cuda:0'), tensor(0.0302, device='cuda:0'), tensor(0.0330, device='cuda:0'), tensor(0.0310, device='cuda:0'), tensor(0.0390, device='cuda:0'), tensor(0.0346, device='cuda:0'), tensor(0.0339, device='cuda:0'), tensor(0.0393, device='cuda:0'), tensor(0.0335, device='cuda:0'), tensor(0.0429, device='cuda:0'), tensor(0.0345, device='cuda:0'), tensor(0.0338, device='cuda:0'), tensor(0.0382, device='cuda:0'), tensor(0.0365, device='cuda:0'), tensor(0.0505, device='cuda:0'), tensor(0.0375, device='cuda:0'), tensor(0.0367, device='cuda:0'), tensor(0.0454, device='cuda:0'), tensor(0.0396, device='cuda:0'), tensor(0.0307, device='cuda:0'), tensor(0.0362, device='cuda:0'), tensor(0.0349, device='cuda:0'), tensor(0.0309, device='cuda:0'), tensor(0.0371, device='cuda:0'), tensor(0.0341, device='cuda:0'), tensor(0.0331, device='cuda:0'), tensor(0.0337, device='cuda:0'), tensor(0.0300, device='cuda:0'), tensor(0.0332, device='cuda:0'), tensor(0.0513, device='cuda:0'), tensor(0.0369, device='cuda:0'), tensor(0.0320, device='cuda:0'), tensor(0.0302, device='cuda:0'), tensor(0.0442, device='cuda:0'), tensor(0.0426, device='cuda:0'), tensor(0.0455, device='cuda:0'), tensor(0.0318, device='cuda:0'), tensor(0.0427, device='cuda:0'), tensor(0.0332, device='cuda:0'), tensor(0.0549, device='cuda:0'), tensor(0.0283, device='cuda:0'), tensor(0.0338, device='cuda:0'), tensor(0.0426, device='cuda:0'), tensor(0.0530, device='cuda:0'), tensor(0.0590, device='cuda:0'), tensor(0.0394, device='cuda:0'), tensor(0.0334, device='cuda:0'), tensor(0.0319, device='cuda:0'), tensor(0.0464, device='cuda:0'), tensor(0.0316, device='cuda:0'), tensor(0.0337, device='cuda:0'), tensor(0.0320, device='cuda:0'), tensor(0.0351, device='cuda:0'), tensor(0.0308, device='cuda:0'), tensor(0.0423, device='cuda:0'), tensor(0.0320, device='cuda:0'), tensor(0.0322, device='cuda:0'), tensor(0.0297, device='cuda:0'), tensor(0.0344, device='cuda:0'), tensor(0.0378, device='cuda:0'), tensor(0.0386, device='cuda:0'), tensor(0.0409, device='cuda:0'), tensor(0.0458, device='cuda:0'), tensor(0.0500, device='cuda:0'), tensor(0.0352, device='cuda:0'), tensor(0.0371, device='cuda:0'), tensor(0.0507, device='cuda:0'), tensor(0.0321, device='cuda:0'), tensor(0.0385, device='cuda:0'), tensor(0.0366, device='cuda:0'), tensor(0.0391, device='cuda:0'), tensor(0.0348, device='cuda:0'), tensor(0.0343, device='cuda:0'), tensor(0.0353, device='cuda:0'), tensor(0.0311, device='cuda:0'), tensor(0.0382, device='cuda:0'), tensor(0.0551, device='cuda:0'), tensor(0.0467, device='cuda:0')]"
16,"[tensor(0.0309, device='cuda:0'), tensor(0.0690, device='cuda:0'), tensor(0.0353, device='cuda:0'), tensor(0.0281, device='cuda:0'), tensor(0.0342, device='cuda:0'), tensor(0.0370, device='cuda:0'), tensor(0.0280, device='cuda:0'), tensor(0.0413, device='cuda:0'), tensor(0.0346, device='cuda:0'), tensor(0.0334, device='cuda:0'), tensor(0.0318, device='cuda:0'), tensor(0.0341, device='cuda:0'), tensor(0.0558, device='cuda:0'), tensor(0.0422, device='cuda:0'), tensor(0.0416, device='cuda:0'), tensor(0.0381, device='cuda:0'), tensor(0.0310, device='cuda:0'), tensor(0.1154, device='cuda:0'), tensor(0.0370, device='cuda:0'), tensor(0.0299, device='cuda:0'), tensor(0.0669, device='cuda:0'), tensor(0.0481, device='cuda:0'), tensor(0.0478, device='cuda:0'), tensor(0.0639, device='cuda:0'), tensor(0.0409, device='cuda:0'), tensor(0.0308, device='cuda:0'), tensor(0.0453, device='cuda:0'), tensor(0.0384, device='cuda:0'), tensor(0.0326, device='cuda:0'), tensor(0.0320, device='cuda:0'), tensor(0.0551, device='cuda:0'), tensor(0.0671, device='cuda:0'), tensor(0.0473, device='cuda:0'), tensor(0.0388, device='cuda:0'), tensor(0.1087, device='cuda:0'), tensor(0.0398, device='cuda:0'), tensor(0.0370, device='cuda:0'), tensor(0.0317, device='cuda:0'), tensor(0.0613, device='cuda:0'), tensor(0.0407, device='cuda:0'), tensor(0.0606, device='cuda:0'), tensor(0.0334, device='cuda:0'), tensor(0.0384, device='cuda:0'), tensor(0.0403, device='cuda:0'), tensor(0.0440, device='cuda:0'), tensor(0.0607, device='cuda:0'), tensor(0.0575, device='cuda:0'), tensor(0.0386, device='cuda:0'), tensor(0.0350, device='cuda:0'), tensor(0.0350, device='cuda:0'), tensor(0.0331, device='cuda:0'), tensor(0.0501, device='cuda:0'), tensor(0.0447, device='cuda:0'), tensor(0.0387, device='cuda:0'), tensor(0.0363, device='cuda:0'), tensor(0.0334, device='cuda:0'), tensor(0.0495, device='cuda:0'), tensor(0.0313, device='cuda:0'), tensor(0.0420, device='cuda:0'), tensor(0.0388, device='cuda:0'), tensor(0.0462, device='cuda:0'), tensor(0.0370, device='cuda:0'), tensor(0.0646, device='cuda:0'), tensor(0.0460, device='cuda:0'), tensor(0.0414, device='cuda:0'), tensor(0.0361, device='cuda:0'), tensor(0.0348, device='cuda:0'), tensor(0.0325, device='cuda:0'), tensor(0.0545, device='cuda:0'), tensor(0.0521, device='cuda:0'), tensor(0.0596, device='cuda:0'), tensor(0.0419, device='cuda:0'), tensor(0.0371, device='cuda:0'), tensor(0.0323, device='cuda:0'), tensor(0.0529, device='cuda:0'), tensor(0.0473, device='cuda:0'), tensor(0.0495, device='cuda:0'), tensor(0.0318, device='cuda:0'), tensor(0.0318, device='cuda:0'), tensor(0.0390, device='cuda:0'), tensor(0.0388, device='cuda:0'), tensor(0.0312, device='cuda:0'), tensor(0.0418, device='cuda:0'), tensor(0.0380, device='cuda:0'), tensor(0.0432, device='cuda:0'), tensor(0.0327, device='cuda:0'), tensor(0.0394, device='cuda:0'), tensor(0.0305, device='cuda:0'), tensor(0.0385, device='cuda:0'), tensor(0.0317, device='cuda:0'), tensor(0.0304, device='cuda:0'), tensor(0.0548, device='cuda:0'), tensor(0.0527, device='cuda:0'), tensor(0.0361, device='cuda:0'), tensor(0.0478, device='cuda:0'), tensor(0.0629, device='cuda:0'), tensor(0.0434, device='cuda:0'), tensor(0.0447, device='cuda:0'), tensor(0.0372, device='cuda:0'), tensor(0.0414, device='cuda:0'), tensor(0.0464, device='cuda:0'), tensor(0.0345, device='cuda:0'), tensor(0.0389, device='cuda:0'), tensor(0.0446, device='cuda:0'), tensor(0.0528, device='cuda:0'), tensor(0.0431, device='cuda:0'), tensor(0.0343, device='cuda:0'), tensor(0.0355, device='cuda:0'), tensor(0.0315, device='cuda:0'), tensor(0.0492, device='cuda:0'), tensor(0.0306, device='cuda:0'), tensor(0.0577, device='cuda:0'), tensor(0.0413, device='cuda:0'), tensor(0.0348, device='cuda:0'), tensor(0.0383, device='cuda:0'), tensor(0.0586, device='cuda:0'), tensor(0.0523, device='cuda:0'), tensor(0.0398, device='cuda:0'), tensor(0.0358, device='cuda:0'), tensor(0.0438, device='cuda:0'), tensor(0.0396, device='cuda:0'), tensor(0.0371, device='cuda:0')]"
17,"[tensor(0.1331, device='cuda:0'), tensor(0.0307, device='cuda:0'), tensor(0.0466, device='cuda:0'), tensor(0.0279, device='cuda:0'), tensor(0.0379, device='cuda:0'), tensor(0.0486, device='cuda:0'), tensor(0.0283, device='cuda:0'), tensor(0.0327, device='cuda:0'), tensor(0.0370, device='cuda:0'), tensor(0.0346, device='cuda:0'), tensor(0.0442, device='cuda:0'), tensor(0.0393, device='cuda:0'), tensor(0.0349, device='cuda:0'), tensor(0.0447, device='cuda:0'), tensor(0.0447, device='cuda:0'), tensor(0.0360, device='cuda:0'), tensor(0.0381, device='cuda:0'), tensor(0.0307, device='cuda:0'), tensor(0.0347, device='cuda:0'), tensor(0.0417, device='cuda:0'), tensor(0.0328, device='cuda:0'), tensor(0.0325, device='cuda:0'), tensor(0.0403, device='cuda:0'), tensor(0.0335, device='cuda:0'), tensor(0.0365, device='cuda:0'), tensor(0.0307, device='cuda:0'), tensor(0.0395, device='cuda:0'), tensor(0.0411, device='cuda:0'), tensor(0.0423, device='cuda:0'), tensor(0.0626, device='cuda:0'), tensor(0.0334, device='cuda:0'), tensor(0.0319, device='cuda:0'), tensor(0.0405, device='cuda:0'), tensor(0.0585, device='cuda:0'), tensor(0.0328, device='cuda:0'), tensor(0.0485, device='cuda:0'), tensor(0.0415, device='cuda:0'), tensor(0.0338, device='cuda:0'), tensor(0.0289, device='cuda:0'), tensor(0.0395, device='cuda:0'), tensor(0.0342, device='cuda:0'), tensor(0.0397, device='cuda:0'), tensor(0.0366, device='cuda:0'), tensor(0.0449, device='cuda:0'), tensor(0.0348, device='cuda:0'), tensor(0.0313, device='cuda:0'), tensor(0.0330, device='cuda:0'), tensor(0.0305, device='cuda:0'), tensor(0.0455, device='cuda:0'), tensor(0.0346, device='cuda:0'), tensor(0.0329, device='cuda:0'), tensor(0.0311, device='cuda:0'), tensor(0.0377, device='cuda:0'), tensor(0.0399, device='cuda:0'), tensor(0.0377, device='cuda:0'), tensor(0.0365, device='cuda:0'), tensor(0.0387, device='cuda:0'), tensor(0.0379, device='cuda:0'), tensor(0.0357, device='cuda:0'), tensor(0.0468, device='cuda:0'), tensor(0.0397, device='cuda:0'), tensor(0.0411, device='cuda:0'), tensor(0.0352, device='cuda:0'), tensor(0.0327, device='cuda:0'), tensor(0.0349, device='cuda:0'), tensor(0.0344, device='cuda:0'), tensor(0.0375, device='cuda:0'), tensor(0.0404, device='cuda:0'), tensor(0.0376, device='cuda:0'), tensor(0.0328, device='cuda:0'), tensor(0.0335, device='cuda:0'), tensor(0.0337, device='cuda:0'), tensor(0.0436, device='cuda:0'), tensor(0.0411, device='cuda:0'), tensor(0.0382, device='cuda:0'), tensor(0.0307, device='cuda:0'), tensor(0.0283, device='cuda:0'), tensor(0.0460, device='cuda:0'), tensor(0.0478, device='cuda:0'), tensor(0.0279, device='cuda:0'), tensor(0.0346, device='cuda:0'), tensor(0.0411, device='cuda:0'), tensor(0.0386, device='cuda:0'), tensor(0.0451, device='cuda:0'), tensor(0.0311, device='cuda:0'), tensor(0.0322, device='cuda:0'), tensor(0.0421, device='cuda:0'), tensor(0.0586, device='cuda:0'), tensor(0.0930, device='cuda:0'), tensor(0.0367, device='cuda:0'), tensor(0.0677, device='cuda:0'), tensor(0.0348, device='cuda:0'), tensor(0.0641, device='cuda:0'), tensor(0.0385, device='cuda:0'), tensor(0.0331, device='cuda:0'), tensor(0.0352, device='cuda:0'), tensor(0.0334, device='cuda:0'), tensor(0.0347, device='cuda:0'), tensor(0.0420, device='cuda:0'), tensor(0.0327, device='cuda:0'), tensor(0.0366, device='cuda:0'), tensor(0.0391, device='cuda:0'), tensor(0.0359, device='cuda:0'), tensor(0.0379, device='cuda:0'), tensor(0.0331, device='cuda:0'), tensor(0.0556, device='cuda:0'), tensor(0.0362, device='cuda:0'), tensor(0.0394, device='cuda:0'), tensor(0.0398, device='cuda:0'), tensor(0.0454, device='cuda:0'), tensor(0.0491, device='cuda:0'), tensor(0.0306, device='cuda:0'), tensor(0.0371, device='cuda:0'), tensor(0.0390, device='cuda:0'), tensor(0.0507, device='cuda:0'), tensor(0.0350, device='cuda:0'), tensor(0.0419, device='cuda:0'), tensor(0.0376, device='cuda:0'), tensor(0.0314, device='cuda:0'), tensor(0.0360, device='cuda:0'), tensor(0.0407, device='cuda:0'), tensor(0.0452, device='cuda:0')]"
18,"[tensor(0.0314, device='cuda:0'), tensor(0.0606, device='cuda:0'), tensor(0.0322, device='cuda:0'), tensor(0.0283, device='cuda:0'), tensor(0.0356, device='cuda:0'), tensor(0.0324, device='cuda:0'), tensor(0.0282, device='cuda:0'), tensor(0.0359, device='cuda:0'), tensor(0.0576, device='cuda:0'), tensor(0.0330, device='cuda:0'), tensor(0.0352, device='cuda:0'), tensor(0.0311, device='cuda:0'), tensor(0.0544, device='cuda:0'), tensor(0.0387, device='cuda:0'), tensor(0.0432, device='cuda:0'), tensor(0.0318, device='cuda:0'), tensor(0.0307, device='cuda:0'), tensor(0.1267, device='cuda:0'), tensor(0.0395, device='cuda:0'), tensor(0.0350, device='cuda:0'), tensor(0.0514, device='cuda:0'), tensor(0.0497, device='cuda:0'), tensor(0.0325, device='cuda:0'), tensor(0.0393, device='cuda:0'), tensor(0.0460, device='cuda:0'), tensor(0.0307, device='cuda:0'), tensor(0.0476, device='cuda:0'), tensor(0.0536, device='cuda:0'), tensor(0.0332, device='cuda:0'), tensor(0.0300, device='cuda:0'), tensor(0.0477, device='cuda:0'), tensor(0.0595, device='cuda:0'), tensor(0.0416, device='cuda:0'), tensor(0.0389, device='cuda:0'), tensor(0.1098, device='cuda:0'), tensor(0.0316, device='cuda:0'), tensor(0.0435, device='cuda:0'), tensor(0.0289, device='cuda:0'), tensor(0.0607, device='cuda:0'), tensor(0.0395, device='cuda:0'), tensor(0.0685, device='cuda:0'), tensor(0.0603, device='cuda:0'), tensor(0.0334, device='cuda:0'), tensor(0.0387, device='cuda:0'), tensor(0.0368, device='cuda:0'), tensor(0.0683, device='cuda:0'), tensor(0.0458, device='cuda:0'), tensor(0.0430, device='cuda:0'), tensor(0.0501, device='cuda:0'), tensor(0.0371, device='cuda:0'), tensor(0.0468, device='cuda:0'), tensor(0.0498, device='cuda:0'), tensor(0.0646, device='cuda:0'), tensor(0.0375, device='cuda:0'), tensor(0.0347, device='cuda:0'), tensor(0.0337, device='cuda:0'), tensor(0.0362, device='cuda:0'), tensor(0.0296, device='cuda:0'), tensor(0.0407, device='cuda:0'), tensor(0.0458, device='cuda:0'), tensor(0.0431, device='cuda:0'), tensor(0.0500, device='cuda:0'), tensor(0.0666, device='cuda:0'), tensor(0.0470, device='cuda:0'), tensor(0.0395, device='cuda:0'), tensor(0.0355, device='cuda:0'), tensor(0.0323, device='cuda:0'), tensor(0.0367, device='cuda:0'), tensor(0.0719, device='cuda:0'), tensor(0.0727, device='cuda:0'), tensor(0.0347, device='cuda:0'), tensor(0.0425, device='cuda:0'), tensor(0.0365, device='cuda:0'), tensor(0.0340, device='cuda:0'), tensor(0.0474, device='cuda:0'), tensor(0.0593, device='cuda:0'), tensor(0.0454, device='cuda:0'), tensor(0.0367, device='cuda:0'), tensor(0.0416, device='cuda:0'), tensor(0.0451, device='cuda:0'), tensor(0.0363, device='cuda:0'), tensor(0.0483, device='cuda:0'), tensor(0.0441, device='cuda:0'), tensor(0.0446, device='cuda:0'), tensor(0.0425, device='cuda:0'), tensor(0.0288, device='cuda:0'), tensor(0.0495, device='cuda:0'), tensor(0.0335, device='cuda:0'), tensor(0.0360, device='cuda:0'), tensor(0.0362, device='cuda:0'), tensor(0.0282, device='cuda:0'), tensor(0.0487, device='cuda:0'), tensor(0.0435, device='cuda:0'), tensor(0.0385, device='cuda:0'), tensor(0.0482, device='cuda:0'), tensor(0.0551, device='cuda:0'), tensor(0.0437, device='cuda:0'), tensor(0.0419, device='cuda:0'), tensor(0.0662, device='cuda:0'), tensor(0.0493, device='cuda:0'), tensor(0.0454, device='cuda:0'), tensor(0.0315, device='cuda:0'), tensor(0.0456, device='cuda:0'), tensor(0.0389, device='cuda:0'), tensor(0.0427, device='cuda:0'), tensor(0.0322, device='cuda:0'), tensor(0.0461, device='cuda:0'), tensor(0.0345, device='cuda:0'), tensor(0.0379, device='cuda:0'), tensor(0.0293, device='cuda:0'), tensor(0.0321, device='cuda:0'), tensor(0.0561, device='cuda:0'), tensor(0.0430, device='cuda:0'), tensor(0.0313, device='cuda:0'), tensor(0.0434, device='cuda:0'), tensor(0.0511, device='cuda:0'), tensor(0.0428, device='cuda:0'), tensor(0.0344, device='cuda:0'), tensor(0.0446, device='cuda:0'), tensor(0.0415, device='cuda:0'), tensor(0.0449, device='cuda:0'), tensor(0.0355, device='cuda:0')]"
19,"[tensor(0.1254, device='cuda:0'), tensor(0.0289, device='cuda:0'), tensor(0.0392, device='cuda:0'), tensor(0.0279, device='cuda:0'), tensor(0.0350, device='cuda:0'), tensor(0.0394, device='cuda:0'), tensor(0.0279, device='cuda:0'), tensor(0.0485, device='cuda:0'), tensor(0.0396, device='cuda:0'), tensor(0.0363, device='cuda:0'), tensor(0.0370, device='cuda:0'), tensor(0.0414, device='cuda:0'), tensor(0.0330, device='cuda:0'), tensor(0.0780, device='cuda:0'), tensor(0.0564, device='cuda:0'), tensor(0.0508, device='cuda:0'), tensor(0.0484, device='cuda:0'), tensor(0.0307, device='cuda:0'), tensor(0.0414, device='cuda:0'), tensor(0.0390, device='cuda:0'), tensor(0.0331, device='cuda:0'), tensor(0.0333, device='cuda:0'), tensor(0.0380, device='cuda:0'), tensor(0.0357, device='cuda:0'), tensor(0.0386, device='cuda:0'), tensor(0.0350, device='cuda:0'), tensor(0.0578, device='cuda:0'), tensor(0.0553, device='cuda:0'), tensor(0.0637, device='cuda:0'), tensor(0.0539, device='cuda:0'), tensor(0.0304, device='cuda:0'), tensor(0.0393, device='cuda:0'), tensor(0.0386, device='cuda:0'), tensor(0.0350, device='cuda:0'), tensor(0.0304, device='cuda:0'), tensor(0.0418, device='cuda:0'), tensor(0.0337, device='cuda:0'), tensor(0.0408, device='cuda:0'), tensor(0.0283, device='cuda:0'), tensor(0.0382, device='cuda:0'), tensor(0.0327, device='cuda:0'), tensor(0.0335, device='cuda:0'), tensor(0.0407, device='cuda:0'), tensor(0.0509, device='cuda:0'), tensor(0.0338, device='cuda:0'), tensor(0.0312, device='cuda:0'), tensor(0.0594, device='cuda:0'), tensor(0.0310, device='cuda:0'), tensor(0.0355, device='cuda:0'), tensor(0.0355, device='cuda:0'), tensor(0.0361, device='cuda:0'), tensor(0.0343, device='cuda:0'), tensor(0.0452, device='cuda:0'), tensor(0.0388, device='cuda:0'), tensor(0.0397, device='cuda:0'), tensor(0.0358, device='cuda:0'), tensor(0.0445, device='cuda:0'), tensor(0.0328, device='cuda:0'), tensor(0.0440, device='cuda:0'), tensor(0.0363, device='cuda:0'), tensor(0.0356, device='cuda:0'), tensor(0.0471, device='cuda:0'), tensor(0.0335, device='cuda:0'), tensor(0.0293, device='cuda:0'), tensor(0.0325, device='cuda:0'), tensor(0.0416, device='cuda:0'), tensor(0.0537, device='cuda:0'), tensor(0.0359, device='cuda:0'), tensor(0.0341, device='cuda:0'), tensor(0.0350, device='cuda:0'), tensor(0.0508, device='cuda:0'), tensor(0.0290, device='cuda:0'), tensor(0.0476, device='cuda:0'), tensor(0.0478, device='cuda:0'), tensor(0.0344, device='cuda:0'), tensor(0.0335, device='cuda:0'), tensor(0.0316, device='cuda:0'), tensor(0.0362, device='cuda:0'), tensor(0.0429, device='cuda:0'), tensor(0.0310, device='cuda:0'), tensor(0.0302, device='cuda:0'), tensor(0.0546, device='cuda:0'), tensor(0.0400, device='cuda:0'), tensor(0.0450, device='cuda:0'), tensor(0.0321, device='cuda:0'), tensor(0.0301, device='cuda:0'), tensor(0.0421, device='cuda:0'), tensor(0.0519, device='cuda:0'), tensor(0.0520, device='cuda:0'), tensor(0.0377, device='cuda:0'), tensor(0.0379, device='cuda:0'), tensor(0.0352, device='cuda:0'), tensor(0.0474, device='cuda:0'), tensor(0.0302, device='cuda:0'), tensor(0.0325, device='cuda:0'), tensor(0.0326, device='cuda:0'), tensor(0.0386, device='cuda:0'), tensor(0.0349, device='cuda:0'), tensor(0.0339, device='cuda:0'), tensor(0.0384, device='cuda:0'), tensor(0.0354, device='cuda:0'), tensor(0.0336, device='cuda:0'), tensor(0.0322, device='cuda:0'), tensor(0.0347, device='cuda:0'), tensor(0.0738, device='cuda:0'), tensor(0.0480, device='cuda:0'), tensor(0.0363, device='cuda:0'), tensor(0.0407, device='cuda:0'), tensor(0.0555, device='cuda:0'), tensor(0.0425, device='cuda:0'), tensor(0.0496, device='cuda:0'), tensor(0.0326, device='cuda:0'), tensor(0.0456, device='cuda:0'), tensor(0.0353, device='cuda:0'), tensor(0.0405, device='cuda:0'), tensor(0.0438, device='cuda:0'), tensor(0.0391, device='cuda:0'), tensor(0.0441, device='cuda:0'), tensor(0.0313, device='cuda:0'), tensor(0.0452, device='cuda:0'), tensor(0.0351, device='cuda:0'), tensor(0.0506, device='cuda:0')]"
20,"[tensor(0.0315, device='cuda:0'), tensor(0.0875, device='cuda:0'), tensor(0.0390, device='cuda:0'), tensor(0.0281, device='cuda:0'), tensor(0.0335, device='cuda:0'), tensor(0.0331, device='cuda:0'), tensor(0.0282, device='cuda:0'), tensor(0.0316, device='cuda:0'), tensor(0.0484, device='cuda:0'), tensor(0.0382, device='cuda:0'), tensor(0.0367, device='cuda:0'), tensor(0.0315, device='cuda:0'), tensor(0.0506, device='cuda:0'), tensor(0.0406, device='cuda:0'), tensor(0.0463, device='cuda:0'), tensor(0.0344, device='cuda:0'), tensor(0.0332, device='cuda:0'), tensor(0.1150, device='cuda:0'), tensor(0.0380, device='cuda:0'), tensor(0.0311, device='cuda:0'), tensor(0.0639, device='cuda:0'), tensor(0.0478, device='cuda:0'), tensor(0.0445, device='cuda:0'), tensor(0.0640, device='cuda:0'), tensor(0.0500, device='cuda:0'), tensor(0.0303, device='cuda:0'), tensor(0.0367, device='cuda:0'), tensor(0.0379, device='cuda:0'), tensor(0.0315, device='cuda:0'), tensor(0.0308, device='cuda:0'), tensor(0.0619, device='cuda:0'), tensor(0.0493, device='cuda:0'), tensor(0.0560, device='cuda:0'), tensor(0.0508, device='cuda:0'), tensor(0.1227, device='cuda:0'), tensor(0.0354, device='cuda:0'), tensor(0.0463, device='cuda:0'), tensor(0.0382, device='cuda:0'), tensor(0.0815, device='cuda:0'), tensor(0.0337, device='cuda:0'), tensor(0.0670, device='cuda:0'), tensor(0.0477, device='cuda:0'), tensor(0.0317, device='cuda:0'), tensor(0.0421, device='cuda:0'), tensor(0.0397, device='cuda:0'), tensor(0.0765, device='cuda:0'), tensor(0.0572, device='cuda:0'), tensor(0.0426, device='cuda:0'), tensor(0.0459, device='cuda:0'), tensor(0.0324, device='cuda:0'), tensor(0.0467, device='cuda:0'), tensor(0.0497, device='cuda:0'), tensor(0.0493, device='cuda:0'), tensor(0.0382, device='cuda:0'), tensor(0.0340, device='cuda:0'), tensor(0.0310, device='cuda:0'), tensor(0.0371, device='cuda:0'), tensor(0.0301, device='cuda:0'), tensor(0.0388, device='cuda:0'), tensor(0.0544, device='cuda:0'), tensor(0.0512, device='cuda:0'), tensor(0.0367, device='cuda:0'), tensor(0.0480, device='cuda:0'), tensor(0.0522, device='cuda:0'), tensor(0.0493, device='cuda:0'), tensor(0.0311, device='cuda:0'), tensor(0.0429, device='cuda:0'), tensor(0.0569, device='cuda:0'), tensor(0.0640, device='cuda:0'), tensor(0.0616, device='cuda:0'), tensor(0.0441, device='cuda:0'), tensor(0.0355, device='cuda:0'), tensor(0.0416, device='cuda:0'), tensor(0.0393, device='cuda:0'), tensor(0.0576, device='cuda:0'), tensor(0.0417, device='cuda:0'), tensor(0.0385, device='cuda:0'), tensor(0.0462, device='cuda:0'), tensor(0.0507, device='cuda:0'), tensor(0.0489, device='cuda:0'), tensor(0.0373, device='cuda:0'), tensor(0.0379, device='cuda:0'), tensor(0.0516, device='cuda:0'), tensor(0.0408, device='cuda:0'), tensor(0.0554, device='cuda:0'), tensor(0.0360, device='cuda:0'), tensor(0.0482, device='cuda:0'), tensor(0.0348, device='cuda:0'), tensor(0.0487, device='cuda:0'), tensor(0.0335, device='cuda:0'), tensor(0.0385, device='cuda:0'), tensor(0.0616, device='cuda:0'), tensor(0.0421, device='cuda:0'), tensor(0.0381, device='cuda:0'), tensor(0.0532, device='cuda:0'), tensor(0.0684, device='cuda:0'), tensor(0.0391, device='cuda:0'), tensor(0.0502, device='cuda:0'), tensor(0.0602, device='cuda:0'), tensor(0.0415, device='cuda:0'), tensor(0.0602, device='cuda:0'), tensor(0.0379, device='cuda:0'), tensor(0.0536, device='cuda:0'), tensor(0.0434, device='cuda:0'), tensor(0.0374, device='cuda:0'), tensor(0.0313, device='cuda:0'), tensor(0.0562, device='cuda:0'), tensor(0.0363, device='cuda:0'), tensor(0.0390, device='cuda:0'), tensor(0.0481, device='cuda:0'), tensor(0.0335, device='cuda:0'), tensor(0.0684, device='cuda:0'), tensor(0.0414, device='cuda:0'), tensor(0.0392, device='cuda:0'), tensor(0.0673, device='cuda:0'), tensor(0.0552, device='cuda:0'), tensor(0.0439, device='cuda:0'), tensor(0.0321, device='cuda:0'), tensor(0.0337, device='cuda:0'), tensor(0.0540, device='cuda:0'), tensor(0.0444, device='cuda:0'), tensor(0.0372, device='cuda:0')]"
21,"[tensor(0.1220, device='cuda:0'), tensor(0.0351, device='cuda:0'), tensor(0.0366, device='cuda:0'), tensor(0.0283, device='cuda:0'), tensor(0.0403, device='cuda:0'), tensor(0.0377, device='cuda:0'), tensor(0.0286, device='cuda:0'), tensor(0.0442, device='cuda:0'), tensor(0.0464, device='cuda:0'), tensor(0.0392, device='cuda:0'), tensor(0.0362, device='cuda:0'), tensor(0.0472, device='cuda:0'), tensor(0.0341, device='cuda:0'), tensor(0.0406, device='cuda:0'), tensor(0.0440, device='cuda:0'), tensor(0.0416, device='cuda:0'), tensor(0.0325, device='cuda:0'), tensor(0.0306, device='cuda:0'), tensor(0.0429, device='cuda:0'), tensor(0.0546, device='cuda:0'), tensor(0.0348, device='cuda:0'), tensor(0.0321, device='cuda:0'), tensor(0.0641, device='cuda:0'), tensor(0.0411, device='cuda:0'), tensor(0.0389, device='cuda:0'), tensor(0.0395, device='cuda:0'), tensor(0.0599, device='cuda:0'), tensor(0.0423, device='cuda:0'), tensor(0.0513, device='cuda:0'), tensor(0.0510, device='cuda:0'), tensor(0.0350, device='cuda:0'), tensor(0.0378, device='cuda:0'), tensor(0.0387, device='cuda:0'), tensor(0.0430, device='cuda:0'), tensor(0.0326, device='cuda:0'), tensor(0.0445, device='cuda:0'), tensor(0.0480, device='cuda:0'), tensor(0.0393, device='cuda:0'), tensor(0.0350, device='cuda:0'), tensor(0.0464, device='cuda:0'), tensor(0.0357, device='cuda:0'), tensor(0.0319, device='cuda:0'), tensor(0.0379, device='cuda:0'), tensor(0.0465, device='cuda:0'), tensor(0.0336, device='cuda:0'), tensor(0.0357, device='cuda:0'), tensor(0.0358, device='cuda:0'), tensor(0.0322, device='cuda:0'), tensor(0.0403, device='cuda:0'), tensor(0.0454, device='cuda:0'), tensor(0.0527, device='cuda:0'), tensor(0.0320, device='cuda:0'), tensor(0.0447, device='cuda:0'), tensor(0.0357, device='cuda:0'), tensor(0.0426, device='cuda:0'), tensor(0.0402, device='cuda:0'), tensor(0.0426, device='cuda:0'), tensor(0.0370, device='cuda:0'), tensor(0.0509, device='cuda:0'), tensor(0.0389, device='cuda:0'), tensor(0.0330, device='cuda:0'), tensor(0.0429, device='cuda:0'), tensor(0.0650, device='cuda:0'), tensor(0.0365, device='cuda:0'), tensor(0.0351, device='cuda:0'), tensor(0.0398, device='cuda:0'), tensor(0.0315, device='cuda:0'), tensor(0.0531, device='cuda:0'), tensor(0.0386, device='cuda:0'), tensor(0.0369, device='cuda:0'), tensor(0.0296, device='cuda:0'), tensor(0.0441, device='cuda:0'), tensor(0.0434, device='cuda:0'), tensor(0.0451, device='cuda:0'), tensor(0.0401, device='cuda:0'), tensor(0.0334, device='cuda:0'), tensor(0.0359, device='cuda:0'), tensor(0.0444, device='cuda:0'), tensor(0.0486, device='cuda:0'), tensor(0.0377, device='cuda:0'), tensor(0.0343, device='cuda:0'), tensor(0.0436, device='cuda:0'), tensor(0.0312, device='cuda:0'), tensor(0.0363, device='cuda:0'), tensor(0.0337, device='cuda:0'), tensor(0.0351, device='cuda:0'), tensor(0.0497, device='cuda:0'), tensor(0.0446, device='cuda:0'), tensor(0.0578, device='cuda:0'), tensor(0.0420, device='cuda:0'), tensor(0.0585, device='cuda:0'), tensor(0.0400, device='cuda:0'), tensor(0.0498, device='cuda:0'), tensor(0.0302, device='cuda:0'), tensor(0.0373, device='cuda:0'), tensor(0.0360, device='cuda:0'), tensor(0.0380, device='cuda:0'), tensor(0.0353, device='cuda:0'), tensor(0.0325, device='cuda:0'), tensor(0.0327, device='cuda:0'), tensor(0.0418, device='cuda:0'), tensor(0.0421, device='cuda:0'), tensor(0.0331, device='cuda:0'), tensor(0.0439, device='cuda:0'), tensor(0.0499, device='cuda:0'), tensor(0.0485, device='cuda:0'), tensor(0.0333, device='cuda:0'), tensor(0.0576, device='cuda:0'), tensor(0.0392, device='cuda:0'), tensor(0.0322, device='cuda:0'), tensor(0.0550, device='cuda:0'), tensor(0.0361, device='cuda:0'), tensor(0.0317, device='cuda:0'), tensor(0.0355, device='cuda:0'), tensor(0.0374, device='cuda:0'), tensor(0.0512, device='cuda:0'), tensor(0.0481, device='cuda:0'), tensor(0.0539, device='cuda:0'), tensor(0.0293, device='cuda:0'), tensor(0.0397, device='cuda:0'), tensor(0.0537, device='cuda:0'), tensor(0.0509, device='cuda:0')]"
22,"[tensor(0.0303, device='cuda:0'), tensor(0.0570, device='cuda:0'), tensor(0.0299, device='cuda:0'), tensor(0.0286, device='cuda:0'), tensor(0.0430, device='cuda:0'), tensor(0.0339, device='cuda:0'), tensor(0.0283, device='cuda:0'), tensor(0.0314, device='cuda:0'), tensor(0.0410, device='cuda:0'), tensor(0.0332, device='cuda:0'), tensor(0.0329, device='cuda:0'), tensor(0.0325, device='cuda:0'), tensor(0.0502, device='cuda:0'), tensor(0.0565, device='cuda:0'), tensor(0.0524, device='cuda:0'), tensor(0.0387, device='cuda:0'), tensor(0.0338, device='cuda:0'), tensor(0.1167, device='cuda:0'), tensor(0.0413, device='cuda:0'), tensor(0.0339, device='cuda:0'), tensor(0.0672, device='cuda:0'), tensor(0.0442, device='cuda:0'), tensor(0.0471, device='cuda:0'), tensor(0.0499, device='cuda:0'), tensor(0.0465, device='cuda:0'), tensor(0.0348, device='cuda:0'), tensor(0.0374, device='cuda:0'), tensor(0.0483, device='cuda:0'), tensor(0.0368, device='cuda:0'), tensor(0.0401, device='cuda:0'), tensor(0.0425, device='cuda:0'), tensor(0.0699, device='cuda:0'), tensor(0.0504, device='cuda:0'), tensor(0.0373, device='cuda:0'), tensor(0.1149, device='cuda:0'), tensor(0.0331, device='cuda:0'), tensor(0.0325, device='cuda:0'), tensor(0.0361, device='cuda:0'), tensor(0.0557, device='cuda:0'), tensor(0.0373, device='cuda:0'), tensor(0.0901, device='cuda:0'), tensor(0.0454, device='cuda:0'), tensor(0.0324, device='cuda:0'), tensor(0.0483, device='cuda:0'), tensor(0.0475, device='cuda:0'), tensor(0.0662, device='cuda:0'), tensor(0.0489, device='cuda:0'), tensor(0.0539, device='cuda:0'), tensor(0.0447, device='cuda:0'), tensor(0.0375, device='cuda:0'), tensor(0.0407, device='cuda:0'), tensor(0.0590, device='cuda:0'), tensor(0.0666, device='cuda:0'), tensor(0.0418, device='cuda:0'), tensor(0.0343, device='cuda:0'), tensor(0.0331, device='cuda:0'), tensor(0.0409, device='cuda:0'), tensor(0.0294, device='cuda:0'), tensor(0.0403, device='cuda:0'), tensor(0.0467, device='cuda:0'), tensor(0.0419, device='cuda:0'), tensor(0.0412, device='cuda:0'), tensor(0.0359, device='cuda:0'), tensor(0.0467, device='cuda:0'), tensor(0.0436, device='cuda:0'), tensor(0.0332, device='cuda:0'), tensor(0.0361, device='cuda:0'), tensor(0.0398, device='cuda:0'), tensor(0.0861, device='cuda:0'), tensor(0.0605, device='cuda:0'), tensor(0.0654, device='cuda:0'), tensor(0.0376, device='cuda:0'), tensor(0.0340, device='cuda:0'), tensor(0.0334, device='cuda:0'), tensor(0.0567, device='cuda:0'), tensor(0.0607, device='cuda:0'), tensor(0.0415, device='cuda:0'), tensor(0.0438, device='cuda:0'), tensor(0.0417, device='cuda:0'), tensor(0.0511, device='cuda:0'), tensor(0.0369, device='cuda:0'), tensor(0.0447, device='cuda:0'), tensor(0.0483, device='cuda:0'), tensor(0.0469, device='cuda:0'), tensor(0.0470, device='cuda:0'), tensor(0.0290, device='cuda:0'), tensor(0.0381, device='cuda:0'), tensor(0.0348, device='cuda:0'), tensor(0.0469, device='cuda:0'), tensor(0.0329, device='cuda:0'), tensor(0.0310, device='cuda:0'), tensor(0.0456, device='cuda:0'), tensor(0.0416, device='cuda:0'), tensor(0.0659, device='cuda:0'), tensor(0.0498, device='cuda:0'), tensor(0.0528, device='cuda:0'), tensor(0.0459, device='cuda:0'), tensor(0.0450, device='cuda:0'), tensor(0.0609, device='cuda:0'), tensor(0.0502, device='cuda:0'), tensor(0.0537, device='cuda:0'), tensor(0.0318, device='cuda:0'), tensor(0.0532, device='cuda:0'), tensor(0.0479, device='cuda:0'), tensor(0.0352, device='cuda:0'), tensor(0.0410, device='cuda:0'), tensor(0.0390, device='cuda:0'), tensor(0.0347, device='cuda:0'), tensor(0.0492, device='cuda:0'), tensor(0.0320, device='cuda:0'), tensor(0.0336, device='cuda:0'), tensor(0.0687, device='cuda:0'), tensor(0.0457, device='cuda:0'), tensor(0.0301, device='cuda:0'), tensor(0.0425, device='cuda:0'), tensor(0.0685, device='cuda:0'), tensor(0.0535, device='cuda:0'), tensor(0.0372, device='cuda:0'), tensor(0.0408, device='cuda:0'), tensor(0.0493, device='cuda:0'), tensor(0.0512, device='cuda:0'), tensor(0.0362, device='cuda:0')]"
23,"[tensor(0.1432, device='cuda:0'), tensor(0.0292, device='cuda:0'), tensor(0.0535, device='cuda:0'), tensor(0.0278, device='cuda:0'), tensor(0.0358, device='cuda:0'), tensor(0.0393, device='cuda:0'), tensor(0.0282, device='cuda:0'), tensor(0.0460, device='cuda:0'), tensor(0.0484, device='cuda:0'), tensor(0.0397, device='cuda:0'), tensor(0.0315, device='cuda:0'), tensor(0.0457, device='cuda:0'), tensor(0.0317, device='cuda:0'), tensor(0.0457, device='cuda:0'), tensor(0.0443, device='cuda:0'), tensor(0.0402, device='cuda:0'), tensor(0.0395, device='cuda:0'), tensor(0.0310, device='cuda:0'), tensor(0.0346, device='cuda:0'), tensor(0.0371, device='cuda:0'), tensor(0.0326, device='cuda:0'), tensor(0.0338, device='cuda:0'), tensor(0.0463, device='cuda:0'), tensor(0.0349, device='cuda:0'), tensor(0.0408, device='cuda:0'), tensor(0.0313, device='cuda:0'), tensor(0.0548, device='cuda:0'), tensor(0.0382, device='cuda:0'), tensor(0.0500, device='cuda:0'), tensor(0.0304, device='cuda:0'), tensor(0.0358, device='cuda:0'), tensor(0.0332, device='cuda:0'), tensor(0.0423, device='cuda:0'), tensor(0.0622, device='cuda:0'), tensor(0.0321, device='cuda:0'), tensor(0.0486, device='cuda:0'), tensor(0.0492, device='cuda:0'), tensor(0.0350, device='cuda:0'), tensor(0.0308, device='cuda:0'), tensor(0.0456, device='cuda:0'), tensor(0.0335, device='cuda:0'), tensor(0.0342, device='cuda:0'), tensor(0.0403, device='cuda:0'), tensor(0.0462, device='cuda:0'), tensor(0.0342, device='cuda:0'), tensor(0.0352, device='cuda:0'), tensor(0.0308, device='cuda:0'), tensor(0.0355, device='cuda:0'), tensor(0.0391, device='cuda:0'), tensor(0.0480, device='cuda:0'), tensor(0.0400, device='cuda:0'), tensor(0.0316, device='cuda:0'), tensor(0.0395, device='cuda:0'), tensor(0.0380, device='cuda:0'), tensor(0.0413, device='cuda:0'), tensor(0.0424, device='cuda:0'), tensor(0.0332, device='cuda:0'), tensor(0.0355, device='cuda:0'), tensor(0.0465, device='cuda:0'), tensor(0.0401, device='cuda:0'), tensor(0.0351, device='cuda:0'), tensor(0.0386, device='cuda:0'), tensor(0.0333, device='cuda:0'), tensor(0.0311, device='cuda:0'), tensor(0.0331, device='cuda:0'), tensor(0.0465, device='cuda:0'), tensor(0.0357, device='cuda:0'), tensor(0.0461, device='cuda:0'), tensor(0.0393, device='cuda:0'), tensor(0.0322, device='cuda:0'), tensor(0.0361, device='cuda:0'), tensor(0.0321, device='cuda:0'), tensor(0.0515, device='cuda:0'), tensor(0.0505, device='cuda:0'), tensor(0.0368, device='cuda:0'), tensor(0.0329, device='cuda:0'), tensor(0.0376, device='cuda:0'), tensor(0.0328, device='cuda:0'), tensor(0.0476, device='cuda:0'), tensor(0.0398, device='cuda:0'), tensor(0.0326, device='cuda:0'), tensor(0.0420, device='cuda:0'), tensor(0.0352, device='cuda:0'), tensor(0.0384, device='cuda:0'), tensor(0.0299, device='cuda:0'), tensor(0.0333, device='cuda:0'), tensor(0.0521, device='cuda:0'), tensor(0.0428, device='cuda:0'), tensor(0.0409, device='cuda:0'), tensor(0.0405, device='cuda:0'), tensor(0.0569, device='cuda:0'), tensor(0.0341, device='cuda:0'), tensor(0.0632, device='cuda:0'), tensor(0.0372, device='cuda:0'), tensor(0.0308, device='cuda:0'), tensor(0.0313, device='cuda:0'), tensor(0.0403, device='cuda:0'), tensor(0.0354, device='cuda:0'), tensor(0.0349, device='cuda:0'), tensor(0.0347, device='cuda:0'), tensor(0.0408, device='cuda:0'), tensor(0.0420, device='cuda:0'), tensor(0.0323, device='cuda:0'), tensor(0.0438, device='cuda:0'), tensor(0.0587, device='cuda:0'), tensor(0.0431, device='cuda:0'), tensor(0.0413, device='cuda:0'), tensor(0.0483, device='cuda:0'), tensor(0.0451, device='cuda:0'), tensor(0.0350, device='cuda:0'), tensor(0.0552, device='cuda:0'), tensor(0.0311, device='cuda:0'), tensor(0.0363, device='cuda:0'), tensor(0.0409, device='cuda:0'), tensor(0.0581, device='cuda:0'), tensor(0.0418, device='cuda:0'), tensor(0.0399, device='cuda:0'), tensor(0.0449, device='cuda:0'), tensor(0.0350, device='cuda:0'), tensor(0.0410, device='cuda:0'), tensor(0.0393, device='cuda:0'), tensor(0.0564, device='cuda:0')]"
24,"[tensor(0.0305, device='cuda:0'), tensor(0.0942, device='cuda:0'), tensor(0.0325, device='cuda:0'), tensor(0.0278, device='cuda:0'), tensor(0.0390, device='cuda:0'), tensor(0.0362, device='cuda:0'), tensor(0.0280, device='cuda:0'), tensor(0.0303, device='cuda:0'), tensor(0.0417, device='cuda:0'), tensor(0.0330, device='cuda:0'), tensor(0.0336, device='cuda:0'), tensor(0.0324, device='cuda:0'), tensor(0.0573, device='cuda:0'), tensor(0.0488, device='cuda:0'), tensor(0.0519, device='cuda:0'), tensor(0.0396, device='cuda:0'), tensor(0.0369, device='cuda:0'), tensor(0.1443, device='cuda:0'), tensor(0.0402, device='cuda:0'), tensor(0.0352, device='cuda:0'), tensor(0.0745, device='cuda:0'), tensor(0.0538, device='cuda:0'), tensor(0.0462, device='cuda:0'), tensor(0.0442, device='cuda:0'), tensor(0.0629, device='cuda:0'), tensor(0.0296, device='cuda:0'), tensor(0.0493, device='cuda:0'), tensor(0.0536, device='cuda:0'), tensor(0.0327, device='cuda:0'), tensor(0.0457, device='cuda:0'), tensor(0.0636, device='cuda:0'), tensor(0.0657, device='cuda:0'), tensor(0.0431, device='cuda:0'), tensor(0.0442, device='cuda:0'), tensor(0.1348, device='cuda:0'), tensor(0.0318, device='cuda:0'), tensor(0.0321, device='cuda:0'), tensor(0.0350, device='cuda:0'), tensor(0.1007, device='cuda:0'), tensor(0.0312, device='cuda:0'), tensor(0.0696, device='cuda:0'), tensor(0.0549, device='cuda:0'), tensor(0.0331, device='cuda:0'), tensor(0.0422, device='cuda:0'), tensor(0.0436, device='cuda:0'), tensor(0.1019, device='cuda:0'), tensor(0.0457, device='cuda:0'), tensor(0.0456, device='cuda:0'), tensor(0.0405, device='cuda:0'), tensor(0.0366, device='cuda:0'), tensor(0.0434, device='cuda:0'), tensor(0.0461, device='cuda:0'), tensor(0.0729, device='cuda:0'), tensor(0.0389, device='cuda:0'), tensor(0.0355, device='cuda:0'), tensor(0.0327, device='cuda:0'), tensor(0.0447, device='cuda:0'), tensor(0.0304, device='cuda:0'), tensor(0.0469, device='cuda:0'), tensor(0.0389, device='cuda:0'), tensor(0.0441, device='cuda:0'), tensor(0.0462, device='cuda:0'), tensor(0.0536, device='cuda:0'), tensor(0.0519, device='cuda:0'), tensor(0.0469, device='cuda:0'), tensor(0.0343, device='cuda:0'), tensor(0.0443, device='cuda:0'), tensor(0.0454, device='cuda:0'), tensor(0.0652, device='cuda:0'), tensor(0.0709, device='cuda:0'), tensor(0.0390, device='cuda:0'), tensor(0.0532, device='cuda:0'), tensor(0.0358, device='cuda:0'), tensor(0.0391, device='cuda:0'), tensor(0.0616, device='cuda:0'), tensor(0.0488, device='cuda:0'), tensor(0.0523, device='cuda:0'), tensor(0.0548, device='cuda:0'), tensor(0.0406, device='cuda:0'), tensor(0.0456, device='cuda:0'), tensor(0.0424, device='cuda:0'), tensor(0.0349, device='cuda:0'), tensor(0.0387, device='cuda:0'), tensor(0.0477, device='cuda:0'), tensor(0.0608, device='cuda:0'), tensor(0.0402, device='cuda:0'), tensor(0.0451, device='cuda:0'), tensor(0.0372, device='cuda:0'), tensor(0.0571, device='cuda:0'), tensor(0.0354, device='cuda:0'), tensor(0.0296, device='cuda:0'), tensor(0.0684, device='cuda:0'), tensor(0.0430, device='cuda:0'), tensor(0.0428, device='cuda:0'), tensor(0.0775, device='cuda:0'), tensor(0.0849, device='cuda:0'), tensor(0.0376, device='cuda:0'), tensor(0.0439, device='cuda:0'), tensor(0.0518, device='cuda:0'), tensor(0.0556, device='cuda:0'), tensor(0.0459, device='cuda:0'), tensor(0.0321, device='cuda:0'), tensor(0.0515, device='cuda:0'), tensor(0.0485, device='cuda:0'), tensor(0.0299, device='cuda:0'), tensor(0.0424, device='cuda:0'), tensor(0.0369, device='cuda:0'), tensor(0.0378, device='cuda:0'), tensor(0.0372, device='cuda:0'), tensor(0.0515, device='cuda:0'), tensor(0.0417, device='cuda:0'), tensor(0.0752, device='cuda:0'), tensor(0.0441, device='cuda:0'), tensor(0.0384, device='cuda:0'), tensor(0.0526, device='cuda:0'), tensor(0.0610, device='cuda:0'), tensor(0.0419, device='cuda:0'), tensor(0.0340, device='cuda:0'), tensor(0.0322, device='cuda:0'), tensor(0.0548, device='cuda:0'), tensor(0.0389, device='cuda:0'), tensor(0.0390, device='cuda:0')]"
25,"[tensor(0.1327, device='cuda:0'), tensor(0.0301, device='cuda:0'), tensor(0.0478, device='cuda:0'), tensor(0.0279, device='cuda:0'), tensor(0.0355, device='cuda:0'), tensor(0.0374, device='cuda:0'), tensor(0.0279, device='cuda:0'), tensor(0.0463, device='cuda:0'), tensor(0.0481, device='cuda:0'), tensor(0.0436, device='cuda:0'), tensor(0.0339, device='cuda:0'), tensor(0.0521, device='cuda:0'), tensor(0.0312, device='cuda:0'), tensor(0.0470, device='cuda:0'), tensor(0.0514, device='cuda:0'), tensor(0.0353, device='cuda:0'), tensor(0.0391, device='cuda:0'), tensor(0.0312, device='cuda:0'), tensor(0.0361, device='cuda:0'), tensor(0.0385, device='cuda:0'), tensor(0.0301, device='cuda:0'), tensor(0.0333, device='cuda:0'), tensor(0.0611, device='cuda:0'), tensor(0.0362, device='cuda:0'), tensor(0.0338, device='cuda:0'), tensor(0.0343, device='cuda:0'), tensor(0.0377, device='cuda:0'), tensor(0.0603, device='cuda:0'), tensor(0.0568, device='cuda:0'), tensor(0.0511, device='cuda:0'), tensor(0.0330, device='cuda:0'), tensor(0.0430, device='cuda:0'), tensor(0.0454, device='cuda:0'), tensor(0.0513, device='cuda:0'), tensor(0.0323, device='cuda:0'), tensor(0.0382, device='cuda:0'), tensor(0.0461, device='cuda:0'), tensor(0.0431, device='cuda:0'), tensor(0.0332, device='cuda:0'), tensor(0.0451, device='cuda:0'), tensor(0.0345, device='cuda:0'), tensor(0.0346, device='cuda:0'), tensor(0.0414, device='cuda:0'), tensor(0.0434, device='cuda:0'), tensor(0.0341, device='cuda:0'), tensor(0.0336, device='cuda:0'), tensor(0.0485, device='cuda:0'), tensor(0.0346, device='cuda:0'), tensor(0.0435, device='cuda:0'), tensor(0.0513, device='cuda:0'), tensor(0.0326, device='cuda:0'), tensor(0.0347, device='cuda:0'), tensor(0.0357, device='cuda:0'), tensor(0.0359, device='cuda:0'), tensor(0.0410, device='cuda:0'), tensor(0.0416, device='cuda:0'), tensor(0.0303, device='cuda:0'), tensor(0.0388, device='cuda:0'), tensor(0.0366, device='cuda:0'), tensor(0.0370, device='cuda:0'), tensor(0.0375, device='cuda:0'), tensor(0.0387, device='cuda:0'), tensor(0.0449, device='cuda:0'), tensor(0.0374, device='cuda:0'), tensor(0.0414, device='cuda:0'), tensor(0.0363, device='cuda:0'), tensor(0.0360, device='cuda:0'), tensor(0.0414, device='cuda:0'), tensor(0.0394, device='cuda:0'), tensor(0.0347, device='cuda:0'), tensor(0.0352, device='cuda:0'), tensor(0.0285, device='cuda:0'), tensor(0.0504, device='cuda:0'), tensor(0.0607, device='cuda:0'), tensor(0.0337, device='cuda:0'), tensor(0.0326, device='cuda:0'), tensor(0.0441, device='cuda:0'), tensor(0.0594, device='cuda:0'), tensor(0.0499, device='cuda:0'), tensor(0.0350, device='cuda:0'), tensor(0.0352, device='cuda:0'), tensor(0.0502, device='cuda:0'), tensor(0.0396, device='cuda:0'), tensor(0.0394, device='cuda:0'), tensor(0.0356, device='cuda:0'), tensor(0.0350, device='cuda:0'), tensor(0.0429, device='cuda:0'), tensor(0.0421, device='cuda:0'), tensor(0.0414, device='cuda:0'), tensor(0.0586, device='cuda:0'), tensor(0.0557, device='cuda:0'), tensor(0.0373, device='cuda:0'), tensor(0.0416, device='cuda:0'), tensor(0.0354, device='cuda:0'), tensor(0.0369, device='cuda:0'), tensor(0.0381, device='cuda:0'), tensor(0.0352, device='cuda:0'), tensor(0.0338, device='cuda:0'), tensor(0.0345, device='cuda:0'), tensor(0.0381, device='cuda:0'), tensor(0.0317, device='cuda:0'), tensor(0.0367, device='cuda:0'), tensor(0.0337, device='cuda:0'), tensor(0.0381, device='cuda:0'), tensor(0.0442, device='cuda:0'), tensor(0.0338, device='cuda:0'), tensor(0.0496, device='cuda:0'), tensor(0.0511, device='cuda:0'), tensor(0.0523, device='cuda:0'), tensor(0.0289, device='cuda:0'), tensor(0.0617, device='cuda:0'), tensor(0.0367, device='cuda:0'), tensor(0.0381, device='cuda:0'), tensor(0.0373, device='cuda:0'), tensor(0.0375, device='cuda:0'), tensor(0.0438, device='cuda:0'), tensor(0.0521, device='cuda:0'), tensor(0.0465, device='cuda:0'), tensor(0.0398, device='cuda:0'), tensor(0.0370, device='cuda:0'), tensor(0.0399, device='cuda:0'), tensor(0.0452, device='cuda:0')]"
26,"[tensor(0.0295, device='cuda:0'), tensor(0.0709, device='cuda:0'), tensor(0.0316, device='cuda:0'), tensor(0.0279, device='cuda:0'), tensor(0.0443, device='cuda:0'), tensor(0.0333, device='cuda:0'), tensor(0.0279, device='cuda:0'), tensor(0.0302, device='cuda:0'), tensor(0.0418, device='cuda:0'), tensor(0.0318, device='cuda:0'), tensor(0.0395, device='cuda:0'), tensor(0.0331, device='cuda:0'), tensor(0.0630, device='cuda:0'), tensor(0.0422, device='cuda:0'), tensor(0.0406, device='cuda:0'), tensor(0.0467, device='cuda:0'), tensor(0.0360, device='cuda:0'), tensor(0.1281, device='cuda:0'), tensor(0.0431, device='cuda:0'), tensor(0.0350, device='cuda:0'), tensor(0.0682, device='cuda:0'), tensor(0.0504, device='cuda:0'), tensor(0.0358, device='cuda:0'), tensor(0.0510, device='cuda:0'), tensor(0.0488, device='cuda:0'), tensor(0.0309, device='cuda:0'), tensor(0.0480, device='cuda:0'), tensor(0.0377, device='cuda:0'), tensor(0.0390, device='cuda:0'), tensor(0.0354, device='cuda:0'), tensor(0.0509, device='cuda:0'), tensor(0.0450, device='cuda:0'), tensor(0.0696, device='cuda:0'), tensor(0.0642, device='cuda:0'), tensor(0.1279, device='cuda:0'), tensor(0.0355, device='cuda:0'), tensor(0.0412, device='cuda:0'), tensor(0.0357, device='cuda:0'), tensor(0.0660, device='cuda:0'), tensor(0.0290, device='cuda:0'), tensor(0.0697, device='cuda:0'), tensor(0.0492, device='cuda:0'), tensor(0.0331, device='cuda:0'), tensor(0.0496, device='cuda:0'), tensor(0.0524, device='cuda:0'), tensor(0.0778, device='cuda:0'), tensor(0.0451, device='cuda:0'), tensor(0.0579, device='cuda:0'), tensor(0.0362, device='cuda:0'), tensor(0.0467, device='cuda:0'), tensor(0.0430, device='cuda:0'), tensor(0.0535, device='cuda:0'), tensor(0.0638, device='cuda:0'), tensor(0.0409, device='cuda:0'), tensor(0.0351, device='cuda:0'), tensor(0.0340, device='cuda:0'), tensor(0.0479, device='cuda:0'), tensor(0.0316, device='cuda:0'), tensor(0.0363, device='cuda:0'), tensor(0.0396, device='cuda:0'), tensor(0.0416, device='cuda:0'), tensor(0.0439, device='cuda:0'), tensor(0.0372, device='cuda:0'), tensor(0.0462, device='cuda:0'), tensor(0.0396, device='cuda:0'), tensor(0.0349, device='cuda:0'), tensor(0.0349, device='cuda:0'), tensor(0.0468, device='cuda:0'), tensor(0.0765, device='cuda:0'), tensor(0.0770, device='cuda:0'), tensor(0.0455, device='cuda:0'), tensor(0.0361, device='cuda:0'), tensor(0.0356, device='cuda:0'), tensor(0.0355, device='cuda:0'), tensor(0.0522, device='cuda:0'), tensor(0.0698, device='cuda:0'), tensor(0.0361, device='cuda:0'), tensor(0.0432, device='cuda:0'), tensor(0.0444, device='cuda:0'), tensor(0.0480, device='cuda:0'), tensor(0.0425, device='cuda:0'), tensor(0.0483, device='cuda:0'), tensor(0.0488, device='cuda:0'), tensor(0.0490, device='cuda:0'), tensor(0.0416, device='cuda:0'), tensor(0.0438, device='cuda:0'), tensor(0.0479, device='cuda:0'), tensor(0.0415, device='cuda:0'), tensor(0.0546, device='cuda:0'), tensor(0.0304, device='cuda:0'), tensor(0.0339, device='cuda:0'), tensor(0.0525, device='cuda:0'), tensor(0.0654, device='cuda:0'), tensor(0.0364, device='cuda:0'), tensor(0.0447, device='cuda:0'), tensor(0.0586, device='cuda:0'), tensor(0.0570, device='cuda:0'), tensor(0.0440, device='cuda:0'), tensor(0.0571, device='cuda:0'), tensor(0.0424, device='cuda:0'), tensor(0.0607, device='cuda:0'), tensor(0.0401, device='cuda:0'), tensor(0.0389, device='cuda:0'), tensor(0.0723, device='cuda:0'), tensor(0.0475, device='cuda:0'), tensor(0.0380, device='cuda:0'), tensor(0.0421, device='cuda:0'), tensor(0.0376, device='cuda:0'), tensor(0.0615, device='cuda:0'), tensor(0.0494, device='cuda:0'), tensor(0.0342, device='cuda:0'), tensor(0.0532, device='cuda:0'), tensor(0.0383, device='cuda:0'), tensor(0.0382, device='cuda:0'), tensor(0.0453, device='cuda:0'), tensor(0.0441, device='cuda:0'), tensor(0.0601, device='cuda:0'), tensor(0.0420, device='cuda:0'), tensor(0.0418, device='cuda:0'), tensor(0.0556, device='cuda:0'), tensor(0.0538, device='cuda:0'), tensor(0.0464, device='cuda:0')]"
27,"[tensor(0.1553, device='cuda:0'), tensor(0.0307, device='cuda:0'), tensor(0.0369, device='cuda:0'), tensor(0.0276, device='cuda:0'), tensor(0.0357, device='cuda:0'), tensor(0.0377, device='cuda:0'), tensor(0.0277, device='cuda:0'), tensor(0.0503, device='cuda:0'), tensor(0.0466, device='cuda:0'), tensor(0.0465, device='cuda:0'), tensor(0.0395, device='cuda:0'), tensor(0.0541, device='cuda:0'), tensor(0.0313, device='cuda:0'), tensor(0.0659, device='cuda:0'), tensor(0.0367, device='cuda:0'), tensor(0.0375, device='cuda:0'), tensor(0.0538, device='cuda:0'), tensor(0.0312, device='cuda:0'), tensor(0.0348, device='cuda:0'), tensor(0.0368, device='cuda:0'), tensor(0.0358, device='cuda:0'), tensor(0.0323, device='cuda:0'), tensor(0.0537, device='cuda:0'), tensor(0.0347, device='cuda:0'), tensor(0.0421, device='cuda:0'), tensor(0.0325, device='cuda:0'), tensor(0.0657, device='cuda:0'), tensor(0.0509, device='cuda:0'), tensor(0.0484, device='cuda:0'), tensor(0.0373, device='cuda:0'), tensor(0.0313, device='cuda:0'), tensor(0.0494, device='cuda:0'), tensor(0.0418, device='cuda:0'), tensor(0.0389, device='cuda:0'), tensor(0.0298, device='cuda:0'), tensor(0.0380, device='cuda:0'), tensor(0.0411, device='cuda:0'), tensor(0.0332, device='cuda:0'), tensor(0.0310, device='cuda:0'), tensor(0.0476, device='cuda:0'), tensor(0.0332, device='cuda:0'), tensor(0.0345, device='cuda:0'), tensor(0.0475, device='cuda:0'), tensor(0.0440, device='cuda:0'), tensor(0.0370, device='cuda:0'), tensor(0.0362, device='cuda:0'), tensor(0.0409, device='cuda:0'), tensor(0.0353, device='cuda:0'), tensor(0.0412, device='cuda:0'), tensor(0.0443, device='cuda:0'), tensor(0.0378, device='cuda:0'), tensor(0.0349, device='cuda:0'), tensor(0.0360, device='cuda:0'), tensor(0.0347, device='cuda:0'), tensor(0.0442, device='cuda:0'), tensor(0.0433, device='cuda:0'), tensor(0.0320, device='cuda:0'), tensor(0.0411, device='cuda:0'), tensor(0.0471, device='cuda:0'), tensor(0.0390, device='cuda:0'), tensor(0.0392, device='cuda:0'), tensor(0.0445, device='cuda:0'), tensor(0.0514, device='cuda:0'), tensor(0.0340, device='cuda:0'), tensor(0.0495, device='cuda:0'), tensor(0.0390, device='cuda:0'), tensor(0.0490, device='cuda:0'), tensor(0.0462, device='cuda:0'), tensor(0.0373, device='cuda:0'), tensor(0.0334, device='cuda:0'), tensor(0.0365, device='cuda:0'), tensor(0.0300, device='cuda:0'), tensor(0.0567, device='cuda:0'), tensor(0.0520, device='cuda:0'), tensor(0.0345, device='cuda:0'), tensor(0.0322, device='cuda:0'), tensor(0.0438, device='cuda:0'), tensor(0.0319, device='cuda:0'), tensor(0.0364, device='cuda:0'), tensor(0.0372, device='cuda:0'), tensor(0.0309, device='cuda:0'), tensor(0.0407, device='cuda:0'), tensor(0.0352, device='cuda:0'), tensor(0.0440, device='cuda:0'), tensor(0.0328, device='cuda:0'), tensor(0.0413, device='cuda:0'), tensor(0.0455, device='cuda:0'), tensor(0.0406, device='cuda:0'), tensor(0.0403, device='cuda:0'), tensor(0.0442, device='cuda:0'), tensor(0.0576, device='cuda:0'), tensor(0.0341, device='cuda:0'), tensor(0.0398, device='cuda:0'), tensor(0.0348, device='cuda:0'), tensor(0.0333, device='cuda:0'), tensor(0.0316, device='cuda:0'), tensor(0.0410, device='cuda:0'), tensor(0.0320, device='cuda:0'), tensor(0.0336, device='cuda:0'), tensor(0.0325, device='cuda:0'), tensor(0.0353, device='cuda:0'), tensor(0.0398, device='cuda:0'), tensor(0.0318, device='cuda:0'), tensor(0.0443, device='cuda:0'), tensor(0.0500, device='cuda:0'), tensor(0.0396, device='cuda:0'), tensor(0.0339, device='cuda:0'), tensor(0.0410, device='cuda:0'), tensor(0.0374, device='cuda:0'), tensor(0.0275, device='cuda:0'), tensor(0.0570, device='cuda:0'), tensor(0.0344, device='cuda:0'), tensor(0.0337, device='cuda:0'), tensor(0.0374, device='cuda:0'), tensor(0.0460, device='cuda:0'), tensor(0.0597, device='cuda:0'), tensor(0.0338, device='cuda:0'), tensor(0.0469, device='cuda:0'), tensor(0.0361, device='cuda:0'), tensor(0.0371, device='cuda:0'), tensor(0.0510, device='cuda:0'), tensor(0.0510, device='cuda:0')]"
28,"[tensor(0.0293, device='cuda:0'), tensor(0.0932, device='cuda:0'), tensor(0.0500, device='cuda:0'), tensor(0.0282, device='cuda:0'), tensor(0.0491, device='cuda:0'), tensor(0.0344, device='cuda:0'), tensor(0.0287, device='cuda:0'), tensor(0.0300, device='cuda:0'), tensor(0.0420, device='cuda:0'), tensor(0.0309, device='cuda:0'), tensor(0.0339, device='cuda:0'), tensor(0.0338, device='cuda:0'), tensor(0.0694, device='cuda:0'), tensor(0.0322, device='cuda:0'), tensor(0.0584, device='cuda:0'), tensor(0.0406, device='cuda:0'), tensor(0.0360, device='cuda:0'), tensor(0.1332, device='cuda:0'), tensor(0.0482, device='cuda:0'), tensor(0.0341, device='cuda:0'), tensor(0.0624, device='cuda:0'), tensor(0.0582, device='cuda:0'), tensor(0.0436, device='cuda:0'), tensor(0.0440, device='cuda:0'), tensor(0.0612, device='cuda:0'), tensor(0.0313, device='cuda:0'), tensor(0.0445, device='cuda:0'), tensor(0.0447, device='cuda:0'), tensor(0.0387, device='cuda:0'), tensor(0.0382, device='cuda:0'), tensor(0.0610, device='cuda:0'), tensor(0.0346, device='cuda:0'), tensor(0.0469, device='cuda:0'), tensor(0.0498, device='cuda:0'), tensor(0.1367, device='cuda:0'), tensor(0.0414, device='cuda:0'), tensor(0.0446, device='cuda:0'), tensor(0.0356, device='cuda:0'), tensor(0.1015, device='cuda:0'), tensor(0.0354, device='cuda:0'), tensor(0.0920, device='cuda:0'), tensor(0.0536, device='cuda:0'), tensor(0.0338, device='cuda:0'), tensor(0.0558, device='cuda:0'), tensor(0.0474, device='cuda:0'), tensor(0.0878, device='cuda:0'), tensor(0.0484, device='cuda:0'), tensor(0.0584, device='cuda:0'), tensor(0.0356, device='cuda:0'), tensor(0.0557, device='cuda:0'), tensor(0.0468, device='cuda:0'), tensor(0.0619, device='cuda:0'), tensor(0.0627, device='cuda:0'), tensor(0.0403, device='cuda:0'), tensor(0.0334, device='cuda:0'), tensor(0.0338, device='cuda:0'), tensor(0.0511, device='cuda:0'), tensor(0.0306, device='cuda:0'), tensor(0.0458, device='cuda:0'), tensor(0.0362, device='cuda:0'), tensor(0.0429, device='cuda:0'), tensor(0.0414, device='cuda:0'), tensor(0.0446, device='cuda:0'), tensor(0.0579, device='cuda:0'), tensor(0.0346, device='cuda:0'), tensor(0.0321, device='cuda:0'), tensor(0.0338, device='cuda:0'), tensor(0.0560, device='cuda:0'), tensor(0.0653, device='cuda:0'), tensor(0.0693, device='cuda:0'), tensor(0.0401, device='cuda:0'), tensor(0.0338, device='cuda:0'), tensor(0.0350, device='cuda:0'), tensor(0.0391, device='cuda:0'), tensor(0.0616, device='cuda:0'), tensor(0.0635, device='cuda:0'), tensor(0.0500, device='cuda:0'), tensor(0.0491, device='cuda:0'), tensor(0.0692, device='cuda:0'), tensor(0.0455, device='cuda:0'), tensor(0.0444, device='cuda:0'), tensor(0.0385, device='cuda:0'), tensor(0.0514, device='cuda:0'), tensor(0.0385, device='cuda:0'), tensor(0.0592, device='cuda:0'), tensor(0.0411, device='cuda:0'), tensor(0.0449, device='cuda:0'), tensor(0.0520, device='cuda:0'), tensor(0.0578, device='cuda:0'), tensor(0.0394, device='cuda:0'), tensor(0.0286, device='cuda:0'), tensor(0.0728, device='cuda:0'), tensor(0.0584, device='cuda:0'), tensor(0.0364, device='cuda:0'), tensor(0.0814, device='cuda:0'), tensor(0.0889, device='cuda:0'), tensor(0.0416, device='cuda:0'), tensor(0.0441, device='cuda:0'), tensor(0.0637, device='cuda:0'), tensor(0.0504, device='cuda:0'), tensor(0.0640, device='cuda:0'), tensor(0.0337, device='cuda:0'), tensor(0.0597, device='cuda:0'), tensor(0.0376, device='cuda:0'), tensor(0.0318, device='cuda:0'), tensor(0.0447, device='cuda:0'), tensor(0.0425, device='cuda:0'), tensor(0.0356, device='cuda:0'), tensor(0.0404, device='cuda:0'), tensor(0.0435, device='cuda:0'), tensor(0.0368, device='cuda:0'), tensor(0.0886, device='cuda:0'), tensor(0.0565, device='cuda:0'), tensor(0.0350, device='cuda:0'), tensor(0.0661, device='cuda:0'), tensor(0.0475, device='cuda:0'), tensor(0.0530, device='cuda:0'), tensor(0.0342, device='cuda:0'), tensor(0.0389, device='cuda:0'), tensor(0.0498, device='cuda:0'), tensor(0.0510, device='cuda:0'), tensor(0.0395, device='cuda:0')]"
29,"[tensor(0.1627, device='cuda:0'), tensor(0.0287, device='cuda:0'), tensor(0.0305, device='cuda:0'), tensor(0.0275, device='cuda:0'), tensor(0.0328, device='cuda:0'), tensor(0.0398, device='cuda:0'), tensor(0.0278, device='cuda:0'), tensor(0.0504, device='cuda:0'), tensor(0.0421, device='cuda:0'), tensor(0.0484, device='cuda:0'), tensor(0.0331, device='cuda:0'), tensor(0.0587, device='cuda:0'), tensor(0.0317, device='cuda:0'), tensor(0.0619, device='cuda:0'), tensor(0.0449, device='cuda:0'), tensor(0.0587, device='cuda:0'), tensor(0.0439, device='cuda:0'), tensor(0.0314, device='cuda:0'), tensor(0.0280, device='cuda:0'), tensor(0.0490, device='cuda:0'), tensor(0.0303, device='cuda:0'), tensor(0.0317, device='cuda:0'), tensor(0.0500, device='cuda:0'), tensor(0.0471, device='cuda:0'), tensor(0.0323, device='cuda:0'), tensor(0.0318, device='cuda:0'), tensor(0.0438, device='cuda:0'), tensor(0.0435, device='cuda:0'), tensor(0.0580, device='cuda:0'), tensor(0.0368, device='cuda:0'), tensor(0.0315, device='cuda:0'), tensor(0.0514, device='cuda:0'), tensor(0.0469, device='cuda:0'), tensor(0.0511, device='cuda:0'), tensor(0.0299, device='cuda:0'), tensor(0.0373, device='cuda:0'), tensor(0.0379, device='cuda:0'), tensor(0.0397, device='cuda:0'), tensor(0.0350, device='cuda:0'), tensor(0.0449, device='cuda:0'), tensor(0.0313, device='cuda:0'), tensor(0.0387, device='cuda:0'), tensor(0.0476, device='cuda:0'), tensor(0.0386, device='cuda:0'), tensor(0.0343, device='cuda:0'), tensor(0.0324, device='cuda:0'), tensor(0.0369, device='cuda:0'), tensor(0.0319, device='cuda:0'), tensor(0.0385, device='cuda:0'), tensor(0.0413, device='cuda:0'), tensor(0.0399, device='cuda:0'), tensor(0.0342, device='cuda:0'), tensor(0.0378, device='cuda:0'), tensor(0.0341, device='cuda:0'), tensor(0.0472, device='cuda:0'), tensor(0.0397, device='cuda:0'), tensor(0.0328, device='cuda:0'), tensor(0.0412, device='cuda:0'), tensor(0.0365, device='cuda:0'), tensor(0.0409, device='cuda:0'), tensor(0.0405, device='cuda:0'), tensor(0.0505, device='cuda:0'), tensor(0.0467, device='cuda:0'), tensor(0.0341, device='cuda:0'), tensor(0.0442, device='cuda:0'), tensor(0.0357, device='cuda:0'), tensor(0.0516, device='cuda:0'), tensor(0.0411, device='cuda:0'), tensor(0.0355, device='cuda:0'), tensor(0.0408, device='cuda:0'), tensor(0.0415, device='cuda:0'), tensor(0.0392, device='cuda:0'), tensor(0.0603, device='cuda:0'), tensor(0.0532, device='cuda:0'), tensor(0.0345, device='cuda:0'), tensor(0.0341, device='cuda:0'), tensor(0.0373, device='cuda:0'), tensor(0.0349, device='cuda:0'), tensor(0.0350, device='cuda:0'), tensor(0.0475, device='cuda:0'), tensor(0.0335, device='cuda:0'), tensor(0.0650, device='cuda:0'), tensor(0.0349, device='cuda:0'), tensor(0.0447, device='cuda:0'), tensor(0.0350, device='cuda:0'), tensor(0.0327, device='cuda:0'), tensor(0.0468, device='cuda:0'), tensor(0.0469, device='cuda:0'), tensor(0.0372, device='cuda:0'), tensor(0.0350, device='cuda:0'), tensor(0.0574, device='cuda:0'), tensor(0.0412, device='cuda:0'), tensor(0.0455, device='cuda:0'), tensor(0.0322, device='cuda:0'), tensor(0.0316, device='cuda:0'), tensor(0.0364, device='cuda:0'), tensor(0.0465, device='cuda:0'), tensor(0.0320, device='cuda:0'), tensor(0.0337, device='cuda:0'), tensor(0.0356, device='cuda:0'), tensor(0.0376, device='cuda:0'), tensor(0.0546, device='cuda:0'), tensor(0.0352, device='cuda:0'), tensor(0.0460, device='cuda:0'), tensor(0.0509, device='cuda:0'), tensor(0.0361, device='cuda:0'), tensor(0.0603, device='cuda:0'), tensor(0.0444, device='cuda:0'), tensor(0.0454, device='cuda:0'), tensor(0.0320, device='cuda:0'), tensor(0.0595, device='cuda:0'), tensor(0.0320, device='cuda:0'), tensor(0.0335, device='cuda:0'), tensor(0.0372, device='cuda:0'), tensor(0.0529, device='cuda:0'), tensor(0.0526, device='cuda:0'), tensor(0.0476, device='cuda:0'), tensor(0.0520, device='cuda:0'), tensor(0.0357, device='cuda:0'), tensor(0.0351, device='cuda:0'), tensor(0.0335, device='cuda:0'), tensor(0.0506, device='cuda:0')]"
30,"[tensor(0.0301, device='cuda:0'), tensor(0.1019, device='cuda:0'), tensor(0.0551, device='cuda:0'), tensor(0.0286, device='cuda:0'), tensor(0.0437, device='cuda:0'), tensor(0.0320, device='cuda:0'), tensor(0.0281, device='cuda:0'), tensor(0.0306, device='cuda:0'), tensor(0.0630, device='cuda:0'), tensor(0.0333, device='cuda:0'), tensor(0.0381, device='cuda:0'), tensor(0.0343, device='cuda:0'), tensor(0.0648, device='cuda:0'), tensor(0.0389, device='cuda:0'), tensor(0.0493, device='cuda:0'), tensor(0.0446, device='cuda:0'), tensor(0.0326, device='cuda:0'), tensor(0.1569, device='cuda:0'), tensor(0.0452, device='cuda:0'), tensor(0.0336, device='cuda:0'), tensor(0.0800, device='cuda:0'), tensor(0.0470, device='cuda:0'), tensor(0.0536, device='cuda:0'), tensor(0.0498, device='cuda:0'), tensor(0.0732, device='cuda:0'), tensor(0.0299, device='cuda:0'), tensor(0.0435, device='cuda:0'), tensor(0.0659, device='cuda:0'), tensor(0.0369, device='cuda:0'), tensor(0.0350, device='cuda:0'), tensor(0.0702, device='cuda:0'), tensor(0.0432, device='cuda:0'), tensor(0.0614, device='cuda:0'), tensor(0.0446, device='cuda:0'), tensor(0.1589, device='cuda:0'), tensor(0.0389, device='cuda:0'), tensor(0.0488, device='cuda:0'), tensor(0.0355, device='cuda:0'), tensor(0.1382, device='cuda:0'), tensor(0.0344, device='cuda:0'), tensor(0.0883, device='cuda:0'), tensor(0.0501, device='cuda:0'), tensor(0.0363, device='cuda:0'), tensor(0.0548, device='cuda:0'), tensor(0.0424, device='cuda:0'), tensor(0.1227, device='cuda:0'), tensor(0.0542, device='cuda:0'), tensor(0.0574, device='cuda:0'), tensor(0.0381, device='cuda:0'), tensor(0.0510, device='cuda:0'), tensor(0.0422, device='cuda:0'), tensor(0.0492, device='cuda:0'), tensor(0.0742, device='cuda:0'), tensor(0.0409, device='cuda:0'), tensor(0.0354, device='cuda:0'), tensor(0.0344, device='cuda:0'), tensor(0.0491, device='cuda:0'), tensor(0.0332, device='cuda:0'), tensor(0.0563, device='cuda:0'), tensor(0.0365, device='cuda:0'), tensor(0.0373, device='cuda:0'), tensor(0.0595, device='cuda:0'), tensor(0.0407, device='cuda:0'), tensor(0.0506, device='cuda:0'), tensor(0.0346, device='cuda:0'), tensor(0.0325, device='cuda:0'), tensor(0.0414, device='cuda:0'), tensor(0.0539, device='cuda:0'), tensor(0.0760, device='cuda:0'), tensor(0.0815, device='cuda:0'), tensor(0.0384, device='cuda:0'), tensor(0.0292, device='cuda:0'), tensor(0.0390, device='cuda:0'), tensor(0.0372, device='cuda:0'), tensor(0.0775, device='cuda:0'), tensor(0.0794, device='cuda:0'), tensor(0.0513, device='cuda:0'), tensor(0.0523, device='cuda:0'), tensor(0.0559, device='cuda:0'), tensor(0.0499, device='cuda:0'), tensor(0.0526, device='cuda:0'), tensor(0.0394, device='cuda:0'), tensor(0.0474, device='cuda:0'), tensor(0.0489, device='cuda:0'), tensor(0.0488, device='cuda:0'), tensor(0.0461, device='cuda:0'), tensor(0.0574, device='cuda:0'), tensor(0.0495, device='cuda:0'), tensor(0.0599, device='cuda:0'), tensor(0.0465, device='cuda:0'), tensor(0.0291, device='cuda:0'), tensor(0.0655, device='cuda:0'), tensor(0.0451, device='cuda:0'), tensor(0.0361, device='cuda:0'), tensor(0.0811, device='cuda:0'), tensor(0.0597, device='cuda:0'), tensor(0.0407, device='cuda:0'), tensor(0.0559, device='cuda:0'), tensor(0.0548, device='cuda:0'), tensor(0.0554, device='cuda:0'), tensor(0.0508, device='cuda:0'), tensor(0.0408, device='cuda:0'), tensor(0.0497, device='cuda:0'), tensor(0.0434, device='cuda:0'), tensor(0.0365, device='cuda:0'), tensor(0.0411, device='cuda:0'), tensor(0.0377, device='cuda:0'), tensor(0.0339, device='cuda:0'), tensor(0.0388, device='cuda:0'), tensor(0.0532, device='cuda:0'), tensor(0.0333, device='cuda:0'), tensor(0.0619, device='cuda:0'), tensor(0.0506, device='cuda:0'), tensor(0.0380, device='cuda:0'), tensor(0.0517, device='cuda:0'), tensor(0.0455, device='cuda:0'), tensor(0.0445, device='cuda:0'), tensor(0.0331, device='cuda:0'), tensor(0.0374, device='cuda:0'), tensor(0.0619, device='cuda:0'), tensor(0.0477, device='cuda:0'), tensor(0.0398, device='cuda:0')]"
31,"[tensor(0.1450, device='cuda:0'), tensor(0.0328, device='cuda:0'), tensor(0.0333, device='cuda:0'), tensor(0.0283, device='cuda:0'), tensor(0.0463, device='cuda:0'), tensor(0.0415, device='cuda:0'), tensor(0.0283, device='cuda:0'), tensor(0.0521, device='cuda:0'), tensor(0.0428, device='cuda:0'), tensor(0.0491, device='cuda:0'), tensor(0.0402, device='cuda:0'), tensor(0.0496, device='cuda:0'), tensor(0.0291, device='cuda:0'), tensor(0.0586, device='cuda:0'), tensor(0.0434, device='cuda:0'), tensor(0.0685, device='cuda:0'), tensor(0.0408, device='cuda:0'), tensor(0.0319, device='cuda:0'), tensor(0.0316, device='cuda:0'), tensor(0.0422, device='cuda:0'), tensor(0.0322, device='cuda:0'), tensor(0.0334, device='cuda:0'), tensor(0.0492, device='cuda:0'), tensor(0.0318, device='cuda:0'), tensor(0.0368, device='cuda:0'), tensor(0.0321, device='cuda:0'), tensor(0.0429, device='cuda:0'), tensor(0.0490, device='cuda:0'), tensor(0.0518, device='cuda:0'), tensor(0.0341, device='cuda:0'), tensor(0.0308, device='cuda:0'), tensor(0.0467, device='cuda:0'), tensor(0.0526, device='cuda:0'), tensor(0.0474, device='cuda:0'), tensor(0.0308, device='cuda:0'), tensor(0.0610, device='cuda:0'), tensor(0.0383, device='cuda:0'), tensor(0.0439, device='cuda:0'), tensor(0.0314, device='cuda:0'), tensor(0.0467, device='cuda:0'), tensor(0.0355, device='cuda:0'), tensor(0.0313, device='cuda:0'), tensor(0.0496, device='cuda:0'), tensor(0.0421, device='cuda:0'), tensor(0.0352, device='cuda:0'), tensor(0.0377, device='cuda:0'), tensor(0.0428, device='cuda:0'), tensor(0.0354, device='cuda:0'), tensor(0.0382, device='cuda:0'), tensor(0.0465, device='cuda:0'), tensor(0.0440, device='cuda:0'), tensor(0.0331, device='cuda:0'), tensor(0.0387, device='cuda:0'), tensor(0.0356, device='cuda:0'), tensor(0.0500, device='cuda:0'), tensor(0.0467, device='cuda:0'), tensor(0.0354, device='cuda:0'), tensor(0.0425, device='cuda:0'), tensor(0.0407, device='cuda:0'), tensor(0.0405, device='cuda:0'), tensor(0.0395, device='cuda:0'), tensor(0.0411, device='cuda:0'), tensor(0.0576, device='cuda:0'), tensor(0.0316, device='cuda:0'), tensor(0.0448, device='cuda:0'), tensor(0.0340, device='cuda:0'), tensor(0.0366, device='cuda:0'), tensor(0.0469, device='cuda:0'), tensor(0.0334, device='cuda:0'), tensor(0.0325, device='cuda:0'), tensor(0.0578, device='cuda:0'), tensor(0.0527, device='cuda:0'), tensor(0.0649, device='cuda:0'), tensor(0.0654, device='cuda:0'), tensor(0.0335, device='cuda:0'), tensor(0.0335, device='cuda:0'), tensor(0.0437, device='cuda:0'), tensor(0.0310, device='cuda:0'), tensor(0.0369, device='cuda:0'), tensor(0.0330, device='cuda:0'), tensor(0.0319, device='cuda:0'), tensor(0.0383, device='cuda:0'), tensor(0.0438, device='cuda:0'), tensor(0.0513, device='cuda:0'), tensor(0.0341, device='cuda:0'), tensor(0.0337, device='cuda:0'), tensor(0.0413, device='cuda:0'), tensor(0.0421, device='cuda:0'), tensor(0.0428, device='cuda:0'), tensor(0.0370, device='cuda:0'), tensor(0.0617, device='cuda:0'), tensor(0.0332, device='cuda:0'), tensor(0.0434, device='cuda:0'), tensor(0.0327, device='cuda:0'), tensor(0.0364, device='cuda:0'), tensor(0.0357, device='cuda:0'), tensor(0.0496, device='cuda:0'), tensor(0.0349, device='cuda:0'), tensor(0.0375, device='cuda:0'), tensor(0.0304, device='cuda:0'), tensor(0.0373, device='cuda:0'), tensor(0.0394, device='cuda:0'), tensor(0.0312, device='cuda:0'), tensor(0.0423, device='cuda:0'), tensor(0.0623, device='cuda:0'), tensor(0.0459, device='cuda:0'), tensor(0.0394, device='cuda:0'), tensor(0.0425, device='cuda:0'), tensor(0.0449, device='cuda:0'), tensor(0.0347, device='cuda:0'), tensor(0.0517, device='cuda:0'), tensor(0.0298, device='cuda:0'), tensor(0.0394, device='cuda:0'), tensor(0.0331, device='cuda:0'), tensor(0.0443, device='cuda:0'), tensor(0.0669, device='cuda:0'), tensor(0.0576, device='cuda:0'), tensor(0.0349, device='cuda:0'), tensor(0.0393, device='cuda:0'), tensor(0.0330, device='cuda:0'), tensor(0.0504, device='cuda:0'), tensor(0.0454, device='cuda:0')]"
32,"[tensor(0.0298, device='cuda:0'), tensor(0.1012, device='cuda:0'), tensor(0.0632, device='cuda:0'), tensor(0.0285, device='cuda:0'), tensor(0.0356, device='cuda:0'), tensor(0.0366, device='cuda:0'), tensor(0.0284, device='cuda:0'), tensor(0.0307, device='cuda:0'), tensor(0.0402, device='cuda:0'), tensor(0.0337, device='cuda:0'), tensor(0.0416, device='cuda:0'), tensor(0.0351, device='cuda:0'), tensor(0.0832, device='cuda:0'), tensor(0.0395, device='cuda:0'), tensor(0.0449, device='cuda:0'), tensor(0.0370, device='cuda:0'), tensor(0.0318, device='cuda:0'), tensor(0.1555, device='cuda:0'), tensor(0.0331, device='cuda:0'), tensor(0.0298, device='cuda:0'), tensor(0.0649, device='cuda:0'), tensor(0.0658, device='cuda:0'), tensor(0.0531, device='cuda:0'), tensor(0.0620, device='cuda:0'), tensor(0.0590, device='cuda:0'), tensor(0.0305, device='cuda:0'), tensor(0.0311, device='cuda:0'), tensor(0.0548, device='cuda:0'), tensor(0.0467, device='cuda:0'), tensor(0.0360, device='cuda:0'), tensor(0.0544, device='cuda:0'), tensor(0.0399, device='cuda:0'), tensor(0.0514, device='cuda:0'), tensor(0.0478, device='cuda:0'), tensor(0.1586, device='cuda:0'), tensor(0.0356, device='cuda:0'), tensor(0.0430, device='cuda:0'), tensor(0.0337, device='cuda:0'), tensor(0.0830, device='cuda:0'), tensor(0.0301, device='cuda:0'), tensor(0.0760, device='cuda:0'), tensor(0.0532, device='cuda:0'), tensor(0.0368, device='cuda:0'), tensor(0.0596, device='cuda:0'), tensor(0.0589, device='cuda:0'), tensor(0.0676, device='cuda:0'), tensor(0.0614, device='cuda:0'), tensor(0.0554, device='cuda:0'), tensor(0.0399, device='cuda:0'), tensor(0.0477, device='cuda:0'), tensor(0.0525, device='cuda:0'), tensor(0.0761, device='cuda:0'), tensor(0.0592, device='cuda:0'), tensor(0.0422, device='cuda:0'), tensor(0.0312, device='cuda:0'), tensor(0.0316, device='cuda:0'), tensor(0.0517, device='cuda:0'), tensor(0.0333, device='cuda:0'), tensor(0.0713, device='cuda:0'), tensor(0.0360, device='cuda:0'), tensor(0.0371, device='cuda:0'), tensor(0.0495, device='cuda:0'), tensor(0.0722, device='cuda:0'), tensor(0.0491, device='cuda:0'), tensor(0.0334, device='cuda:0'), tensor(0.0324, device='cuda:0'), tensor(0.0377, device='cuda:0'), tensor(0.0515, device='cuda:0'), tensor(0.0744, device='cuda:0'), tensor(0.0685, device='cuda:0'), tensor(0.0438, device='cuda:0'), tensor(0.0298, device='cuda:0'), tensor(0.0420, device='cuda:0'), tensor(0.0358, device='cuda:0'), tensor(0.0633, device='cuda:0'), tensor(0.0535, device='cuda:0'), tensor(0.0481, device='cuda:0'), tensor(0.0535, device='cuda:0'), tensor(0.0450, device='cuda:0'), tensor(0.0518, device='cuda:0'), tensor(0.0446, device='cuda:0'), tensor(0.0436, device='cuda:0'), tensor(0.0572, device='cuda:0'), tensor(0.0395, device='cuda:0'), tensor(0.0528, device='cuda:0'), tensor(0.0517, device='cuda:0'), tensor(0.0542, device='cuda:0'), tensor(0.0364, device='cuda:0'), tensor(0.1073, device='cuda:0'), tensor(0.0386, device='cuda:0'), tensor(0.0320, device='cuda:0'), tensor(0.0868, device='cuda:0'), tensor(0.0433, device='cuda:0'), tensor(0.0391, device='cuda:0'), tensor(0.0619, device='cuda:0'), tensor(0.0870, device='cuda:0'), tensor(0.0427, device='cuda:0'), tensor(0.0517, device='cuda:0'), tensor(0.0513, device='cuda:0'), tensor(0.0437, device='cuda:0'), tensor(0.0503, device='cuda:0'), tensor(0.0332, device='cuda:0'), tensor(0.0530, device='cuda:0'), tensor(0.0443, device='cuda:0'), tensor(0.0355, device='cuda:0'), tensor(0.0388, device='cuda:0'), tensor(0.0490, device='cuda:0'), tensor(0.0380, device='cuda:0'), tensor(0.0432, device='cuda:0'), tensor(0.0372, device='cuda:0'), tensor(0.0360, device='cuda:0'), tensor(0.0810, device='cuda:0'), tensor(0.0509, device='cuda:0'), tensor(0.0389, device='cuda:0'), tensor(0.0780, device='cuda:0'), tensor(0.0567, device='cuda:0'), tensor(0.0452, device='cuda:0'), tensor(0.0558, device='cuda:0'), tensor(0.0337, device='cuda:0'), tensor(0.0528, device='cuda:0'), tensor(0.0370, device='cuda:0'), tensor(0.0433, device='cuda:0')]"
33,"[tensor(0.1815, device='cuda:0'), tensor(0.0277, device='cuda:0'), tensor(0.0296, device='cuda:0'), tensor(0.0274, device='cuda:0'), tensor(0.0456, device='cuda:0'), tensor(0.0321, device='cuda:0'), tensor(0.0279, device='cuda:0'), tensor(0.0486, device='cuda:0'), tensor(0.0524, device='cuda:0'), tensor(0.0481, device='cuda:0'), tensor(0.0366, device='cuda:0'), tensor(0.0510, device='cuda:0'), tensor(0.0332, device='cuda:0'), tensor(0.0522, device='cuda:0'), tensor(0.0541, device='cuda:0'), tensor(0.0565, device='cuda:0'), tensor(0.0429, device='cuda:0'), tensor(0.0327, device='cuda:0'), tensor(0.0363, device='cuda:0'), tensor(0.0566, device='cuda:0'), tensor(0.0342, device='cuda:0'), tensor(0.0298, device='cuda:0'), tensor(0.0535, device='cuda:0'), tensor(0.0455, device='cuda:0'), tensor(0.0344, device='cuda:0'), tensor(0.0303, device='cuda:0'), tensor(0.0465, device='cuda:0'), tensor(0.0541, device='cuda:0'), tensor(0.0607, device='cuda:0'), tensor(0.0312, device='cuda:0'), tensor(0.0306, device='cuda:0'), tensor(0.0553, device='cuda:0'), tensor(0.0492, device='cuda:0'), tensor(0.0543, device='cuda:0'), tensor(0.0307, device='cuda:0'), tensor(0.0411, device='cuda:0'), tensor(0.0593, device='cuda:0'), tensor(0.0401, device='cuda:0'), tensor(0.0321, device='cuda:0'), tensor(0.0449, device='cuda:0'), tensor(0.0349, device='cuda:0'), tensor(0.0373, device='cuda:0'), tensor(0.0619, device='cuda:0'), tensor(0.0420, device='cuda:0'), tensor(0.0324, device='cuda:0'), tensor(0.0314, device='cuda:0'), tensor(0.0337, device='cuda:0'), tensor(0.0313, device='cuda:0'), tensor(0.0386, device='cuda:0'), tensor(0.0526, device='cuda:0'), tensor(0.0391, device='cuda:0'), tensor(0.0324, device='cuda:0'), tensor(0.0397, device='cuda:0'), tensor(0.0340, device='cuda:0'), tensor(0.0560, device='cuda:0'), tensor(0.0426, device='cuda:0'), tensor(0.0365, device='cuda:0'), tensor(0.0443, device='cuda:0'), tensor(0.0355, device='cuda:0'), tensor(0.0427, device='cuda:0'), tensor(0.0416, device='cuda:0'), tensor(0.0326, device='cuda:0'), tensor(0.0553, device='cuda:0'), tensor(0.0350, device='cuda:0'), tensor(0.0451, device='cuda:0'), tensor(0.0359, device='cuda:0'), tensor(0.0411, device='cuda:0'), tensor(0.0445, device='cuda:0'), tensor(0.0350, device='cuda:0'), tensor(0.0339, device='cuda:0'), tensor(0.0583, device='cuda:0'), tensor(0.0368, device='cuda:0'), tensor(0.0515, device='cuda:0'), tensor(0.0565, device='cuda:0'), tensor(0.0331, device='cuda:0'), tensor(0.0325, device='cuda:0'), tensor(0.0397, device='cuda:0'), tensor(0.0329, device='cuda:0'), tensor(0.0459, device='cuda:0'), tensor(0.0347, device='cuda:0'), tensor(0.0306, device='cuda:0'), tensor(0.0426, device='cuda:0'), tensor(0.0356, device='cuda:0'), tensor(0.0479, device='cuda:0'), tensor(0.0330, device='cuda:0'), tensor(0.0370, device='cuda:0'), tensor(0.0420, device='cuda:0'), tensor(0.0538, device='cuda:0'), tensor(0.0344, device='cuda:0'), tensor(0.0380, device='cuda:0'), tensor(0.0492, device='cuda:0'), tensor(0.0423, device='cuda:0'), tensor(0.0471, device='cuda:0'), tensor(0.0299, device='cuda:0'), tensor(0.0315, device='cuda:0'), tensor(0.0329, device='cuda:0'), tensor(0.0598, device='cuda:0'), tensor(0.0316, device='cuda:0'), tensor(0.0370, device='cuda:0'), tensor(0.0380, device='cuda:0'), tensor(0.0368, device='cuda:0'), tensor(0.0516, device='cuda:0'), tensor(0.0324, device='cuda:0'), tensor(0.0475, device='cuda:0'), tensor(0.0515, device='cuda:0'), tensor(0.0407, device='cuda:0'), tensor(0.0535, device='cuda:0'), tensor(0.0439, device='cuda:0'), tensor(0.0389, device='cuda:0'), tensor(0.0411, device='cuda:0'), tensor(0.0412, device='cuda:0'), tensor(0.0322, device='cuda:0'), tensor(0.0441, device='cuda:0'), tensor(0.0361, device='cuda:0'), tensor(0.0355, device='cuda:0'), tensor(0.0934, device='cuda:0'), tensor(0.0544, device='cuda:0'), tensor(0.0414, device='cuda:0'), tensor(0.0377, device='cuda:0'), tensor(0.0326, device='cuda:0'), tensor(0.0498, device='cuda:0'), tensor(0.0537, device='cuda:0')]"
34,"[tensor(0.0307, device='cuda:0'), tensor(0.1391, device='cuda:0'), tensor(0.0506, device='cuda:0'), tensor(0.0285, device='cuda:0'), tensor(0.0456, device='cuda:0'), tensor(0.0412, device='cuda:0'), tensor(0.0282, device='cuda:0'), tensor(0.0297, device='cuda:0'), tensor(0.0536, device='cuda:0'), tensor(0.0329, device='cuda:0'), tensor(0.0338, device='cuda:0'), tensor(0.0301, device='cuda:0'), tensor(0.0676, device='cuda:0'), tensor(0.0423, device='cuda:0'), tensor(0.0377, device='cuda:0'), tensor(0.0380, device='cuda:0'), tensor(0.0359, device='cuda:0'), tensor(0.1861, device='cuda:0'), tensor(0.0416, device='cuda:0'), tensor(0.0328, device='cuda:0'), tensor(0.0905, device='cuda:0'), tensor(0.0659, device='cuda:0'), tensor(0.0368, device='cuda:0'), tensor(0.0459, device='cuda:0'), tensor(0.0661, device='cuda:0'), tensor(0.0291, device='cuda:0'), tensor(0.0390, device='cuda:0'), tensor(0.0512, device='cuda:0'), tensor(0.0413, device='cuda:0'), tensor(0.0329, device='cuda:0'), tensor(0.0677, device='cuda:0'), tensor(0.0376, device='cuda:0'), tensor(0.0532, device='cuda:0'), tensor(0.0660, device='cuda:0'), tensor(0.1710, device='cuda:0'), tensor(0.0612, device='cuda:0'), tensor(0.0320, device='cuda:0'), tensor(0.0307, device='cuda:0'), tensor(0.1058, device='cuda:0'), tensor(0.0311, device='cuda:0'), tensor(0.0765, device='cuda:0'), tensor(0.0611, device='cuda:0'), tensor(0.0399, device='cuda:0'), tensor(0.0686, device='cuda:0'), tensor(0.0528, device='cuda:0'), tensor(0.0980, device='cuda:0'), tensor(0.0600, device='cuda:0'), tensor(0.0544, device='cuda:0'), tensor(0.0413, device='cuda:0'), tensor(0.0421, device='cuda:0'), tensor(0.0416, device='cuda:0'), tensor(0.0716, device='cuda:0'), tensor(0.0751, device='cuda:0'), tensor(0.0404, device='cuda:0'), tensor(0.0372, device='cuda:0'), tensor(0.0319, device='cuda:0'), tensor(0.0452, device='cuda:0'), tensor(0.0349, device='cuda:0'), tensor(0.0475, device='cuda:0'), tensor(0.0354, device='cuda:0'), tensor(0.0367, device='cuda:0'), tensor(0.0500, device='cuda:0'), tensor(0.0380, device='cuda:0'), tensor(0.0471, device='cuda:0'), tensor(0.0332, device='cuda:0'), tensor(0.0345, device='cuda:0'), tensor(0.0343, device='cuda:0'), tensor(0.0572, device='cuda:0'), tensor(0.0703, device='cuda:0'), tensor(0.0669, device='cuda:0'), tensor(0.0490, device='cuda:0'), tensor(0.0310, device='cuda:0'), tensor(0.0469, device='cuda:0'), tensor(0.0343, device='cuda:0'), tensor(0.0523, device='cuda:0'), tensor(0.0740, device='cuda:0'), tensor(0.0481, device='cuda:0'), tensor(0.0671, device='cuda:0'), tensor(0.0460, device='cuda:0'), tensor(0.0570, device='cuda:0'), tensor(0.0695, device='cuda:0'), tensor(0.0363, device='cuda:0'), tensor(0.0536, device='cuda:0'), tensor(0.0523, device='cuda:0'), tensor(0.0507, device='cuda:0'), tensor(0.0446, device='cuda:0'), tensor(0.0494, device='cuda:0'), tensor(0.0356, device='cuda:0'), tensor(0.1036, device='cuda:0'), tensor(0.0387, device='cuda:0'), tensor(0.0340, device='cuda:0'), tensor(0.0628, device='cuda:0'), tensor(0.0491, device='cuda:0'), tensor(0.0359, device='cuda:0'), tensor(0.0948, device='cuda:0'), tensor(0.0899, device='cuda:0'), tensor(0.0426, device='cuda:0'), tensor(0.0498, device='cuda:0'), tensor(0.0519, device='cuda:0'), tensor(0.0576, device='cuda:0'), tensor(0.0519, device='cuda:0'), tensor(0.0368, device='cuda:0'), tensor(0.0624, device='cuda:0'), tensor(0.0431, device='cuda:0'), tensor(0.0608, device='cuda:0'), tensor(0.0480, device='cuda:0'), tensor(0.0413, device='cuda:0'), tensor(0.0369, device='cuda:0'), tensor(0.0485, device='cuda:0'), tensor(0.0387, device='cuda:0'), tensor(0.0333, device='cuda:0'), tensor(0.0640, device='cuda:0'), tensor(0.0641, device='cuda:0'), tensor(0.0465, device='cuda:0'), tensor(0.0762, device='cuda:0'), tensor(0.0625, device='cuda:0'), tensor(0.0434, device='cuda:0'), tensor(0.0337, device='cuda:0'), tensor(0.0381, device='cuda:0'), tensor(0.0540, device='cuda:0'), tensor(0.0714, device='cuda:0'), tensor(0.0377, device='cuda:0')]"
35,"[tensor(0.2000, device='cuda:0'), tensor(0.0298, device='cuda:0'), tensor(0.0372, device='cuda:0'), tensor(0.0277, device='cuda:0'), tensor(0.0333, device='cuda:0'), tensor(0.0449, device='cuda:0'), tensor(0.0284, device='cuda:0'), tensor(0.0462, device='cuda:0'), tensor(0.0353, device='cuda:0'), tensor(0.0477, device='cuda:0'), tensor(0.0315, device='cuda:0'), tensor(0.0565, device='cuda:0'), tensor(0.0321, device='cuda:0'), tensor(0.0801, device='cuda:0'), tensor(0.0486, device='cuda:0'), tensor(0.0502, device='cuda:0'), tensor(0.0580, device='cuda:0'), tensor(0.0317, device='cuda:0'), tensor(0.0324, device='cuda:0'), tensor(0.0397, device='cuda:0'), tensor(0.0312, device='cuda:0'), tensor(0.0338, device='cuda:0'), tensor(0.0413, device='cuda:0'), tensor(0.0512, device='cuda:0'), tensor(0.0352, device='cuda:0'), tensor(0.0306, device='cuda:0'), tensor(0.0416, device='cuda:0'), tensor(0.0477, device='cuda:0'), tensor(0.0496, device='cuda:0'), tensor(0.0393, device='cuda:0'), tensor(0.0332, device='cuda:0'), tensor(0.0584, device='cuda:0'), tensor(0.0503, device='cuda:0'), tensor(0.0351, device='cuda:0'), tensor(0.0319, device='cuda:0'), tensor(0.0541, device='cuda:0'), tensor(0.0653, device='cuda:0'), tensor(0.0369, device='cuda:0'), tensor(0.0333, device='cuda:0'), tensor(0.0443, device='cuda:0'), tensor(0.0354, device='cuda:0'), tensor(0.0365, device='cuda:0'), tensor(0.0496, device='cuda:0'), tensor(0.0429, device='cuda:0'), tensor(0.0474, device='cuda:0'), tensor(0.0334, device='cuda:0'), tensor(0.0477, device='cuda:0'), tensor(0.0313, device='cuda:0'), tensor(0.0403, device='cuda:0'), tensor(0.0523, device='cuda:0'), tensor(0.0455, device='cuda:0'), tensor(0.0309, device='cuda:0'), tensor(0.0402, device='cuda:0'), tensor(0.0361, device='cuda:0'), tensor(0.0500, device='cuda:0'), tensor(0.0482, device='cuda:0'), tensor(0.0390, device='cuda:0'), tensor(0.0447, device='cuda:0'), tensor(0.0536, device='cuda:0'), tensor(0.0491, device='cuda:0'), tensor(0.0467, device='cuda:0'), tensor(0.0457, device='cuda:0'), tensor(0.0616, device='cuda:0'), tensor(0.0337, device='cuda:0'), tensor(0.0486, device='cuda:0'), tensor(0.0322, device='cuda:0'), tensor(0.0423, device='cuda:0'), tensor(0.0406, device='cuda:0'), tensor(0.0351, device='cuda:0'), tensor(0.0342, device='cuda:0'), tensor(0.0445, device='cuda:0'), tensor(0.0369, device='cuda:0'), tensor(0.0484, device='cuda:0'), tensor(0.0563, device='cuda:0'), tensor(0.0351, device='cuda:0'), tensor(0.0352, device='cuda:0'), tensor(0.0403, device='cuda:0'), tensor(0.0306, device='cuda:0'), tensor(0.0403, device='cuda:0'), tensor(0.0324, device='cuda:0'), tensor(0.0300, device='cuda:0'), tensor(0.0563, device='cuda:0'), tensor(0.0388, device='cuda:0'), tensor(0.0416, device='cuda:0'), tensor(0.0319, device='cuda:0'), tensor(0.0349, device='cuda:0'), tensor(0.0502, device='cuda:0'), tensor(0.0426, device='cuda:0'), tensor(0.0395, device='cuda:0'), tensor(0.0382, device='cuda:0'), tensor(0.0494, device='cuda:0'), tensor(0.0372, device='cuda:0'), tensor(0.0443, device='cuda:0'), tensor(0.0361, device='cuda:0'), tensor(0.0362, device='cuda:0'), tensor(0.0371, device='cuda:0'), tensor(0.0554, device='cuda:0'), tensor(0.0296, device='cuda:0'), tensor(0.0389, device='cuda:0'), tensor(0.0371, device='cuda:0'), tensor(0.0355, device='cuda:0'), tensor(0.0374, device='cuda:0'), tensor(0.0315, device='cuda:0'), tensor(0.0463, device='cuda:0'), tensor(0.0583, device='cuda:0'), tensor(0.0480, device='cuda:0'), tensor(0.0728, device='cuda:0'), tensor(0.0438, device='cuda:0'), tensor(0.0395, device='cuda:0'), tensor(0.0470, device='cuda:0'), tensor(0.0585, device='cuda:0'), tensor(0.0316, device='cuda:0'), tensor(0.0355, device='cuda:0'), tensor(0.0438, device='cuda:0'), tensor(0.0480, device='cuda:0'), tensor(0.0473, device='cuda:0'), tensor(0.0768, device='cuda:0'), tensor(0.0480, device='cuda:0'), tensor(0.0490, device='cuda:0'), tensor(0.0352, device='cuda:0'), tensor(0.0479, device='cuda:0'), tensor(0.0457, device='cuda:0')]"
36,"[tensor(0.0301, device='cuda:0'), tensor(0.0880, device='cuda:0'), tensor(0.0569, device='cuda:0'), tensor(0.0285, device='cuda:0'), tensor(0.0404, device='cuda:0'), tensor(0.0310, device='cuda:0'), tensor(0.0290, device='cuda:0'), tensor(0.0299, device='cuda:0'), tensor(0.0527, device='cuda:0'), tensor(0.0341, device='cuda:0'), tensor(0.0336, device='cuda:0'), tensor(0.0393, device='cuda:0'), tensor(0.0884, device='cuda:0'), tensor(0.0404, device='cuda:0'), tensor(0.0432, device='cuda:0'), tensor(0.0409, device='cuda:0'), tensor(0.0327, device='cuda:0'), tensor(0.2089, device='cuda:0'), tensor(0.0519, device='cuda:0'), tensor(0.0356, device='cuda:0'), tensor(0.1021, device='cuda:0'), tensor(0.0622, device='cuda:0'), tensor(0.0568, device='cuda:0'), tensor(0.0393, device='cuda:0'), tensor(0.0694, device='cuda:0'), tensor(0.0297, device='cuda:0'), tensor(0.0321, device='cuda:0'), tensor(0.0428, device='cuda:0'), tensor(0.0423, device='cuda:0'), tensor(0.0338, device='cuda:0'), tensor(0.0429, device='cuda:0'), tensor(0.0413, device='cuda:0'), tensor(0.0525, device='cuda:0'), tensor(0.0464, device='cuda:0'), tensor(0.1904, device='cuda:0'), tensor(0.0414, device='cuda:0'), tensor(0.0320, device='cuda:0'), tensor(0.0531, device='cuda:0'), tensor(0.1081, device='cuda:0'), tensor(0.0286, device='cuda:0'), tensor(0.0813, device='cuda:0'), tensor(0.0546, device='cuda:0'), tensor(0.0385, device='cuda:0'), tensor(0.0558, device='cuda:0'), tensor(0.0505, device='cuda:0'), tensor(0.0724, device='cuda:0'), tensor(0.0436, device='cuda:0'), tensor(0.0527, device='cuda:0'), tensor(0.0400, device='cuda:0'), tensor(0.0378, device='cuda:0'), tensor(0.0662, device='cuda:0'), tensor(0.0747, device='cuda:0'), tensor(0.0706, device='cuda:0'), tensor(0.0465, device='cuda:0'), tensor(0.0450, device='cuda:0'), tensor(0.0318, device='cuda:0'), tensor(0.0570, device='cuda:0'), tensor(0.0389, device='cuda:0'), tensor(0.0382, device='cuda:0'), tensor(0.0342, device='cuda:0'), tensor(0.0383, device='cuda:0'), tensor(0.0417, device='cuda:0'), tensor(0.0424, device='cuda:0'), tensor(0.0592, device='cuda:0'), tensor(0.0337, device='cuda:0'), tensor(0.0318, device='cuda:0'), tensor(0.0428, device='cuda:0'), tensor(0.0520, device='cuda:0'), tensor(0.0789, device='cuda:0'), tensor(0.1005, device='cuda:0'), tensor(0.0514, device='cuda:0'), tensor(0.0303, device='cuda:0'), tensor(0.0442, device='cuda:0'), tensor(0.0352, device='cuda:0'), tensor(0.0784, device='cuda:0'), tensor(0.0608, device='cuda:0'), tensor(0.0513, device='cuda:0'), tensor(0.0506, device='cuda:0'), tensor(0.0419, device='cuda:0'), tensor(0.0586, device='cuda:0'), tensor(0.0566, device='cuda:0'), tensor(0.0482, device='cuda:0'), tensor(0.0502, device='cuda:0'), tensor(0.0387, device='cuda:0'), tensor(0.0496, device='cuda:0'), tensor(0.0486, device='cuda:0'), tensor(0.0575, device='cuda:0'), tensor(0.0446, device='cuda:0'), tensor(0.0885, device='cuda:0'), tensor(0.0386, device='cuda:0'), tensor(0.0337, device='cuda:0'), tensor(0.1056, device='cuda:0'), tensor(0.0496, device='cuda:0'), tensor(0.0415, device='cuda:0'), tensor(0.0662, device='cuda:0'), tensor(0.0707, device='cuda:0'), tensor(0.0525, device='cuda:0'), tensor(0.0750, device='cuda:0'), tensor(0.0515, device='cuda:0'), tensor(0.0523, device='cuda:0'), tensor(0.0506, device='cuda:0'), tensor(0.0419, device='cuda:0'), tensor(0.0600, device='cuda:0'), tensor(0.0549, device='cuda:0'), tensor(0.0400, device='cuda:0'), tensor(0.0426, device='cuda:0'), tensor(0.0394, device='cuda:0'), tensor(0.0403, device='cuda:0'), tensor(0.0542, device='cuda:0'), tensor(0.0667, device='cuda:0'), tensor(0.0375, device='cuda:0'), tensor(0.0879, device='cuda:0'), tensor(0.0691, device='cuda:0'), tensor(0.0389, device='cuda:0'), tensor(0.0471, device='cuda:0'), tensor(0.0482, device='cuda:0'), tensor(0.0440, device='cuda:0'), tensor(0.0486, device='cuda:0'), tensor(0.0357, device='cuda:0'), tensor(0.0501, device='cuda:0'), tensor(0.0517, device='cuda:0'), tensor(0.0521, device='cuda:0')]"
37,"[tensor(0.2155, device='cuda:0'), tensor(0.0296, device='cuda:0'), tensor(0.0399, device='cuda:0'), tensor(0.0274, device='cuda:0'), tensor(0.0420, device='cuda:0'), tensor(0.0417, device='cuda:0'), tensor(0.0282, device='cuda:0'), tensor(0.0490, device='cuda:0'), tensor(0.0415, device='cuda:0'), tensor(0.0466, device='cuda:0'), tensor(0.0420, device='cuda:0'), tensor(0.0454, device='cuda:0'), tensor(0.0286, device='cuda:0'), tensor(0.0526, device='cuda:0'), tensor(0.0448, device='cuda:0'), tensor(0.0484, device='cuda:0'), tensor(0.0443, device='cuda:0'), tensor(0.0326, device='cuda:0'), tensor(0.0298, device='cuda:0'), tensor(0.0374, device='cuda:0'), tensor(0.0337, device='cuda:0'), tensor(0.0322, device='cuda:0'), tensor(0.0436, device='cuda:0'), tensor(0.0500, device='cuda:0'), tensor(0.0374, device='cuda:0'), tensor(0.0320, device='cuda:0'), tensor(0.0585, device='cuda:0'), tensor(0.0551, device='cuda:0'), tensor(0.0485, device='cuda:0'), tensor(0.0386, device='cuda:0'), tensor(0.0321, device='cuda:0'), tensor(0.0597, device='cuda:0'), tensor(0.0463, device='cuda:0'), tensor(0.0398, device='cuda:0'), tensor(0.0306, device='cuda:0'), tensor(0.0619, device='cuda:0'), tensor(0.0476, device='cuda:0'), tensor(0.0397, device='cuda:0'), tensor(0.0349, device='cuda:0'), tensor(0.0657, device='cuda:0'), tensor(0.0345, device='cuda:0'), tensor(0.0449, device='cuda:0'), tensor(0.0485, device='cuda:0'), tensor(0.0453, device='cuda:0'), tensor(0.0384, device='cuda:0'), tensor(0.0298, device='cuda:0'), tensor(0.0420, device='cuda:0'), tensor(0.0318, device='cuda:0'), tensor(0.0442, device='cuda:0'), tensor(0.0525, device='cuda:0'), tensor(0.0396, device='cuda:0'), tensor(0.0316, device='cuda:0'), tensor(0.0331, device='cuda:0'), tensor(0.0343, device='cuda:0'), tensor(0.0402, device='cuda:0'), tensor(0.0514, device='cuda:0'), tensor(0.0329, device='cuda:0'), tensor(0.0450, device='cuda:0'), tensor(0.0551, device='cuda:0'), tensor(0.0533, device='cuda:0'), tensor(0.0520, device='cuda:0'), tensor(0.0378, device='cuda:0'), tensor(0.0390, device='cuda:0'), tensor(0.0309, device='cuda:0'), tensor(0.0479, device='cuda:0'), tensor(0.0328, device='cuda:0'), tensor(0.0445, device='cuda:0'), tensor(0.0409, device='cuda:0'), tensor(0.0325, device='cuda:0'), tensor(0.0352, device='cuda:0'), tensor(0.0494, device='cuda:0'), tensor(0.0389, device='cuda:0'), tensor(0.0636, device='cuda:0'), tensor(0.0533, device='cuda:0'), tensor(0.0342, device='cuda:0'), tensor(0.0336, device='cuda:0'), tensor(0.0426, device='cuda:0'), tensor(0.0312, device='cuda:0'), tensor(0.0590, device='cuda:0'), tensor(0.0340, device='cuda:0'), tensor(0.0329, device='cuda:0'), tensor(0.0333, device='cuda:0'), tensor(0.0436, device='cuda:0'), tensor(0.0484, device='cuda:0'), tensor(0.0348, device='cuda:0'), tensor(0.0324, device='cuda:0'), tensor(0.0471, device='cuda:0'), tensor(0.0378, device='cuda:0'), tensor(0.0453, device='cuda:0'), tensor(0.0361, device='cuda:0'), tensor(0.0451, device='cuda:0'), tensor(0.0357, device='cuda:0'), tensor(0.0384, device='cuda:0'), tensor(0.0310, device='cuda:0'), tensor(0.0383, device='cuda:0'), tensor(0.0321, device='cuda:0'), tensor(0.0731, device='cuda:0'), tensor(0.0331, device='cuda:0'), tensor(0.0414, device='cuda:0'), tensor(0.0339, device='cuda:0'), tensor(0.0348, device='cuda:0'), tensor(0.0386, device='cuda:0'), tensor(0.0353, device='cuda:0'), tensor(0.0429, device='cuda:0'), tensor(0.0872, device='cuda:0'), tensor(0.0417, device='cuda:0'), tensor(0.0541, device='cuda:0'), tensor(0.0485, device='cuda:0'), tensor(0.0390, device='cuda:0'), tensor(0.0344, device='cuda:0'), tensor(0.0682, device='cuda:0'), tensor(0.0340, device='cuda:0'), tensor(0.0505, device='cuda:0'), tensor(0.0377, device='cuda:0'), tensor(0.0749, device='cuda:0'), tensor(0.0689, device='cuda:0'), tensor(0.0656, device='cuda:0'), tensor(0.0320, device='cuda:0'), tensor(0.0496, device='cuda:0'), tensor(0.0317, device='cuda:0'), tensor(0.0539, device='cuda:0'), tensor(0.0548, device='cuda:0')]"
38,"[tensor(0.0300, device='cuda:0'), tensor(0.1520, device='cuda:0'), tensor(0.0621, device='cuda:0'), tensor(0.0283, device='cuda:0'), tensor(0.0493, device='cuda:0'), tensor(0.0304, device='cuda:0'), tensor(0.0285, device='cuda:0'), tensor(0.0309, device='cuda:0'), tensor(0.0602, device='cuda:0'), tensor(0.0334, device='cuda:0'), tensor(0.0384, device='cuda:0'), tensor(0.0374, device='cuda:0'), tensor(0.1146, device='cuda:0'), tensor(0.0506, device='cuda:0'), tensor(0.0549, device='cuda:0'), tensor(0.0367, device='cuda:0'), tensor(0.0373, device='cuda:0'), tensor(0.2394, device='cuda:0'), tensor(0.0506, device='cuda:0'), tensor(0.0422, device='cuda:0'), tensor(0.0831, device='cuda:0'), tensor(0.0762, device='cuda:0'), tensor(0.0529, device='cuda:0'), tensor(0.0602, device='cuda:0'), tensor(0.0581, device='cuda:0'), tensor(0.0293, device='cuda:0'), tensor(0.0552, device='cuda:0'), tensor(0.0356, device='cuda:0'), tensor(0.0369, device='cuda:0'), tensor(0.0348, device='cuda:0'), tensor(0.0771, device='cuda:0'), tensor(0.0385, device='cuda:0'), tensor(0.0666, device='cuda:0'), tensor(0.0630, device='cuda:0'), tensor(0.2250, device='cuda:0'), tensor(0.0465, device='cuda:0'), tensor(0.0373, device='cuda:0'), tensor(0.0395, device='cuda:0'), tensor(0.1008, device='cuda:0'), tensor(0.0313, device='cuda:0'), tensor(0.1108, device='cuda:0'), tensor(0.0391, device='cuda:0'), tensor(0.0369, device='cuda:0'), tensor(0.0429, device='cuda:0'), tensor(0.0496, device='cuda:0'), tensor(0.1201, device='cuda:0'), tensor(0.0598, device='cuda:0'), tensor(0.0599, device='cuda:0'), tensor(0.0381, device='cuda:0'), tensor(0.0351, device='cuda:0'), tensor(0.0539, device='cuda:0'), tensor(0.0640, device='cuda:0'), tensor(0.0734, device='cuda:0'), tensor(0.0464, device='cuda:0'), tensor(0.0462, device='cuda:0'), tensor(0.0314, device='cuda:0'), tensor(0.0616, device='cuda:0'), tensor(0.0377, device='cuda:0'), tensor(0.0580, device='cuda:0'), tensor(0.0347, device='cuda:0'), tensor(0.0378, device='cuda:0'), tensor(0.0430, device='cuda:0'), tensor(0.0472, device='cuda:0'), tensor(0.0579, device='cuda:0'), tensor(0.0349, device='cuda:0'), tensor(0.0387, device='cuda:0'), tensor(0.0433, device='cuda:0'), tensor(0.0544, device='cuda:0'), tensor(0.0814, device='cuda:0'), tensor(0.0691, device='cuda:0'), tensor(0.0563, device='cuda:0'), tensor(0.0301, device='cuda:0'), tensor(0.0465, device='cuda:0'), tensor(0.0341, device='cuda:0'), tensor(0.0600, device='cuda:0'), tensor(0.0896, device='cuda:0'), tensor(0.0490, device='cuda:0'), tensor(0.0614, device='cuda:0'), tensor(0.0370, device='cuda:0'), tensor(0.0597, device='cuda:0'), tensor(0.0901, device='cuda:0'), tensor(0.0459, device='cuda:0'), tensor(0.0530, device='cuda:0'), tensor(0.0507, device='cuda:0'), tensor(0.0492, device='cuda:0'), tensor(0.0569, device='cuda:0'), tensor(0.0512, device='cuda:0'), tensor(0.0439, device='cuda:0'), tensor(0.0626, device='cuda:0'), tensor(0.0393, device='cuda:0'), tensor(0.0343, device='cuda:0'), tensor(0.0743, device='cuda:0'), tensor(0.0653, device='cuda:0'), tensor(0.0432, device='cuda:0'), tensor(0.0674, device='cuda:0'), tensor(0.1112, device='cuda:0'), tensor(0.0376, device='cuda:0'), tensor(0.0552, device='cuda:0'), tensor(0.0508, device='cuda:0'), tensor(0.0544, device='cuda:0'), tensor(0.0543, device='cuda:0'), tensor(0.0370, device='cuda:0'), tensor(0.0734, device='cuda:0'), tensor(0.0419, device='cuda:0'), tensor(0.0362, device='cuda:0'), tensor(0.0477, device='cuda:0'), tensor(0.0451, device='cuda:0'), tensor(0.0334, device='cuda:0'), tensor(0.0644, device='cuda:0'), tensor(0.0525, device='cuda:0'), tensor(0.0392, device='cuda:0'), tensor(0.0726, device='cuda:0'), tensor(0.0675, device='cuda:0'), tensor(0.0453, device='cuda:0'), tensor(0.0558, device='cuda:0'), tensor(0.0625, device='cuda:0'), tensor(0.0569, device='cuda:0'), tensor(0.0599, device='cuda:0'), tensor(0.0370, device='cuda:0'), tensor(0.0737, device='cuda:0'), tensor(0.0409, device='cuda:0'), tensor(0.0397, device='cuda:0')]"
39,"[tensor(0.2425, device='cuda:0'), tensor(0.0263, device='cuda:0'), tensor(0.0356, device='cuda:0'), tensor(0.0277, device='cuda:0'), tensor(0.0378, device='cuda:0'), tensor(0.0388, device='cuda:0'), tensor(0.0282, device='cuda:0'), tensor(0.0513, device='cuda:0'), tensor(0.0531, device='cuda:0'), tensor(0.0471, device='cuda:0'), tensor(0.0357, device='cuda:0'), tensor(0.0486, device='cuda:0'), tensor(0.0320, device='cuda:0'), tensor(0.0814, device='cuda:0'), tensor(0.0640, device='cuda:0'), tensor(0.0497, device='cuda:0'), tensor(0.0700, device='cuda:0'), tensor(0.0325, device='cuda:0'), tensor(0.0479, device='cuda:0'), tensor(0.0409, device='cuda:0'), tensor(0.0325, device='cuda:0'), tensor(0.0342, device='cuda:0'), tensor(0.0459, device='cuda:0'), tensor(0.0424, device='cuda:0'), tensor(0.0379, device='cuda:0'), tensor(0.0319, device='cuda:0'), tensor(0.0357, device='cuda:0'), tensor(0.0652, device='cuda:0'), tensor(0.0579, device='cuda:0'), tensor(0.0685, device='cuda:0'), tensor(0.0318, device='cuda:0'), tensor(0.0680, device='cuda:0'), tensor(0.0597, device='cuda:0'), tensor(0.0466, device='cuda:0'), tensor(0.0299, device='cuda:0'), tensor(0.0706, device='cuda:0'), tensor(0.0425, device='cuda:0'), tensor(0.0321, device='cuda:0'), tensor(0.0336, device='cuda:0'), tensor(0.0361, device='cuda:0'), tensor(0.0375, device='cuda:0'), tensor(0.0400, device='cuda:0'), tensor(0.0468, device='cuda:0'), tensor(0.0446, device='cuda:0'), tensor(0.0583, device='cuda:0'), tensor(0.0370, device='cuda:0'), tensor(0.0404, device='cuda:0'), tensor(0.0317, device='cuda:0'), tensor(0.0459, device='cuda:0'), tensor(0.0640, device='cuda:0'), tensor(0.0404, device='cuda:0'), tensor(0.0296, device='cuda:0'), tensor(0.0404, device='cuda:0'), tensor(0.0316, device='cuda:0'), tensor(0.0341, device='cuda:0'), tensor(0.0554, device='cuda:0'), tensor(0.0360, device='cuda:0'), tensor(0.0496, device='cuda:0'), tensor(0.0513, device='cuda:0'), tensor(0.0567, device='cuda:0'), tensor(0.0440, device='cuda:0'), tensor(0.0436, device='cuda:0'), tensor(0.0432, device='cuda:0'), tensor(0.0343, device='cuda:0'), tensor(0.0470, device='cuda:0'), tensor(0.0400, device='cuda:0'), tensor(0.0353, device='cuda:0'), tensor(0.0534, device='cuda:0'), tensor(0.0349, device='cuda:0'), tensor(0.0322, device='cuda:0'), tensor(0.0470, device='cuda:0'), tensor(0.0410, device='cuda:0'), tensor(0.0598, device='cuda:0'), tensor(0.0520, device='cuda:0'), tensor(0.0358, device='cuda:0'), tensor(0.0361, device='cuda:0'), tensor(0.0554, device='cuda:0'), tensor(0.0319, device='cuda:0'), tensor(0.0566, device='cuda:0'), tensor(0.0326, device='cuda:0'), tensor(0.0304, device='cuda:0'), tensor(0.0460, device='cuda:0'), tensor(0.0365, device='cuda:0'), tensor(0.0383, device='cuda:0'), tensor(0.0335, device='cuda:0'), tensor(0.0447, device='cuda:0'), tensor(0.0465, device='cuda:0'), tensor(0.0466, device='cuda:0'), tensor(0.0440, device='cuda:0'), tensor(0.0367, device='cuda:0'), tensor(0.0470, device='cuda:0'), tensor(0.0409, device='cuda:0'), tensor(0.0335, device='cuda:0'), tensor(0.0322, device='cuda:0'), tensor(0.0364, device='cuda:0'), tensor(0.0406, device='cuda:0'), tensor(0.0788, device='cuda:0'), tensor(0.0304, device='cuda:0'), tensor(0.0428, device='cuda:0'), tensor(0.0372, device='cuda:0'), tensor(0.0355, device='cuda:0'), tensor(0.0448, device='cuda:0'), tensor(0.0332, device='cuda:0'), tensor(0.0535, device='cuda:0'), tensor(0.0677, device='cuda:0'), tensor(0.0412, device='cuda:0'), tensor(0.0593, device='cuda:0'), tensor(0.0455, device='cuda:0'), tensor(0.0389, device='cuda:0'), tensor(0.0509, device='cuda:0'), tensor(0.0797, device='cuda:0'), tensor(0.0320, device='cuda:0'), tensor(0.0415, device='cuda:0'), tensor(0.0389, device='cuda:0'), tensor(0.0404, device='cuda:0'), tensor(0.0960, device='cuda:0'), tensor(0.0649, device='cuda:0'), tensor(0.0306, device='cuda:0'), tensor(0.0407, device='cuda:0'), tensor(0.0347, device='cuda:0'), tensor(0.0512, device='cuda:0'), tensor(0.0488, device='cuda:0')]"
40,"[tensor(0.0298, device='cuda:0'), tensor(0.1252, device='cuda:0'), tensor(0.0577, device='cuda:0'), tensor(0.0281, device='cuda:0'), tensor(0.0418, device='cuda:0'), tensor(0.0353, device='cuda:0'), tensor(0.0288, device='cuda:0'), tensor(0.0313, device='cuda:0'), tensor(0.0487, device='cuda:0'), tensor(0.0353, device='cuda:0'), tensor(0.0334, device='cuda:0'), tensor(0.0365, device='cuda:0'), tensor(0.0877, device='cuda:0'), tensor(0.0470, device='cuda:0'), tensor(0.0359, device='cuda:0'), tensor(0.0332, device='cuda:0'), tensor(0.0370, device='cuda:0'), tensor(0.2585, device='cuda:0'), tensor(0.0389, device='cuda:0'), tensor(0.0436, device='cuda:0'), tensor(0.1157, device='cuda:0'), tensor(0.0543, device='cuda:0'), tensor(0.0664, device='cuda:0'), tensor(0.0617, device='cuda:0'), tensor(0.0702, device='cuda:0'), tensor(0.0299, device='cuda:0'), tensor(0.0450, device='cuda:0'), tensor(0.0360, device='cuda:0'), tensor(0.0426, device='cuda:0'), tensor(0.0298, device='cuda:0'), tensor(0.0654, device='cuda:0'), tensor(0.0438, device='cuda:0'), tensor(0.0503, device='cuda:0'), tensor(0.0425, device='cuda:0'), tensor(0.2458, device='cuda:0'), tensor(0.0407, device='cuda:0'), tensor(0.0434, device='cuda:0'), tensor(0.0402, device='cuda:0'), tensor(0.1130, device='cuda:0'), tensor(0.0374, device='cuda:0'), tensor(0.0743, device='cuda:0'), tensor(0.0563, device='cuda:0'), tensor(0.0344, device='cuda:0'), tensor(0.0579, device='cuda:0'), tensor(0.0410, device='cuda:0'), tensor(0.0745, device='cuda:0'), tensor(0.0610, device='cuda:0'), tensor(0.0557, device='cuda:0'), tensor(0.0366, device='cuda:0'), tensor(0.0349, device='cuda:0'), tensor(0.0499, device='cuda:0'), tensor(0.0692, device='cuda:0'), tensor(0.0650, device='cuda:0'), tensor(0.0467, device='cuda:0'), tensor(0.0498, device='cuda:0'), tensor(0.0307, device='cuda:0'), tensor(0.0604, device='cuda:0'), tensor(0.0350, device='cuda:0'), tensor(0.0525, device='cuda:0'), tensor(0.0325, device='cuda:0'), tensor(0.0371, device='cuda:0'), tensor(0.0484, device='cuda:0'), tensor(0.0418, device='cuda:0'), tensor(0.0453, device='cuda:0'), tensor(0.0358, device='cuda:0'), tensor(0.0404, device='cuda:0'), tensor(0.0443, device='cuda:0'), tensor(0.0447, device='cuda:0'), tensor(0.0728, device='cuda:0'), tensor(0.1193, device='cuda:0'), tensor(0.0637, device='cuda:0'), tensor(0.0301, device='cuda:0'), tensor(0.0492, device='cuda:0'), tensor(0.0362, device='cuda:0'), tensor(0.0811, device='cuda:0'), tensor(0.0627, device='cuda:0'), tensor(0.0457, device='cuda:0'), tensor(0.0646, device='cuda:0'), tensor(0.0423, device='cuda:0'), tensor(0.0464, device='cuda:0'), tensor(0.0667, device='cuda:0'), tensor(0.0397, device='cuda:0'), tensor(0.0496, device='cuda:0'), tensor(0.0450, device='cuda:0'), tensor(0.0639, device='cuda:0'), tensor(0.0504, device='cuda:0'), tensor(0.0504, device='cuda:0'), tensor(0.0375, device='cuda:0'), tensor(0.0785, device='cuda:0'), tensor(0.0343, device='cuda:0'), tensor(0.0299, device='cuda:0'), tensor(0.0882, device='cuda:0'), tensor(0.0619, device='cuda:0'), tensor(0.0509, device='cuda:0'), tensor(0.0680, device='cuda:0'), tensor(0.0711, device='cuda:0'), tensor(0.0500, device='cuda:0'), tensor(0.0629, device='cuda:0'), tensor(0.0405, device='cuda:0'), tensor(0.0605, device='cuda:0'), tensor(0.0471, device='cuda:0'), tensor(0.0354, device='cuda:0'), tensor(0.0727, device='cuda:0'), tensor(0.0387, device='cuda:0'), tensor(0.0379, device='cuda:0'), tensor(0.0401, device='cuda:0'), tensor(0.0366, device='cuda:0'), tensor(0.0384, device='cuda:0'), tensor(0.0652, device='cuda:0'), tensor(0.0368, device='cuda:0'), tensor(0.0297, device='cuda:0'), tensor(0.1030, device='cuda:0'), tensor(0.0676, device='cuda:0'), tensor(0.0351, device='cuda:0'), tensor(0.0575, device='cuda:0'), tensor(0.0719, device='cuda:0'), tensor(0.0459, device='cuda:0'), tensor(0.0544, device='cuda:0'), tensor(0.0444, device='cuda:0'), tensor(0.0623, device='cuda:0'), tensor(0.0413, device='cuda:0'), tensor(0.0394, device='cuda:0')]"
41,"[tensor(0.2425, device='cuda:0'), tensor(0.0337, device='cuda:0'), tensor(0.0440, device='cuda:0'), tensor(0.0275, device='cuda:0'), tensor(0.0364, device='cuda:0'), tensor(0.0373, device='cuda:0'), tensor(0.0279, device='cuda:0'), tensor(0.0566, device='cuda:0'), tensor(0.0382, device='cuda:0'), tensor(0.0487, device='cuda:0'), tensor(0.0399, device='cuda:0'), tensor(0.0495, device='cuda:0'), tensor(0.0317, device='cuda:0'), tensor(0.0422, device='cuda:0'), tensor(0.0612, device='cuda:0'), tensor(0.0524, device='cuda:0'), tensor(0.0388, device='cuda:0'), tensor(0.0316, device='cuda:0'), tensor(0.0476, device='cuda:0'), tensor(0.0417, device='cuda:0'), tensor(0.0337, device='cuda:0'), tensor(0.0322, device='cuda:0'), tensor(0.0466, device='cuda:0'), tensor(0.0572, device='cuda:0'), tensor(0.0345, device='cuda:0'), tensor(0.0316, device='cuda:0'), tensor(0.0386, device='cuda:0'), tensor(0.0600, device='cuda:0'), tensor(0.0636, device='cuda:0'), tensor(0.0549, device='cuda:0'), tensor(0.0348, device='cuda:0'), tensor(0.0467, device='cuda:0'), tensor(0.0566, device='cuda:0'), tensor(0.0441, device='cuda:0'), tensor(0.0300, device='cuda:0'), tensor(0.0663, device='cuda:0'), tensor(0.0390, device='cuda:0'), tensor(0.0458, device='cuda:0'), tensor(0.0349, device='cuda:0'), tensor(0.0467, device='cuda:0'), tensor(0.0357, device='cuda:0'), tensor(0.0483, device='cuda:0'), tensor(0.0507, device='cuda:0'), tensor(0.0441, device='cuda:0'), tensor(0.0503, device='cuda:0'), tensor(0.0335, device='cuda:0'), tensor(0.0477, device='cuda:0'), tensor(0.0331, device='cuda:0'), tensor(0.0491, device='cuda:0'), tensor(0.0579, device='cuda:0'), tensor(0.0425, device='cuda:0'), tensor(0.0324, device='cuda:0'), tensor(0.0391, device='cuda:0'), tensor(0.0338, device='cuda:0'), tensor(0.0326, device='cuda:0'), tensor(0.0584, device='cuda:0'), tensor(0.0379, device='cuda:0'), tensor(0.0492, device='cuda:0'), tensor(0.0523, device='cuda:0'), tensor(0.0604, device='cuda:0'), tensor(0.0430, device='cuda:0'), tensor(0.0353, device='cuda:0'), tensor(0.0465, device='cuda:0'), tensor(0.0329, device='cuda:0'), tensor(0.0466, device='cuda:0'), tensor(0.0453, device='cuda:0'), tensor(0.0411, device='cuda:0'), tensor(0.0608, device='cuda:0'), tensor(0.0350, device='cuda:0'), tensor(0.0335, device='cuda:0'), tensor(0.0433, device='cuda:0'), tensor(0.0516, device='cuda:0'), tensor(0.0538, device='cuda:0'), tensor(0.0481, device='cuda:0'), tensor(0.0347, device='cuda:0'), tensor(0.0345, device='cuda:0'), tensor(0.0428, device='cuda:0'), tensor(0.0317, device='cuda:0'), tensor(0.0397, device='cuda:0'), tensor(0.0391, device='cuda:0'), tensor(0.0311, device='cuda:0'), tensor(0.0369, device='cuda:0'), tensor(0.0389, device='cuda:0'), tensor(0.0432, device='cuda:0'), tensor(0.0362, device='cuda:0'), tensor(0.0383, device='cuda:0'), tensor(0.0563, device='cuda:0'), tensor(0.0450, device='cuda:0'), tensor(0.0421, device='cuda:0'), tensor(0.0389, device='cuda:0'), tensor(0.0479, device='cuda:0'), tensor(0.0338, device='cuda:0'), tensor(0.0425, device='cuda:0'), tensor(0.0350, device='cuda:0'), tensor(0.0365, device='cuda:0'), tensor(0.0332, device='cuda:0'), tensor(0.0585, device='cuda:0'), tensor(0.0323, device='cuda:0'), tensor(0.0568, device='cuda:0'), tensor(0.0338, device='cuda:0'), tensor(0.0352, device='cuda:0'), tensor(0.0450, device='cuda:0'), tensor(0.0365, device='cuda:0'), tensor(0.0491, device='cuda:0'), tensor(0.0798, device='cuda:0'), tensor(0.0438, device='cuda:0'), tensor(0.0593, device='cuda:0'), tensor(0.0492, device='cuda:0'), tensor(0.0395, device='cuda:0'), tensor(0.0331, device='cuda:0'), tensor(0.0641, device='cuda:0'), tensor(0.0314, device='cuda:0'), tensor(0.0388, device='cuda:0'), tensor(0.0380, device='cuda:0'), tensor(0.0443, device='cuda:0'), tensor(0.0535, device='cuda:0'), tensor(0.0803, device='cuda:0'), tensor(0.0303, device='cuda:0'), tensor(0.0399, device='cuda:0'), tensor(0.0375, device='cuda:0'), tensor(0.0479, device='cuda:0'), tensor(0.0522, device='cuda:0')]"
42,"[tensor(0.0299, device='cuda:0'), tensor(0.0910, device='cuda:0'), tensor(0.0529, device='cuda:0'), tensor(0.0283, device='cuda:0'), tensor(0.0425, device='cuda:0'), tensor(0.0364, device='cuda:0'), tensor(0.0295, device='cuda:0'), tensor(0.0321, device='cuda:0'), tensor(0.0467, device='cuda:0'), tensor(0.0360, device='cuda:0'), tensor(0.0379, device='cuda:0'), tensor(0.0343, device='cuda:0'), tensor(0.0926, device='cuda:0'), tensor(0.0650, device='cuda:0'), tensor(0.0381, device='cuda:0'), tensor(0.0393, device='cuda:0'), tensor(0.0352, device='cuda:0'), tensor(0.2636, device='cuda:0'), tensor(0.0413, device='cuda:0'), tensor(0.0421, device='cuda:0'), tensor(0.0791, device='cuda:0'), tensor(0.0783, device='cuda:0'), tensor(0.0619, device='cuda:0'), tensor(0.0448, device='cuda:0'), tensor(0.0772, device='cuda:0'), tensor(0.0306, device='cuda:0'), tensor(0.0395, device='cuda:0'), tensor(0.0349, device='cuda:0'), tensor(0.0376, device='cuda:0'), tensor(0.0326, device='cuda:0'), tensor(0.0521, device='cuda:0'), tensor(0.0430, device='cuda:0'), tensor(0.0780, device='cuda:0'), tensor(0.0435, device='cuda:0'), tensor(0.2551, device='cuda:0'), tensor(0.0418, device='cuda:0'), tensor(0.0416, device='cuda:0'), tensor(0.0392, device='cuda:0'), tensor(0.1010, device='cuda:0'), tensor(0.0306, device='cuda:0'), tensor(0.0978, device='cuda:0'), tensor(0.0565, device='cuda:0'), tensor(0.0354, device='cuda:0'), tensor(0.0494, device='cuda:0'), tensor(0.0416, device='cuda:0'), tensor(0.0944, device='cuda:0'), tensor(0.0527, device='cuda:0'), tensor(0.0616, device='cuda:0'), tensor(0.0431, device='cuda:0'), tensor(0.0345, device='cuda:0'), tensor(0.0522, device='cuda:0'), tensor(0.0601, device='cuda:0'), tensor(0.0691, device='cuda:0'), tensor(0.0522, device='cuda:0'), tensor(0.0476, device='cuda:0'), tensor(0.0317, device='cuda:0'), tensor(0.0629, device='cuda:0'), tensor(0.0408, device='cuda:0'), tensor(0.0484, device='cuda:0'), tensor(0.0329, device='cuda:0'), tensor(0.0344, device='cuda:0'), tensor(0.0460, device='cuda:0'), tensor(0.0418, device='cuda:0'), tensor(0.0645, device='cuda:0'), tensor(0.0379, device='cuda:0'), tensor(0.0327, device='cuda:0'), tensor(0.0500, device='cuda:0'), tensor(0.0433, device='cuda:0'), tensor(0.0788, device='cuda:0'), tensor(0.0677, device='cuda:0'), tensor(0.0616, device='cuda:0'), tensor(0.0330, device='cuda:0'), tensor(0.0519, device='cuda:0'), tensor(0.0366, device='cuda:0'), tensor(0.0695, device='cuda:0'), tensor(0.1073, device='cuda:0'), tensor(0.0510, device='cuda:0'), tensor(0.0592, device='cuda:0'), tensor(0.0547, device='cuda:0'), tensor(0.0515, device='cuda:0'), tensor(0.0643, device='cuda:0'), tensor(0.0407, device='cuda:0'), tensor(0.0571, device='cuda:0'), tensor(0.0618, device='cuda:0'), tensor(0.0461, device='cuda:0'), tensor(0.0453, device='cuda:0'), tensor(0.0440, device='cuda:0'), tensor(0.0431, device='cuda:0'), tensor(0.0672, device='cuda:0'), tensor(0.0383, device='cuda:0'), tensor(0.0346, device='cuda:0'), tensor(0.0969, device='cuda:0'), tensor(0.0522, device='cuda:0'), tensor(0.0460, device='cuda:0'), tensor(0.0756, device='cuda:0'), tensor(0.0859, device='cuda:0'), tensor(0.0653, device='cuda:0'), tensor(0.0573, device='cuda:0'), tensor(0.0401, device='cuda:0'), tensor(0.0603, device='cuda:0'), tensor(0.0482, device='cuda:0'), tensor(0.0327, device='cuda:0'), tensor(0.0630, device='cuda:0'), tensor(0.0390, device='cuda:0'), tensor(0.0401, device='cuda:0'), tensor(0.0469, device='cuda:0'), tensor(0.0428, device='cuda:0'), tensor(0.0446, device='cuda:0'), tensor(0.0705, device='cuda:0'), tensor(0.0479, device='cuda:0'), tensor(0.0293, device='cuda:0'), tensor(0.1150, device='cuda:0'), tensor(0.0579, device='cuda:0'), tensor(0.0385, device='cuda:0'), tensor(0.0561, device='cuda:0'), tensor(0.0683, device='cuda:0'), tensor(0.0483, device='cuda:0'), tensor(0.0568, device='cuda:0'), tensor(0.0485, device='cuda:0'), tensor(0.0513, device='cuda:0'), tensor(0.0422, device='cuda:0'), tensor(0.0370, device='cuda:0')]"
43,"[tensor(0.2562, device='cuda:0'), tensor(0.0294, device='cuda:0'), tensor(0.0423, device='cuda:0'), tensor(0.0278, device='cuda:0'), tensor(0.0343, device='cuda:0'), tensor(0.0377, device='cuda:0'), tensor(0.0283, device='cuda:0'), tensor(0.0606, device='cuda:0'), tensor(0.0412, device='cuda:0'), tensor(0.0501, device='cuda:0'), tensor(0.0362, device='cuda:0'), tensor(0.0501, device='cuda:0'), tensor(0.0306, device='cuda:0'), tensor(0.0585, device='cuda:0'), tensor(0.0560, device='cuda:0'), tensor(0.0403, device='cuda:0'), tensor(0.0427, device='cuda:0'), tensor(0.0326, device='cuda:0'), tensor(0.0510, device='cuda:0'), tensor(0.0386, device='cuda:0'), tensor(0.0325, device='cuda:0'), tensor(0.0332, device='cuda:0'), tensor(0.0430, device='cuda:0'), tensor(0.0646, device='cuda:0'), tensor(0.0411, device='cuda:0'), tensor(0.0317, device='cuda:0'), tensor(0.0429, device='cuda:0'), tensor(0.0616, device='cuda:0'), tensor(0.0399, device='cuda:0'), tensor(0.0432, device='cuda:0'), tensor(0.0312, device='cuda:0'), tensor(0.0531, device='cuda:0'), tensor(0.0524, device='cuda:0'), tensor(0.0572, device='cuda:0'), tensor(0.0303, device='cuda:0'), tensor(0.0685, device='cuda:0'), tensor(0.0422, device='cuda:0'), tensor(0.0367, device='cuda:0'), tensor(0.0334, device='cuda:0'), tensor(0.0483, device='cuda:0'), tensor(0.0367, device='cuda:0'), tensor(0.0401, device='cuda:0'), tensor(0.0471, device='cuda:0'), tensor(0.0547, device='cuda:0'), tensor(0.0564, device='cuda:0'), tensor(0.0305, device='cuda:0'), tensor(0.0379, device='cuda:0'), tensor(0.0297, device='cuda:0'), tensor(0.0507, device='cuda:0'), tensor(0.0558, device='cuda:0'), tensor(0.0437, device='cuda:0'), tensor(0.0317, device='cuda:0'), tensor(0.0439, device='cuda:0'), tensor(0.0308, device='cuda:0'), tensor(0.0313, device='cuda:0'), tensor(0.0549, device='cuda:0'), tensor(0.0356, device='cuda:0'), tensor(0.0513, device='cuda:0'), tensor(0.0489, device='cuda:0'), tensor(0.0720, device='cuda:0'), tensor(0.0514, device='cuda:0'), tensor(0.0372, device='cuda:0'), tensor(0.0468, device='cuda:0'), tensor(0.0313, device='cuda:0'), tensor(0.0528, device='cuda:0'), tensor(0.0391, device='cuda:0'), tensor(0.0380, device='cuda:0'), tensor(0.0623, device='cuda:0'), tensor(0.0333, device='cuda:0'), tensor(0.0308, device='cuda:0'), tensor(0.0479, device='cuda:0'), tensor(0.0554, device='cuda:0'), tensor(0.0563, device='cuda:0'), tensor(0.0578, device='cuda:0'), tensor(0.0338, device='cuda:0'), tensor(0.0373, device='cuda:0'), tensor(0.0500, device='cuda:0'), tensor(0.0366, device='cuda:0'), tensor(0.0370, device='cuda:0'), tensor(0.0314, device='cuda:0'), tensor(0.0309, device='cuda:0'), tensor(0.0379, device='cuda:0'), tensor(0.0392, device='cuda:0'), tensor(0.0424, device='cuda:0'), tensor(0.0326, device='cuda:0'), tensor(0.0359, device='cuda:0'), tensor(0.0452, device='cuda:0'), tensor(0.0523, device='cuda:0'), tensor(0.0432, device='cuda:0'), tensor(0.0367, device='cuda:0'), tensor(0.0443, device='cuda:0'), tensor(0.0405, device='cuda:0'), tensor(0.0430, device='cuda:0'), tensor(0.0496, device='cuda:0'), tensor(0.0311, device='cuda:0'), tensor(0.0365, device='cuda:0'), tensor(0.0492, device='cuda:0'), tensor(0.0325, device='cuda:0'), tensor(0.0583, device='cuda:0'), tensor(0.0344, device='cuda:0'), tensor(0.0345, device='cuda:0'), tensor(0.0466, device='cuda:0'), tensor(0.0333, device='cuda:0'), tensor(0.0507, device='cuda:0'), tensor(0.0879, device='cuda:0'), tensor(0.0428, device='cuda:0'), tensor(0.0651, device='cuda:0'), tensor(0.0383, device='cuda:0'), tensor(0.0374, device='cuda:0'), tensor(0.0424, device='cuda:0'), tensor(0.0750, device='cuda:0'), tensor(0.0343, device='cuda:0'), tensor(0.0344, device='cuda:0'), tensor(0.0447, device='cuda:0'), tensor(0.0508, device='cuda:0'), tensor(0.1072, device='cuda:0'), tensor(0.0717, device='cuda:0'), tensor(0.0295, device='cuda:0'), tensor(0.0405, device='cuda:0'), tensor(0.0347, device='cuda:0'), tensor(0.0627, device='cuda:0'), tensor(0.0536, device='cuda:0')]"
44,"[tensor(0.0295, device='cuda:0'), tensor(0.1222, device='cuda:0'), tensor(0.0591, device='cuda:0'), tensor(0.0282, device='cuda:0'), tensor(0.0462, device='cuda:0'), tensor(0.0414, device='cuda:0'), tensor(0.0287, device='cuda:0'), tensor(0.0321, device='cuda:0'), tensor(0.0530, device='cuda:0'), tensor(0.0360, device='cuda:0'), tensor(0.0341, device='cuda:0'), tensor(0.0334, device='cuda:0'), tensor(0.1292, device='cuda:0'), tensor(0.0546, device='cuda:0'), tensor(0.0447, device='cuda:0'), tensor(0.0468, device='cuda:0'), tensor(0.0477, device='cuda:0'), tensor(0.2596, device='cuda:0'), tensor(0.0438, device='cuda:0'), tensor(0.0468, device='cuda:0'), tensor(0.0922, device='cuda:0'), tensor(0.0713, device='cuda:0'), tensor(0.0737, device='cuda:0'), tensor(0.0487, device='cuda:0'), tensor(0.0459, device='cuda:0'), tensor(0.0303, device='cuda:0'), tensor(0.0327, device='cuda:0'), tensor(0.0342, device='cuda:0'), tensor(0.0402, device='cuda:0'), tensor(0.0422, device='cuda:0'), tensor(0.0699, device='cuda:0'), tensor(0.0470, device='cuda:0'), tensor(0.0548, device='cuda:0'), tensor(0.0351, device='cuda:0'), tensor(0.2635, device='cuda:0'), tensor(0.0387, device='cuda:0'), tensor(0.0484, device='cuda:0'), tensor(0.0484, device='cuda:0'), tensor(0.1288, device='cuda:0'), tensor(0.0331, device='cuda:0'), tensor(0.0908, device='cuda:0'), tensor(0.0627, device='cuda:0'), tensor(0.0403, device='cuda:0'), tensor(0.0498, device='cuda:0'), tensor(0.0395, device='cuda:0'), tensor(0.1194, device='cuda:0'), tensor(0.0788, device='cuda:0'), tensor(0.0868, device='cuda:0'), tensor(0.0467, device='cuda:0'), tensor(0.0329, device='cuda:0'), tensor(0.0540, device='cuda:0'), tensor(0.0656, device='cuda:0'), tensor(0.0587, device='cuda:0'), tensor(0.0578, device='cuda:0'), tensor(0.0497, device='cuda:0'), tensor(0.0345, device='cuda:0'), tensor(0.0658, device='cuda:0'), tensor(0.0362, device='cuda:0'), tensor(0.0485, device='cuda:0'), tensor(0.0344, device='cuda:0'), tensor(0.0329, device='cuda:0'), tensor(0.0465, device='cuda:0'), tensor(0.0452, device='cuda:0'), tensor(0.0577, device='cuda:0'), tensor(0.0370, device='cuda:0'), tensor(0.0569, device='cuda:0'), tensor(0.0405, device='cuda:0'), tensor(0.0545, device='cuda:0'), tensor(0.0875, device='cuda:0'), tensor(0.0886, device='cuda:0'), tensor(0.0632, device='cuda:0'), tensor(0.0377, device='cuda:0'), tensor(0.0468, device='cuda:0'), tensor(0.0354, device='cuda:0'), tensor(0.0696, device='cuda:0'), tensor(0.0625, device='cuda:0'), tensor(0.0390, device='cuda:0'), tensor(0.0499, device='cuda:0'), tensor(0.0552, device='cuda:0'), tensor(0.0519, device='cuda:0'), tensor(0.0719, device='cuda:0'), tensor(0.0430, device='cuda:0'), tensor(0.0589, device='cuda:0'), tensor(0.0483, device='cuda:0'), tensor(0.0585, device='cuda:0'), tensor(0.0510, device='cuda:0'), tensor(0.0513, device='cuda:0'), tensor(0.0386, device='cuda:0'), tensor(0.0961, device='cuda:0'), tensor(0.0422, device='cuda:0'), tensor(0.0340, device='cuda:0'), tensor(0.0641, device='cuda:0'), tensor(0.0420, device='cuda:0'), tensor(0.0469, device='cuda:0'), tensor(0.0797, device='cuda:0'), tensor(0.0665, device='cuda:0'), tensor(0.0672, device='cuda:0'), tensor(0.0632, device='cuda:0'), tensor(0.0394, device='cuda:0'), tensor(0.0498, device='cuda:0'), tensor(0.0516, device='cuda:0'), tensor(0.0360, device='cuda:0'), tensor(0.0868, device='cuda:0'), tensor(0.0365, device='cuda:0'), tensor(0.0341, device='cuda:0'), tensor(0.0515, device='cuda:0'), tensor(0.0394, device='cuda:0'), tensor(0.0421, device='cuda:0'), tensor(0.0696, device='cuda:0'), tensor(0.0475, device='cuda:0'), tensor(0.0436, device='cuda:0'), tensor(0.0860, device='cuda:0'), tensor(0.0624, device='cuda:0'), tensor(0.0394, device='cuda:0'), tensor(0.0723, device='cuda:0'), tensor(0.0535, device='cuda:0'), tensor(0.0528, device='cuda:0'), tensor(0.0645, device='cuda:0'), tensor(0.0437, device='cuda:0'), tensor(0.0749, device='cuda:0'), tensor(0.0403, device='cuda:0'), tensor(0.0403, device='cuda:0')]"
45,"[tensor(0.2810, device='cuda:0'), tensor(0.0285, device='cuda:0'), tensor(0.0405, device='cuda:0'), tensor(0.0276, device='cuda:0'), tensor(0.0343, device='cuda:0'), tensor(0.0412, device='cuda:0'), tensor(0.0281, device='cuda:0'), tensor(0.0624, device='cuda:0'), tensor(0.0501, device='cuda:0'), tensor(0.0483, device='cuda:0'), tensor(0.0369, device='cuda:0'), tensor(0.0546, device='cuda:0'), tensor(0.0329, device='cuda:0'), tensor(0.0534, device='cuda:0'), tensor(0.0499, device='cuda:0'), tensor(0.0518, device='cuda:0'), tensor(0.0521, device='cuda:0'), tensor(0.0316, device='cuda:0'), tensor(0.0507, device='cuda:0'), tensor(0.0463, device='cuda:0'), tensor(0.0318, device='cuda:0'), tensor(0.0314, device='cuda:0'), tensor(0.0490, device='cuda:0'), tensor(0.0640, device='cuda:0'), tensor(0.0336, device='cuda:0'), tensor(0.0305, device='cuda:0'), tensor(0.0360, device='cuda:0'), tensor(0.0580, device='cuda:0'), tensor(0.0399, device='cuda:0'), tensor(0.0378, device='cuda:0'), tensor(0.0329, device='cuda:0'), tensor(0.0493, device='cuda:0'), tensor(0.0681, device='cuda:0'), tensor(0.0665, device='cuda:0'), tensor(0.0308, device='cuda:0'), tensor(0.0699, device='cuda:0'), tensor(0.0458, device='cuda:0'), tensor(0.0481, device='cuda:0'), tensor(0.0351, device='cuda:0'), tensor(0.0550, device='cuda:0'), tensor(0.0352, device='cuda:0'), tensor(0.0461, device='cuda:0'), tensor(0.0565, device='cuda:0'), tensor(0.0372, device='cuda:0'), tensor(0.0611, device='cuda:0'), tensor(0.0359, device='cuda:0'), tensor(0.0457, device='cuda:0'), tensor(0.0318, device='cuda:0'), tensor(0.0611, device='cuda:0'), tensor(0.0759, device='cuda:0'), tensor(0.0327, device='cuda:0'), tensor(0.0310, device='cuda:0'), tensor(0.0375, device='cuda:0'), tensor(0.0322, device='cuda:0'), tensor(0.0322, device='cuda:0'), tensor(0.0503, device='cuda:0'), tensor(0.0359, device='cuda:0'), tensor(0.0543, device='cuda:0'), tensor(0.0469, device='cuda:0'), tensor(0.0639, device='cuda:0'), tensor(0.0582, device='cuda:0'), tensor(0.0349, device='cuda:0'), tensor(0.0559, device='cuda:0'), tensor(0.0301, device='cuda:0'), tensor(0.0496, device='cuda:0'), tensor(0.0387, device='cuda:0'), tensor(0.0420, device='cuda:0'), tensor(0.0502, device='cuda:0'), tensor(0.0344, device='cuda:0'), tensor(0.0322, device='cuda:0'), tensor(0.0468, device='cuda:0'), tensor(0.0594, device='cuda:0'), tensor(0.0619, device='cuda:0'), tensor(0.0651, device='cuda:0'), tensor(0.0345, device='cuda:0'), tensor(0.0360, device='cuda:0'), tensor(0.0525, device='cuda:0'), tensor(0.0308, device='cuda:0'), tensor(0.0364, device='cuda:0'), tensor(0.0319, device='cuda:0'), tensor(0.0307, device='cuda:0'), tensor(0.0364, device='cuda:0'), tensor(0.0459, device='cuda:0'), tensor(0.0412, device='cuda:0'), tensor(0.0349, device='cuda:0'), tensor(0.0339, device='cuda:0'), tensor(0.0464, device='cuda:0'), tensor(0.0772, device='cuda:0'), tensor(0.0684, device='cuda:0'), tensor(0.0397, device='cuda:0'), tensor(0.0484, device='cuda:0'), tensor(0.0357, device='cuda:0'), tensor(0.0477, device='cuda:0'), tensor(0.0586, device='cuda:0'), tensor(0.0406, device='cuda:0'), tensor(0.0341, device='cuda:0'), tensor(0.0525, device='cuda:0'), tensor(0.0325, device='cuda:0'), tensor(0.0625, device='cuda:0'), tensor(0.0340, device='cuda:0'), tensor(0.0345, device='cuda:0'), tensor(0.0505, device='cuda:0'), tensor(0.0370, device='cuda:0'), tensor(0.0561, device='cuda:0'), tensor(0.0971, device='cuda:0'), tensor(0.0521, device='cuda:0'), tensor(0.0814, device='cuda:0'), tensor(0.0434, device='cuda:0'), tensor(0.0384, device='cuda:0'), tensor(0.0414, device='cuda:0'), tensor(0.0452, device='cuda:0'), tensor(0.0333, device='cuda:0'), tensor(0.0401, device='cuda:0'), tensor(0.0396, device='cuda:0'), tensor(0.0390, device='cuda:0'), tensor(0.0920, device='cuda:0'), tensor(0.0676, device='cuda:0'), tensor(0.0414, device='cuda:0'), tensor(0.0379, device='cuda:0'), tensor(0.0350, device='cuda:0'), tensor(0.0523, device='cuda:0'), tensor(0.0586, device='cuda:0')]"
46,"[tensor(0.0297, device='cuda:0'), tensor(0.0974, device='cuda:0'), tensor(0.0647, device='cuda:0'), tensor(0.0279, device='cuda:0'), tensor(0.0441, device='cuda:0'), tensor(0.0437, device='cuda:0'), tensor(0.0287, device='cuda:0'), tensor(0.0330, device='cuda:0'), tensor(0.0666, device='cuda:0'), tensor(0.0389, device='cuda:0'), tensor(0.0377, device='cuda:0'), tensor(0.0324, device='cuda:0'), tensor(0.0775, device='cuda:0'), tensor(0.0532, device='cuda:0'), tensor(0.0439, device='cuda:0'), tensor(0.0367, device='cuda:0'), tensor(0.0311, device='cuda:0'), tensor(0.2620, device='cuda:0'), tensor(0.0433, device='cuda:0'), tensor(0.0407, device='cuda:0'), tensor(0.0868, device='cuda:0'), tensor(0.0806, device='cuda:0'), tensor(0.0794, device='cuda:0'), tensor(0.0461, device='cuda:0'), tensor(0.0781, device='cuda:0'), tensor(0.0303, device='cuda:0'), tensor(0.0384, device='cuda:0'), tensor(0.0339, device='cuda:0'), tensor(0.0563, device='cuda:0'), tensor(0.0479, device='cuda:0'), tensor(0.0482, device='cuda:0'), tensor(0.0498, device='cuda:0'), tensor(0.0748, device='cuda:0'), tensor(0.0415, device='cuda:0'), tensor(0.2501, device='cuda:0'), tensor(0.0381, device='cuda:0'), tensor(0.0471, device='cuda:0'), tensor(0.0338, device='cuda:0'), tensor(0.1125, device='cuda:0'), tensor(0.0351, device='cuda:0'), tensor(0.1057, device='cuda:0'), tensor(0.0477, device='cuda:0'), tensor(0.0344, device='cuda:0'), tensor(0.0530, device='cuda:0'), tensor(0.0352, device='cuda:0'), tensor(0.0762, device='cuda:0'), tensor(0.0463, device='cuda:0'), tensor(0.0758, device='cuda:0'), tensor(0.0505, device='cuda:0'), tensor(0.0329, device='cuda:0'), tensor(0.0361, device='cuda:0'), tensor(0.0843, device='cuda:0'), tensor(0.0707, device='cuda:0'), tensor(0.0460, device='cuda:0'), tensor(0.0499, device='cuda:0'), tensor(0.0350, device='cuda:0'), tensor(0.0544, device='cuda:0'), tensor(0.0339, device='cuda:0'), tensor(0.0513, device='cuda:0'), tensor(0.0384, device='cuda:0'), tensor(0.0319, device='cuda:0'), tensor(0.0534, device='cuda:0'), tensor(0.0424, device='cuda:0'), tensor(0.0606, device='cuda:0'), tensor(0.0368, device='cuda:0'), tensor(0.0405, device='cuda:0'), tensor(0.0364, device='cuda:0'), tensor(0.0523, device='cuda:0'), tensor(0.0738, device='cuda:0'), tensor(0.0708, device='cuda:0'), tensor(0.0440, device='cuda:0'), tensor(0.0312, device='cuda:0'), tensor(0.0436, device='cuda:0'), tensor(0.0396, device='cuda:0'), tensor(0.0666, device='cuda:0'), tensor(0.0884, device='cuda:0'), tensor(0.0550, device='cuda:0'), tensor(0.0605, device='cuda:0'), tensor(0.0506, device='cuda:0'), tensor(0.0439, device='cuda:0'), tensor(0.0692, device='cuda:0'), tensor(0.0482, device='cuda:0'), tensor(0.0573, device='cuda:0'), tensor(0.0680, device='cuda:0'), tensor(0.0523, device='cuda:0'), tensor(0.0484, device='cuda:0'), tensor(0.0607, device='cuda:0'), tensor(0.0342, device='cuda:0'), tensor(0.0633, device='cuda:0'), tensor(0.0365, device='cuda:0'), tensor(0.0362, device='cuda:0'), tensor(0.0992, device='cuda:0'), tensor(0.0387, device='cuda:0'), tensor(0.0483, device='cuda:0'), tensor(0.0729, device='cuda:0'), tensor(0.0762, device='cuda:0'), tensor(0.0498, device='cuda:0'), tensor(0.0697, device='cuda:0'), tensor(0.0426, device='cuda:0'), tensor(0.0674, device='cuda:0'), tensor(0.0487, device='cuda:0'), tensor(0.0400, device='cuda:0'), tensor(0.0623, device='cuda:0'), tensor(0.0339, device='cuda:0'), tensor(0.0494, device='cuda:0'), tensor(0.0377, device='cuda:0'), tensor(0.0392, device='cuda:0'), tensor(0.0347, device='cuda:0'), tensor(0.0707, device='cuda:0'), tensor(0.0748, device='cuda:0'), tensor(0.0313, device='cuda:0'), tensor(0.1072, device='cuda:0'), tensor(0.0573, device='cuda:0'), tensor(0.0393, device='cuda:0'), tensor(0.0879, device='cuda:0'), tensor(0.0554, device='cuda:0'), tensor(0.0470, device='cuda:0'), tensor(0.0462, device='cuda:0'), tensor(0.0436, device='cuda:0'), tensor(0.0657, device='cuda:0'), tensor(0.0464, device='cuda:0'), tensor(0.0415, device='cuda:0')]"
47,"[tensor(0.2824, device='cuda:0'), tensor(0.0302, device='cuda:0'), tensor(0.0427, device='cuda:0'), tensor(0.0282, device='cuda:0'), tensor(0.0340, device='cuda:0'), tensor(0.0389, device='cuda:0'), tensor(0.0278, device='cuda:0'), tensor(0.0685, device='cuda:0'), tensor(0.0471, device='cuda:0'), tensor(0.0515, device='cuda:0'), tensor(0.0447, device='cuda:0'), tensor(0.0600, device='cuda:0'), tensor(0.0335, device='cuda:0'), tensor(0.0700, device='cuda:0'), tensor(0.0426, device='cuda:0'), tensor(0.0391, device='cuda:0'), tensor(0.0549, device='cuda:0'), tensor(0.0318, device='cuda:0'), tensor(0.0531, device='cuda:0'), tensor(0.0571, device='cuda:0'), tensor(0.0340, device='cuda:0'), tensor(0.0358, device='cuda:0'), tensor(0.0714, device='cuda:0'), tensor(0.0908, device='cuda:0'), tensor(0.0385, device='cuda:0'), tensor(0.0321, device='cuda:0'), tensor(0.0376, device='cuda:0'), tensor(0.0590, device='cuda:0'), tensor(0.0568, device='cuda:0'), tensor(0.0374, device='cuda:0'), tensor(0.0326, device='cuda:0'), tensor(0.0531, device='cuda:0'), tensor(0.0523, device='cuda:0'), tensor(0.0627, device='cuda:0'), tensor(0.0312, device='cuda:0'), tensor(0.0802, device='cuda:0'), tensor(0.0422, device='cuda:0'), tensor(0.0409, device='cuda:0'), tensor(0.0330, device='cuda:0'), tensor(0.0525, device='cuda:0'), tensor(0.0366, device='cuda:0'), tensor(0.0418, device='cuda:0'), tensor(0.0551, device='cuda:0'), tensor(0.0478, device='cuda:0'), tensor(0.0437, device='cuda:0'), tensor(0.0336, device='cuda:0'), tensor(0.0445, device='cuda:0'), tensor(0.0302, device='cuda:0'), tensor(0.0402, device='cuda:0'), tensor(0.0537, device='cuda:0'), tensor(0.0438, device='cuda:0'), tensor(0.0310, device='cuda:0'), tensor(0.0459, device='cuda:0'), tensor(0.0337, device='cuda:0'), tensor(0.0314, device='cuda:0'), tensor(0.0478, device='cuda:0'), tensor(0.0375, device='cuda:0'), tensor(0.0536, device='cuda:0'), tensor(0.0542, device='cuda:0'), tensor(0.0596, device='cuda:0'), tensor(0.0654, device='cuda:0'), tensor(0.0357, device='cuda:0'), tensor(0.0581, device='cuda:0'), tensor(0.0343, device='cuda:0'), tensor(0.0545, device='cuda:0'), tensor(0.0582, device='cuda:0'), tensor(0.0415, device='cuda:0'), tensor(0.0652, device='cuda:0'), tensor(0.0322, device='cuda:0'), tensor(0.0316, device='cuda:0'), tensor(0.0395, device='cuda:0'), tensor(0.0609, device='cuda:0'), tensor(0.0626, device='cuda:0'), tensor(0.0538, device='cuda:0'), tensor(0.0336, device='cuda:0'), tensor(0.0352, device='cuda:0'), tensor(0.0435, device='cuda:0'), tensor(0.0312, device='cuda:0'), tensor(0.0379, device='cuda:0'), tensor(0.0340, device='cuda:0'), tensor(0.0298, device='cuda:0'), tensor(0.0354, device='cuda:0'), tensor(0.0435, device='cuda:0'), tensor(0.0387, device='cuda:0'), tensor(0.0344, device='cuda:0'), tensor(0.0350, device='cuda:0'), tensor(0.0412, device='cuda:0'), tensor(0.0809, device='cuda:0'), tensor(0.0644, device='cuda:0'), tensor(0.0518, device='cuda:0'), tensor(0.0471, device='cuda:0'), tensor(0.0369, device='cuda:0'), tensor(0.0582, device='cuda:0'), tensor(0.0539, device='cuda:0'), tensor(0.0347, device='cuda:0'), tensor(0.0322, device='cuda:0'), tensor(0.0632, device='cuda:0'), tensor(0.0358, device='cuda:0'), tensor(0.0527, device='cuda:0'), tensor(0.0346, device='cuda:0'), tensor(0.0348, device='cuda:0'), tensor(0.0424, device='cuda:0'), tensor(0.0333, device='cuda:0'), tensor(0.0488, device='cuda:0'), tensor(0.0479, device='cuda:0'), tensor(0.0632, device='cuda:0'), tensor(0.0818, device='cuda:0'), tensor(0.0464, device='cuda:0'), tensor(0.0381, device='cuda:0'), tensor(0.0424, device='cuda:0'), tensor(0.0649, device='cuda:0'), tensor(0.0350, device='cuda:0'), tensor(0.0398, device='cuda:0'), tensor(0.0463, device='cuda:0'), tensor(0.0520, device='cuda:0'), tensor(0.0709, device='cuda:0'), tensor(0.0819, device='cuda:0'), tensor(0.0419, device='cuda:0'), tensor(0.0477, device='cuda:0'), tensor(0.0352, device='cuda:0'), tensor(0.0539, device='cuda:0'), tensor(0.0694, device='cuda:0')]"
48,"[tensor(0.0298, device='cuda:0'), tensor(0.0770, device='cuda:0'), tensor(0.0580, device='cuda:0'), tensor(0.0282, device='cuda:0'), tensor(0.0453, device='cuda:0'), tensor(0.0491, device='cuda:0'), tensor(0.0289, device='cuda:0'), tensor(0.0411, device='cuda:0'), tensor(0.0530, device='cuda:0'), tensor(0.0367, device='cuda:0'), tensor(0.0336, device='cuda:0'), tensor(0.0380, device='cuda:0'), tensor(0.0993, device='cuda:0'), tensor(0.0463, device='cuda:0'), tensor(0.0607, device='cuda:0'), tensor(0.0467, device='cuda:0'), tensor(0.0422, device='cuda:0'), tensor(0.2979, device='cuda:0'), tensor(0.0404, device='cuda:0'), tensor(0.0369, device='cuda:0'), tensor(0.0861, device='cuda:0'), tensor(0.0694, device='cuda:0'), tensor(0.0511, device='cuda:0'), tensor(0.0417, device='cuda:0'), tensor(0.0598, device='cuda:0'), tensor(0.0325, device='cuda:0'), tensor(0.0401, device='cuda:0'), tensor(0.0339, device='cuda:0'), tensor(0.0479, device='cuda:0'), tensor(0.0857, device='cuda:0'), tensor(0.0613, device='cuda:0'), tensor(0.0571, device='cuda:0'), tensor(0.0570, device='cuda:0'), tensor(0.0457, device='cuda:0'), tensor(0.2537, device='cuda:0'), tensor(0.0400, device='cuda:0'), tensor(0.0641, device='cuda:0'), tensor(0.0579, device='cuda:0'), tensor(0.1210, device='cuda:0'), tensor(0.0323, device='cuda:0'), tensor(0.0947, device='cuda:0'), tensor(0.0659, device='cuda:0'), tensor(0.0366, device='cuda:0'), tensor(0.0589, device='cuda:0'), tensor(0.0427, device='cuda:0'), tensor(0.1046, device='cuda:0'), tensor(0.0496, device='cuda:0'), tensor(0.0912, device='cuda:0'), tensor(0.0508, device='cuda:0'), tensor(0.0354, device='cuda:0'), tensor(0.0515, device='cuda:0'), tensor(0.0633, device='cuda:0'), tensor(0.0728, device='cuda:0'), tensor(0.0464, device='cuda:0'), tensor(0.0519, device='cuda:0'), tensor(0.0341, device='cuda:0'), tensor(0.0591, device='cuda:0'), tensor(0.0368, device='cuda:0'), tensor(0.0424, device='cuda:0'), tensor(0.0372, device='cuda:0'), tensor(0.0327, device='cuda:0'), tensor(0.0635, device='cuda:0'), tensor(0.0403, device='cuda:0'), tensor(0.0434, device='cuda:0'), tensor(0.0385, device='cuda:0'), tensor(0.0343, device='cuda:0'), tensor(0.0368, device='cuda:0'), tensor(0.0498, device='cuda:0'), tensor(0.0923, device='cuda:0'), tensor(0.0988, device='cuda:0'), tensor(0.0664, device='cuda:0'), tensor(0.0382, device='cuda:0'), tensor(0.0483, device='cuda:0'), tensor(0.0323, device='cuda:0'), tensor(0.0736, device='cuda:0'), tensor(0.0711, device='cuda:0'), tensor(0.0587, device='cuda:0'), tensor(0.0752, device='cuda:0'), tensor(0.0528, device='cuda:0'), tensor(0.0539, device='cuda:0'), tensor(0.0735, device='cuda:0'), tensor(0.0474, device='cuda:0'), tensor(0.0531, device='cuda:0'), tensor(0.0548, device='cuda:0'), tensor(0.0626, device='cuda:0'), tensor(0.0497, device='cuda:0'), tensor(0.0487, device='cuda:0'), tensor(0.0418, device='cuda:0'), tensor(0.0778, device='cuda:0'), tensor(0.0357, device='cuda:0'), tensor(0.0361, device='cuda:0'), tensor(0.0742, device='cuda:0'), tensor(0.0399, device='cuda:0'), tensor(0.0461, device='cuda:0'), tensor(0.0968, device='cuda:0'), tensor(0.0907, device='cuda:0'), tensor(0.0484, device='cuda:0'), tensor(0.0673, device='cuda:0'), tensor(0.0464, device='cuda:0'), tensor(0.0593, device='cuda:0'), tensor(0.0524, device='cuda:0'), tensor(0.0383, device='cuda:0'), tensor(0.1033, device='cuda:0'), tensor(0.0331, device='cuda:0'), tensor(0.0431, device='cuda:0'), tensor(0.0365, device='cuda:0'), tensor(0.0469, device='cuda:0'), tensor(0.0349, device='cuda:0'), tensor(0.0731, device='cuda:0'), tensor(0.0578, device='cuda:0'), tensor(0.0321, device='cuda:0'), tensor(0.0970, device='cuda:0'), tensor(0.0556, device='cuda:0'), tensor(0.0388, device='cuda:0'), tensor(0.0564, device='cuda:0'), tensor(0.0950, device='cuda:0'), tensor(0.0459, device='cuda:0'), tensor(0.0495, device='cuda:0'), tensor(0.0434, device='cuda:0'), tensor(0.0668, device='cuda:0'), tensor(0.0536, device='cuda:0'), tensor(0.0446, device='cuda:0')]"
49,"[tensor(0.2815, device='cuda:0'), tensor(0.0269, device='cuda:0'), tensor(0.0522, device='cuda:0'), tensor(0.0282, device='cuda:0'), tensor(0.0341, device='cuda:0'), tensor(0.0363, device='cuda:0'), tensor(0.0280, device='cuda:0'), tensor(0.0482, device='cuda:0'), tensor(0.0595, device='cuda:0'), tensor(0.0534, device='cuda:0'), tensor(0.0387, device='cuda:0'), tensor(0.0463, device='cuda:0'), tensor(0.0335, device='cuda:0'), tensor(0.0463, device='cuda:0'), tensor(0.0493, device='cuda:0'), tensor(0.0458, device='cuda:0'), tensor(0.0397, device='cuda:0'), tensor(0.0317, device='cuda:0'), tensor(0.0501, device='cuda:0'), tensor(0.0701, device='cuda:0'), tensor(0.0336, device='cuda:0'), tensor(0.0345, device='cuda:0'), tensor(0.0662, device='cuda:0'), tensor(0.0748, device='cuda:0'), tensor(0.0370, device='cuda:0'), tensor(0.0296, device='cuda:0'), tensor(0.0384, device='cuda:0'), tensor(0.0636, device='cuda:0'), tensor(0.0456, device='cuda:0'), tensor(0.0309, device='cuda:0'), tensor(0.0318, device='cuda:0'), tensor(0.0541, device='cuda:0'), tensor(0.0536, device='cuda:0'), tensor(0.0594, device='cuda:0'), tensor(0.0307, device='cuda:0'), tensor(0.0571, device='cuda:0'), tensor(0.0445, device='cuda:0'), tensor(0.0452, device='cuda:0'), tensor(0.0344, device='cuda:0'), tensor(0.0471, device='cuda:0'), tensor(0.0371, device='cuda:0'), tensor(0.0371, device='cuda:0'), tensor(0.0684, device='cuda:0'), tensor(0.0595, device='cuda:0'), tensor(0.0402, device='cuda:0'), tensor(0.0345, device='cuda:0'), tensor(0.0401, device='cuda:0'), tensor(0.0312, device='cuda:0'), tensor(0.0497, device='cuda:0'), tensor(0.0518, device='cuda:0'), tensor(0.0421, device='cuda:0'), tensor(0.0318, device='cuda:0'), tensor(0.0418, device='cuda:0'), tensor(0.0315, device='cuda:0'), tensor(0.0322, device='cuda:0'), tensor(0.0566, device='cuda:0'), tensor(0.0365, device='cuda:0'), tensor(0.0564, device='cuda:0'), tensor(0.0589, device='cuda:0'), tensor(0.0613, device='cuda:0'), tensor(0.0653, device='cuda:0'), tensor(0.0306, device='cuda:0'), tensor(0.0459, device='cuda:0'), tensor(0.0318, device='cuda:0'), tensor(0.0475, device='cuda:0'), tensor(0.0510, device='cuda:0'), tensor(0.0455, device='cuda:0'), tensor(0.0629, device='cuda:0'), tensor(0.0348, device='cuda:0'), tensor(0.0328, device='cuda:0'), tensor(0.0396, device='cuda:0'), tensor(0.0691, device='cuda:0'), tensor(0.0664, device='cuda:0'), tensor(0.0603, device='cuda:0'), tensor(0.0334, device='cuda:0'), tensor(0.0339, device='cuda:0'), tensor(0.0417, device='cuda:0'), tensor(0.0370, device='cuda:0'), tensor(0.0423, device='cuda:0'), tensor(0.0379, device='cuda:0'), tensor(0.0322, device='cuda:0'), tensor(0.0396, device='cuda:0'), tensor(0.0473, device='cuda:0'), tensor(0.0462, device='cuda:0'), tensor(0.0341, device='cuda:0'), tensor(0.0326, device='cuda:0'), tensor(0.0485, device='cuda:0'), tensor(0.0519, device='cuda:0'), tensor(0.0694, device='cuda:0'), tensor(0.0477, device='cuda:0'), tensor(0.0484, device='cuda:0'), tensor(0.0344, device='cuda:0'), tensor(0.0688, device='cuda:0'), tensor(0.0582, device='cuda:0'), tensor(0.0424, device='cuda:0'), tensor(0.0375, device='cuda:0'), tensor(0.0512, device='cuda:0'), tensor(0.0332, device='cuda:0'), tensor(0.0538, device='cuda:0'), tensor(0.0367, device='cuda:0'), tensor(0.0331, device='cuda:0'), tensor(0.0479, device='cuda:0'), tensor(0.0354, device='cuda:0'), tensor(0.0545, device='cuda:0'), tensor(0.0932, device='cuda:0'), tensor(0.0599, device='cuda:0'), tensor(0.0718, device='cuda:0'), tensor(0.0499, device='cuda:0'), tensor(0.0379, device='cuda:0'), tensor(0.0652, device='cuda:0'), tensor(0.0701, device='cuda:0'), tensor(0.0347, device='cuda:0'), tensor(0.0374, device='cuda:0'), tensor(0.0465, device='cuda:0'), tensor(0.0657, device='cuda:0'), tensor(0.0641, device='cuda:0'), tensor(0.0798, device='cuda:0'), tensor(0.0380, device='cuda:0'), tensor(0.0493, device='cuda:0'), tensor(0.0364, device='cuda:0'), tensor(0.0525, device='cuda:0'), tensor(0.0757, device='cuda:0')]"
50,"[tensor(0.0304, device='cuda:0'), tensor(0.1309, device='cuda:0'), tensor(0.0549, device='cuda:0'), tensor(0.0282, device='cuda:0'), tensor(0.0422, device='cuda:0'), tensor(0.0467, device='cuda:0'), tensor(0.0290, device='cuda:0'), tensor(0.0569, device='cuda:0'), tensor(0.0494, device='cuda:0'), tensor(0.0385, device='cuda:0'), tensor(0.0344, device='cuda:0'), tensor(0.0355, device='cuda:0'), tensor(0.0795, device='cuda:0'), tensor(0.0471, device='cuda:0'), tensor(0.0427, device='cuda:0'), tensor(0.0428, device='cuda:0'), tensor(0.0371, device='cuda:0'), tensor(0.2854, device='cuda:0'), tensor(0.0495, device='cuda:0'), tensor(0.0469, device='cuda:0'), tensor(0.0842, device='cuda:0'), tensor(0.0879, device='cuda:0'), tensor(0.0562, device='cuda:0'), tensor(0.0481, device='cuda:0'), tensor(0.0653, device='cuda:0'), tensor(0.0318, device='cuda:0'), tensor(0.0303, device='cuda:0'), tensor(0.0352, device='cuda:0'), tensor(0.0504, device='cuda:0'), tensor(0.0411, device='cuda:0'), tensor(0.0624, device='cuda:0'), tensor(0.0610, device='cuda:0'), tensor(0.0746, device='cuda:0'), tensor(0.0438, device='cuda:0'), tensor(0.2685, device='cuda:0'), tensor(0.0522, device='cuda:0'), tensor(0.0608, device='cuda:0'), tensor(0.0514, device='cuda:0'), tensor(0.1048, device='cuda:0'), tensor(0.0449, device='cuda:0'), tensor(0.0993, device='cuda:0'), tensor(0.0626, device='cuda:0'), tensor(0.0426, device='cuda:0'), tensor(0.0527, device='cuda:0'), tensor(0.0530, device='cuda:0'), tensor(0.0830, device='cuda:0'), tensor(0.0549, device='cuda:0'), tensor(0.0818, device='cuda:0'), tensor(0.0454, device='cuda:0'), tensor(0.0330, device='cuda:0'), tensor(0.0578, device='cuda:0'), tensor(0.0726, device='cuda:0'), tensor(0.0657, device='cuda:0'), tensor(0.0446, device='cuda:0'), tensor(0.0521, device='cuda:0'), tensor(0.0318, device='cuda:0'), tensor(0.0685, device='cuda:0'), tensor(0.0397, device='cuda:0'), tensor(0.0434, device='cuda:0'), tensor(0.0382, device='cuda:0'), tensor(0.0320, device='cuda:0'), tensor(0.0568, device='cuda:0'), tensor(0.0499, device='cuda:0'), tensor(0.0626, device='cuda:0'), tensor(0.0433, device='cuda:0'), tensor(0.0345, device='cuda:0'), tensor(0.0390, device='cuda:0'), tensor(0.0532, device='cuda:0'), tensor(0.0703, device='cuda:0'), tensor(0.0719, device='cuda:0'), tensor(0.0796, device='cuda:0'), tensor(0.0314, device='cuda:0'), tensor(0.0383, device='cuda:0'), tensor(0.0303, device='cuda:0'), tensor(0.0694, device='cuda:0'), tensor(0.0788, device='cuda:0'), tensor(0.0706, device='cuda:0'), tensor(0.0506, device='cuda:0'), tensor(0.0663, device='cuda:0'), tensor(0.0505, device='cuda:0'), tensor(0.0809, device='cuda:0'), tensor(0.0435, device='cuda:0'), tensor(0.0615, device='cuda:0'), tensor(0.0622, device='cuda:0'), tensor(0.0520, device='cuda:0'), tensor(0.0502, device='cuda:0'), tensor(0.0494, device='cuda:0'), tensor(0.0531, device='cuda:0'), tensor(0.0601, device='cuda:0'), tensor(0.0341, device='cuda:0'), tensor(0.0362, device='cuda:0'), tensor(0.1000, device='cuda:0'), tensor(0.0400, device='cuda:0'), tensor(0.0469, device='cuda:0'), tensor(0.0584, device='cuda:0'), tensor(0.0662, device='cuda:0'), tensor(0.0539, device='cuda:0'), tensor(0.0620, device='cuda:0'), tensor(0.0497, device='cuda:0'), tensor(0.0658, device='cuda:0'), tensor(0.0538, device='cuda:0'), tensor(0.0347, device='cuda:0'), tensor(0.0522, device='cuda:0'), tensor(0.0354, device='cuda:0'), tensor(0.0503, device='cuda:0'), tensor(0.0397, device='cuda:0'), tensor(0.0500, device='cuda:0'), tensor(0.0373, device='cuda:0'), tensor(0.0739, device='cuda:0'), tensor(0.0741, device='cuda:0'), tensor(0.0330, device='cuda:0'), tensor(0.1018, device='cuda:0'), tensor(0.0535, device='cuda:0'), tensor(0.0386, device='cuda:0'), tensor(0.0545, device='cuda:0'), tensor(0.0981, device='cuda:0'), tensor(0.0392, device='cuda:0'), tensor(0.0506, device='cuda:0'), tensor(0.0462, device='cuda:0'), tensor(0.0704, device='cuda:0'), tensor(0.0601, device='cuda:0'), tensor(0.0443, device='cuda:0')]"
51,"[tensor(0.2973, device='cuda:0'), tensor(0.0359, device='cuda:0'), tensor(0.0516, device='cuda:0'), tensor(0.0280, device='cuda:0'), tensor(0.0359, device='cuda:0'), tensor(0.0335, device='cuda:0'), tensor(0.0279, device='cuda:0'), tensor(0.0329, device='cuda:0'), tensor(0.0533, device='cuda:0'), tensor(0.0540, device='cuda:0'), tensor(0.0447, device='cuda:0'), tensor(0.0522, device='cuda:0'), tensor(0.0324, device='cuda:0'), tensor(0.0485, device='cuda:0'), tensor(0.0636, device='cuda:0'), tensor(0.0484, device='cuda:0'), tensor(0.0444, device='cuda:0'), tensor(0.0322, device='cuda:0'), tensor(0.0458, device='cuda:0'), tensor(0.0550, device='cuda:0'), tensor(0.0357, device='cuda:0'), tensor(0.0332, device='cuda:0'), tensor(0.0583, device='cuda:0'), tensor(0.0837, device='cuda:0'), tensor(0.0410, device='cuda:0'), tensor(0.0310, device='cuda:0'), tensor(0.0492, device='cuda:0'), tensor(0.0673, device='cuda:0'), tensor(0.0482, device='cuda:0'), tensor(0.0550, device='cuda:0'), tensor(0.0331, device='cuda:0'), tensor(0.0530, device='cuda:0'), tensor(0.0652, device='cuda:0'), tensor(0.0594, device='cuda:0'), tensor(0.0306, device='cuda:0'), tensor(0.0759, device='cuda:0'), tensor(0.0452, device='cuda:0'), tensor(0.0323, device='cuda:0'), tensor(0.0321, device='cuda:0'), tensor(0.0588, device='cuda:0'), tensor(0.0377, device='cuda:0'), tensor(0.0374, device='cuda:0'), tensor(0.0504, device='cuda:0'), tensor(0.0386, device='cuda:0'), tensor(0.0355, device='cuda:0'), tensor(0.0337, device='cuda:0'), tensor(0.0479, device='cuda:0'), tensor(0.0301, device='cuda:0'), tensor(0.0604, device='cuda:0'), tensor(0.0554, device='cuda:0'), tensor(0.0433, device='cuda:0'), tensor(0.0329, device='cuda:0'), tensor(0.0513, device='cuda:0'), tensor(0.0313, device='cuda:0'), tensor(0.0321, device='cuda:0'), tensor(0.0569, device='cuda:0'), tensor(0.0339, device='cuda:0'), tensor(0.0569, device='cuda:0'), tensor(0.0615, device='cuda:0'), tensor(0.0714, device='cuda:0'), tensor(0.0624, device='cuda:0'), tensor(0.0332, device='cuda:0'), tensor(0.0606, device='cuda:0'), tensor(0.0328, device='cuda:0'), tensor(0.0461, device='cuda:0'), tensor(0.0522, device='cuda:0'), tensor(0.0489, device='cuda:0'), tensor(0.0541, device='cuda:0'), tensor(0.0341, device='cuda:0'), tensor(0.0336, device='cuda:0'), tensor(0.0494, device='cuda:0'), tensor(0.0686, device='cuda:0'), tensor(0.0676, device='cuda:0'), tensor(0.0588, device='cuda:0'), tensor(0.0331, device='cuda:0'), tensor(0.0339, device='cuda:0'), tensor(0.0425, device='cuda:0'), tensor(0.0373, device='cuda:0'), tensor(0.0369, device='cuda:0'), tensor(0.0385, device='cuda:0'), tensor(0.0303, device='cuda:0'), tensor(0.0473, device='cuda:0'), tensor(0.0436, device='cuda:0'), tensor(0.0490, device='cuda:0'), tensor(0.0342, device='cuda:0'), tensor(0.0327, device='cuda:0'), tensor(0.0409, device='cuda:0'), tensor(0.0492, device='cuda:0'), tensor(0.0661, device='cuda:0'), tensor(0.0492, device='cuda:0'), tensor(0.0480, device='cuda:0'), tensor(0.0368, device='cuda:0'), tensor(0.0636, device='cuda:0'), tensor(0.0630, device='cuda:0'), tensor(0.0410, device='cuda:0'), tensor(0.0369, device='cuda:0'), tensor(0.0597, device='cuda:0'), tensor(0.0350, device='cuda:0'), tensor(0.0631, device='cuda:0'), tensor(0.0371, device='cuda:0'), tensor(0.0350, device='cuda:0'), tensor(0.0565, device='cuda:0'), tensor(0.0354, device='cuda:0'), tensor(0.0545, device='cuda:0'), tensor(0.0402, device='cuda:0'), tensor(0.0597, device='cuda:0'), tensor(0.0786, device='cuda:0'), tensor(0.0513, device='cuda:0'), tensor(0.0352, device='cuda:0'), tensor(0.0747, device='cuda:0'), tensor(0.0620, device='cuda:0'), tensor(0.0346, device='cuda:0'), tensor(0.0389, device='cuda:0'), tensor(0.0424, device='cuda:0'), tensor(0.0478, device='cuda:0'), tensor(0.0720, device='cuda:0'), tensor(0.0854, device='cuda:0'), tensor(0.0349, device='cuda:0'), tensor(0.0522, device='cuda:0'), tensor(0.0382, device='cuda:0'), tensor(0.0578, device='cuda:0'), tensor(0.0608, device='cuda:0')]"
52,"[tensor(0.0302, device='cuda:0'), tensor(0.0701, device='cuda:0'), tensor(0.0482, device='cuda:0'), tensor(0.0283, device='cuda:0'), tensor(0.0417, device='cuda:0'), tensor(0.0462, device='cuda:0'), tensor(0.0290, device='cuda:0'), tensor(0.0472, device='cuda:0'), tensor(0.0666, device='cuda:0'), tensor(0.0391, device='cuda:0'), tensor(0.0333, device='cuda:0'), tensor(0.0346, device='cuda:0'), tensor(0.0972, device='cuda:0'), tensor(0.0504, device='cuda:0'), tensor(0.0582, device='cuda:0'), tensor(0.0370, device='cuda:0'), tensor(0.0386, device='cuda:0'), tensor(0.2805, device='cuda:0'), tensor(0.0495, device='cuda:0'), tensor(0.0427, device='cuda:0'), tensor(0.0843, device='cuda:0'), tensor(0.0872, device='cuda:0'), tensor(0.0595, device='cuda:0'), tensor(0.0452, device='cuda:0'), tensor(0.0599, device='cuda:0'), tensor(0.0316, device='cuda:0'), tensor(0.0529, device='cuda:0'), tensor(0.0379, device='cuda:0'), tensor(0.0489, device='cuda:0'), tensor(0.0523, device='cuda:0'), tensor(0.0607, device='cuda:0'), tensor(0.0845, device='cuda:0'), tensor(0.0728, device='cuda:0'), tensor(0.0529, device='cuda:0'), tensor(0.2577, device='cuda:0'), tensor(0.0394, device='cuda:0'), tensor(0.0679, device='cuda:0'), tensor(0.0554, device='cuda:0'), tensor(0.1189, device='cuda:0'), tensor(0.0308, device='cuda:0'), tensor(0.0921, device='cuda:0'), tensor(0.0722, device='cuda:0'), tensor(0.0478, device='cuda:0'), tensor(0.0601, device='cuda:0'), tensor(0.0525, device='cuda:0'), tensor(0.0900, device='cuda:0'), tensor(0.0639, device='cuda:0'), tensor(0.0736, device='cuda:0'), tensor(0.0405, device='cuda:0'), tensor(0.0433, device='cuda:0'), tensor(0.0415, device='cuda:0'), tensor(0.0639, device='cuda:0'), tensor(0.0464, device='cuda:0'), tensor(0.0512, device='cuda:0'), tensor(0.0486, device='cuda:0'), tensor(0.0335, device='cuda:0'), tensor(0.0522, device='cuda:0'), tensor(0.0374, device='cuda:0'), tensor(0.0579, device='cuda:0'), tensor(0.0368, device='cuda:0'), tensor(0.0352, device='cuda:0'), tensor(0.0551, device='cuda:0'), tensor(0.0443, device='cuda:0'), tensor(0.0566, device='cuda:0'), tensor(0.0445, device='cuda:0'), tensor(0.0341, device='cuda:0'), tensor(0.0356, device='cuda:0'), tensor(0.0469, device='cuda:0'), tensor(0.0873, device='cuda:0'), tensor(0.0805, device='cuda:0'), tensor(0.0365, device='cuda:0'), tensor(0.0343, device='cuda:0'), tensor(0.0459, device='cuda:0'), tensor(0.0317, device='cuda:0'), tensor(0.0751, device='cuda:0'), tensor(0.0632, device='cuda:0'), tensor(0.0723, device='cuda:0'), tensor(0.0533, device='cuda:0'), tensor(0.0780, device='cuda:0'), tensor(0.0467, device='cuda:0'), tensor(0.0777, device='cuda:0'), tensor(0.0507, device='cuda:0'), tensor(0.0692, device='cuda:0'), tensor(0.0544, device='cuda:0'), tensor(0.0668, device='cuda:0'), tensor(0.0551, device='cuda:0'), tensor(0.0409, device='cuda:0'), tensor(0.0690, device='cuda:0'), tensor(0.0690, device='cuda:0'), tensor(0.0373, device='cuda:0'), tensor(0.0425, device='cuda:0'), tensor(0.0750, device='cuda:0'), tensor(0.0399, device='cuda:0'), tensor(0.0469, device='cuda:0'), tensor(0.0970, device='cuda:0'), tensor(0.0686, device='cuda:0'), tensor(0.0535, device='cuda:0'), tensor(0.0595, device='cuda:0'), tensor(0.0514, device='cuda:0'), tensor(0.0598, device='cuda:0'), tensor(0.0599, device='cuda:0'), tensor(0.0374, device='cuda:0'), tensor(0.0827, device='cuda:0'), tensor(0.0345, device='cuda:0'), tensor(0.0424, device='cuda:0'), tensor(0.0373, device='cuda:0'), tensor(0.0470, device='cuda:0'), tensor(0.0364, device='cuda:0'), tensor(0.0728, device='cuda:0'), tensor(0.0596, device='cuda:0'), tensor(0.0508, device='cuda:0'), tensor(0.1032, device='cuda:0'), tensor(0.0561, device='cuda:0'), tensor(0.0382, device='cuda:0'), tensor(0.0571, device='cuda:0'), tensor(0.0880, device='cuda:0'), tensor(0.0572, device='cuda:0'), tensor(0.0555, device='cuda:0'), tensor(0.0452, device='cuda:0'), tensor(0.0578, device='cuda:0'), tensor(0.0408, device='cuda:0'), tensor(0.0406, device='cuda:0')]"
53,"[tensor(0.2878, device='cuda:0'), tensor(0.0307, device='cuda:0'), tensor(0.0567, device='cuda:0'), tensor(0.0277, device='cuda:0'), tensor(0.0380, device='cuda:0'), tensor(0.0554, device='cuda:0'), tensor(0.0281, device='cuda:0'), tensor(0.0346, device='cuda:0'), tensor(0.0615, device='cuda:0'), tensor(0.0545, device='cuda:0'), tensor(0.0396, device='cuda:0'), tensor(0.0477, device='cuda:0'), tensor(0.0337, device='cuda:0'), tensor(0.0488, device='cuda:0'), tensor(0.0515, device='cuda:0'), tensor(0.0468, device='cuda:0'), tensor(0.0392, device='cuda:0'), tensor(0.0313, device='cuda:0'), tensor(0.0322, device='cuda:0'), tensor(0.0691, device='cuda:0'), tensor(0.0324, device='cuda:0'), tensor(0.0357, device='cuda:0'), tensor(0.0451, device='cuda:0'), tensor(0.0795, device='cuda:0'), tensor(0.0305, device='cuda:0'), tensor(0.0322, device='cuda:0'), tensor(0.0403, device='cuda:0'), tensor(0.0661, device='cuda:0'), tensor(0.0408, device='cuda:0'), tensor(0.0555, device='cuda:0'), tensor(0.0313, device='cuda:0'), tensor(0.0615, device='cuda:0'), tensor(0.0483, device='cuda:0'), tensor(0.0622, device='cuda:0'), tensor(0.0308, device='cuda:0'), tensor(0.0743, device='cuda:0'), tensor(0.0826, device='cuda:0'), tensor(0.0449, device='cuda:0'), tensor(0.0336, device='cuda:0'), tensor(0.0762, device='cuda:0'), tensor(0.0360, device='cuda:0'), tensor(0.0371, device='cuda:0'), tensor(0.0503, device='cuda:0'), tensor(0.0512, device='cuda:0'), tensor(0.0387, device='cuda:0'), tensor(0.0338, device='cuda:0'), tensor(0.0442, device='cuda:0'), tensor(0.0321, device='cuda:0'), tensor(0.0545, device='cuda:0'), tensor(0.0752, device='cuda:0'), tensor(0.0633, device='cuda:0'), tensor(0.0311, device='cuda:0'), tensor(0.0482, device='cuda:0'), tensor(0.0304, device='cuda:0'), tensor(0.0304, device='cuda:0'), tensor(0.0586, device='cuda:0'), tensor(0.0328, device='cuda:0'), tensor(0.0602, device='cuda:0'), tensor(0.0532, device='cuda:0'), tensor(0.0637, device='cuda:0'), tensor(0.0750, device='cuda:0'), tensor(0.0316, device='cuda:0'), tensor(0.0569, device='cuda:0'), tensor(0.0304, device='cuda:0'), tensor(0.0532, device='cuda:0'), tensor(0.0516, device='cuda:0'), tensor(0.0459, device='cuda:0'), tensor(0.0525, device='cuda:0'), tensor(0.0342, device='cuda:0'), tensor(0.0337, device='cuda:0'), tensor(0.0547, device='cuda:0'), tensor(0.0450, device='cuda:0'), tensor(0.0680, device='cuda:0'), tensor(0.0585, device='cuda:0'), tensor(0.0316, device='cuda:0'), tensor(0.0328, device='cuda:0'), tensor(0.0466, device='cuda:0'), tensor(0.0348, device='cuda:0'), tensor(0.0419, device='cuda:0'), tensor(0.0351, device='cuda:0'), tensor(0.0335, device='cuda:0'), tensor(0.0408, device='cuda:0'), tensor(0.0420, device='cuda:0'), tensor(0.0483, device='cuda:0'), tensor(0.0332, device='cuda:0'), tensor(0.0338, device='cuda:0'), tensor(0.0614, device='cuda:0'), tensor(0.0523, device='cuda:0'), tensor(0.0777, device='cuda:0'), tensor(0.0549, device='cuda:0'), tensor(0.0557, device='cuda:0'), tensor(0.0361, device='cuda:0'), tensor(0.0811, device='cuda:0'), tensor(0.0679, device='cuda:0'), tensor(0.0336, device='cuda:0'), tensor(0.0358, device='cuda:0'), tensor(0.0564, device='cuda:0'), tensor(0.0342, device='cuda:0'), tensor(0.0562, device='cuda:0'), tensor(0.0365, device='cuda:0'), tensor(0.0341, device='cuda:0'), tensor(0.0444, device='cuda:0'), tensor(0.0356, device='cuda:0'), tensor(0.0524, device='cuda:0'), tensor(0.0776, device='cuda:0'), tensor(0.0582, device='cuda:0'), tensor(0.0765, device='cuda:0'), tensor(0.0446, device='cuda:0'), tensor(0.0349, device='cuda:0'), tensor(0.0617, device='cuda:0'), tensor(0.0396, device='cuda:0'), tensor(0.0338, device='cuda:0'), tensor(0.0330, device='cuda:0'), tensor(0.0512, device='cuda:0'), tensor(0.0709, device='cuda:0'), tensor(0.0679, device='cuda:0'), tensor(0.0673, device='cuda:0'), tensor(0.0407, device='cuda:0'), tensor(0.0546, device='cuda:0'), tensor(0.0407, device='cuda:0'), tensor(0.0785, device='cuda:0'), tensor(0.0646, device='cuda:0')]"
54,"[tensor(0.0310, device='cuda:0'), tensor(0.1550, device='cuda:0'), tensor(0.0481, device='cuda:0'), tensor(0.0287, device='cuda:0'), tensor(0.0522, device='cuda:0'), tensor(0.0456, device='cuda:0'), tensor(0.0299, device='cuda:0'), tensor(0.0450, device='cuda:0'), tensor(0.0705, device='cuda:0'), tensor(0.0389, device='cuda:0'), tensor(0.0336, device='cuda:0'), tensor(0.0359, device='cuda:0'), tensor(0.0845, device='cuda:0'), tensor(0.0508, device='cuda:0'), tensor(0.0518, device='cuda:0'), tensor(0.0365, device='cuda:0'), tensor(0.0465, device='cuda:0'), tensor(0.2814, device='cuda:0'), tensor(0.0460, device='cuda:0'), tensor(0.0387, device='cuda:0'), tensor(0.1036, device='cuda:0'), tensor(0.0776, device='cuda:0'), tensor(0.0725, device='cuda:0'), tensor(0.0534, device='cuda:0'), tensor(0.0907, device='cuda:0'), tensor(0.0323, device='cuda:0'), tensor(0.0418, device='cuda:0'), tensor(0.0437, device='cuda:0'), tensor(0.0508, device='cuda:0'), tensor(0.0384, device='cuda:0'), tensor(0.0664, device='cuda:0'), tensor(0.0522, device='cuda:0'), tensor(0.0631, device='cuda:0'), tensor(0.0617, device='cuda:0'), tensor(0.2728, device='cuda:0'), tensor(0.0480, device='cuda:0'), tensor(0.0487, device='cuda:0'), tensor(0.0482, device='cuda:0'), tensor(0.1062, device='cuda:0'), tensor(0.0364, device='cuda:0'), tensor(0.1014, device='cuda:0'), tensor(0.0666, device='cuda:0'), tensor(0.0512, device='cuda:0'), tensor(0.0698, device='cuda:0'), tensor(0.0429, device='cuda:0'), tensor(0.0772, device='cuda:0'), tensor(0.0655, device='cuda:0'), tensor(0.0820, device='cuda:0'), tensor(0.0409, device='cuda:0'), tensor(0.0407, device='cuda:0'), tensor(0.0608, device='cuda:0'), tensor(0.0699, device='cuda:0'), tensor(0.0567, device='cuda:0'), tensor(0.0505, device='cuda:0'), tensor(0.0533, device='cuda:0'), tensor(0.0331, device='cuda:0'), tensor(0.0653, device='cuda:0'), tensor(0.0365, device='cuda:0'), tensor(0.0417, device='cuda:0'), tensor(0.0393, device='cuda:0'), tensor(0.0355, device='cuda:0'), tensor(0.0502, device='cuda:0'), tensor(0.0468, device='cuda:0'), tensor(0.0652, device='cuda:0'), tensor(0.0349, device='cuda:0'), tensor(0.0329, device='cuda:0'), tensor(0.0358, device='cuda:0'), tensor(0.0499, device='cuda:0'), tensor(0.0867, device='cuda:0'), tensor(0.0869, device='cuda:0'), tensor(0.0406, device='cuda:0'), tensor(0.0355, device='cuda:0'), tensor(0.0375, device='cuda:0'), tensor(0.0377, device='cuda:0'), tensor(0.0726, device='cuda:0'), tensor(0.0854, device='cuda:0'), tensor(0.0594, device='cuda:0'), tensor(0.0782, device='cuda:0'), tensor(0.0657, device='cuda:0'), tensor(0.0585, device='cuda:0'), tensor(0.0892, device='cuda:0'), tensor(0.0619, device='cuda:0'), tensor(0.0609, device='cuda:0'), tensor(0.0503, device='cuda:0'), tensor(0.0622, device='cuda:0'), tensor(0.0530, device='cuda:0'), tensor(0.0497, device='cuda:0'), tensor(0.0599, device='cuda:0'), tensor(0.0556, device='cuda:0'), tensor(0.0342, device='cuda:0'), tensor(0.0372, device='cuda:0'), tensor(0.0965, device='cuda:0'), tensor(0.0322, device='cuda:0'), tensor(0.0427, device='cuda:0'), tensor(0.1238, device='cuda:0'), tensor(0.0858, device='cuda:0'), tensor(0.0494, device='cuda:0'), tensor(0.0642, device='cuda:0'), tensor(0.0664, device='cuda:0'), tensor(0.0634, device='cuda:0'), tensor(0.0604, device='cuda:0'), tensor(0.0363, device='cuda:0'), tensor(0.0904, device='cuda:0'), tensor(0.0356, device='cuda:0'), tensor(0.0457, device='cuda:0'), tensor(0.0373, device='cuda:0'), tensor(0.0464, device='cuda:0'), tensor(0.0397, device='cuda:0'), tensor(0.0825, device='cuda:0'), tensor(0.0479, device='cuda:0'), tensor(0.0490, device='cuda:0'), tensor(0.1156, device='cuda:0'), tensor(0.0551, device='cuda:0'), tensor(0.0385, device='cuda:0'), tensor(0.0362, device='cuda:0'), tensor(0.0932, device='cuda:0'), tensor(0.0602, device='cuda:0'), tensor(0.0448, device='cuda:0'), tensor(0.0455, device='cuda:0'), tensor(0.0695, device='cuda:0'), tensor(0.0443, device='cuda:0'), tensor(0.0401, device='cuda:0')]"
55,"[tensor(0.2813, device='cuda:0'), tensor(0.0370, device='cuda:0'), tensor(0.0494, device='cuda:0'), tensor(0.0277, device='cuda:0'), tensor(0.0460, device='cuda:0'), tensor(0.0534, device='cuda:0'), tensor(0.0283, device='cuda:0'), tensor(0.0345, device='cuda:0'), tensor(0.0341, device='cuda:0'), tensor(0.0534, device='cuda:0'), tensor(0.0407, device='cuda:0'), tensor(0.0477, device='cuda:0'), tensor(0.0344, device='cuda:0'), tensor(0.0451, device='cuda:0'), tensor(0.0563, device='cuda:0'), tensor(0.0548, device='cuda:0'), tensor(0.0394, device='cuda:0'), tensor(0.0308, device='cuda:0'), tensor(0.0354, device='cuda:0'), tensor(0.0743, device='cuda:0'), tensor(0.0347, device='cuda:0'), tensor(0.0367, device='cuda:0'), tensor(0.0456, device='cuda:0'), tensor(0.0919, device='cuda:0'), tensor(0.0371, device='cuda:0'), tensor(0.0321, device='cuda:0'), tensor(0.0437, device='cuda:0'), tensor(0.0653, device='cuda:0'), tensor(0.0469, device='cuda:0'), tensor(0.0631, device='cuda:0'), tensor(0.0313, device='cuda:0'), tensor(0.0597, device='cuda:0'), tensor(0.0548, device='cuda:0'), tensor(0.0789, device='cuda:0'), tensor(0.0307, device='cuda:0'), tensor(0.0677, device='cuda:0'), tensor(0.0433, device='cuda:0'), tensor(0.0493, device='cuda:0'), tensor(0.0346, device='cuda:0'), tensor(0.0473, device='cuda:0'), tensor(0.0358, device='cuda:0'), tensor(0.0340, device='cuda:0'), tensor(0.0422, device='cuda:0'), tensor(0.0542, device='cuda:0'), tensor(0.0411, device='cuda:0'), tensor(0.0334, device='cuda:0'), tensor(0.0468, device='cuda:0'), tensor(0.0321, device='cuda:0'), tensor(0.0567, device='cuda:0'), tensor(0.0465, device='cuda:0'), tensor(0.0445, device='cuda:0'), tensor(0.0301, device='cuda:0'), tensor(0.0567, device='cuda:0'), tensor(0.0313, device='cuda:0'), tensor(0.0301, device='cuda:0'), tensor(0.0584, device='cuda:0'), tensor(0.0314, device='cuda:0'), tensor(0.0574, device='cuda:0'), tensor(0.0464, device='cuda:0'), tensor(0.0607, device='cuda:0'), tensor(0.0674, device='cuda:0'), tensor(0.0357, device='cuda:0'), tensor(0.0479, device='cuda:0'), tensor(0.0347, device='cuda:0'), tensor(0.0540, device='cuda:0'), tensor(0.0495, device='cuda:0'), tensor(0.0474, device='cuda:0'), tensor(0.0643, device='cuda:0'), tensor(0.0376, device='cuda:0'), tensor(0.0328, device='cuda:0'), tensor(0.0646, device='cuda:0'), tensor(0.0552, device='cuda:0'), tensor(0.0694, device='cuda:0'), tensor(0.0554, device='cuda:0'), tensor(0.0330, device='cuda:0'), tensor(0.0361, device='cuda:0'), tensor(0.0450, device='cuda:0'), tensor(0.0349, device='cuda:0'), tensor(0.0430, device='cuda:0'), tensor(0.0398, device='cuda:0'), tensor(0.0319, device='cuda:0'), tensor(0.0364, device='cuda:0'), tensor(0.0386, device='cuda:0'), tensor(0.0699, device='cuda:0'), tensor(0.0344, device='cuda:0'), tensor(0.0339, device='cuda:0'), tensor(0.0473, device='cuda:0'), tensor(0.0434, device='cuda:0'), tensor(0.0453, device='cuda:0'), tensor(0.0517, device='cuda:0'), tensor(0.0443, device='cuda:0'), tensor(0.0383, device='cuda:0'), tensor(0.0712, device='cuda:0'), tensor(0.0649, device='cuda:0'), tensor(0.0394, device='cuda:0'), tensor(0.0324, device='cuda:0'), tensor(0.0521, device='cuda:0'), tensor(0.0353, device='cuda:0'), tensor(0.0678, device='cuda:0'), tensor(0.0375, device='cuda:0'), tensor(0.0340, device='cuda:0'), tensor(0.0459, device='cuda:0'), tensor(0.0354, device='cuda:0'), tensor(0.0534, device='cuda:0'), tensor(0.0534, device='cuda:0'), tensor(0.0576, device='cuda:0'), tensor(0.0926, device='cuda:0'), tensor(0.0426, device='cuda:0'), tensor(0.0360, device='cuda:0'), tensor(0.0626, device='cuda:0'), tensor(0.0392, device='cuda:0'), tensor(0.0369, device='cuda:0'), tensor(0.0400, device='cuda:0'), tensor(0.0436, device='cuda:0'), tensor(0.0739, device='cuda:0'), tensor(0.0592, device='cuda:0'), tensor(0.0778, device='cuda:0'), tensor(0.0456, device='cuda:0'), tensor(0.0485, device='cuda:0'), tensor(0.0388, device='cuda:0'), tensor(0.0654, device='cuda:0'), tensor(0.0635, device='cuda:0')]"
56,"[tensor(0.0314, device='cuda:0'), tensor(0.0876, device='cuda:0'), tensor(0.0493, device='cuda:0'), tensor(0.0286, device='cuda:0'), tensor(0.0439, device='cuda:0'), tensor(0.0336, device='cuda:0'), tensor(0.0291, device='cuda:0'), tensor(0.0495, device='cuda:0'), tensor(0.0623, device='cuda:0'), tensor(0.0394, device='cuda:0'), tensor(0.0325, device='cuda:0'), tensor(0.0366, device='cuda:0'), tensor(0.0746, device='cuda:0'), tensor(0.0515, device='cuda:0'), tensor(0.0530, device='cuda:0'), tensor(0.0420, device='cuda:0'), tensor(0.0417, device='cuda:0'), tensor(0.2660, device='cuda:0'), tensor(0.0398, device='cuda:0'), tensor(0.0356, device='cuda:0'), tensor(0.0746, device='cuda:0'), tensor(0.0665, device='cuda:0'), tensor(0.0713, device='cuda:0'), tensor(0.0511, device='cuda:0'), tensor(0.0631, device='cuda:0'), tensor(0.0324, device='cuda:0'), tensor(0.0348, device='cuda:0'), tensor(0.0465, device='cuda:0'), tensor(0.0478, device='cuda:0'), tensor(0.0444, device='cuda:0'), tensor(0.0664, device='cuda:0'), tensor(0.0698, device='cuda:0'), tensor(0.0724, device='cuda:0'), tensor(0.0567, device='cuda:0'), tensor(0.2734, device='cuda:0'), tensor(0.0558, device='cuda:0'), tensor(0.0741, device='cuda:0'), tensor(0.0369, device='cuda:0'), tensor(0.1093, device='cuda:0'), tensor(0.0424, device='cuda:0'), tensor(0.1018, device='cuda:0'), tensor(0.0663, device='cuda:0'), tensor(0.0520, device='cuda:0'), tensor(0.0603, device='cuda:0'), tensor(0.0650, device='cuda:0'), tensor(0.0806, device='cuda:0'), tensor(0.0446, device='cuda:0'), tensor(0.0679, device='cuda:0'), tensor(0.0393, device='cuda:0'), tensor(0.0573, device='cuda:0'), tensor(0.0455, device='cuda:0'), tensor(0.0708, device='cuda:0'), tensor(0.0472, device='cuda:0'), tensor(0.0494, device='cuda:0'), tensor(0.0504, device='cuda:0'), tensor(0.0314, device='cuda:0'), tensor(0.0648, device='cuda:0'), tensor(0.0361, device='cuda:0'), tensor(0.0608, device='cuda:0'), tensor(0.0365, device='cuda:0'), tensor(0.0380, device='cuda:0'), tensor(0.0516, device='cuda:0'), tensor(0.0607, device='cuda:0'), tensor(0.0560, device='cuda:0'), tensor(0.0360, device='cuda:0'), tensor(0.0332, device='cuda:0'), tensor(0.0476, device='cuda:0'), tensor(0.0460, device='cuda:0'), tensor(0.0828, device='cuda:0'), tensor(0.0853, device='cuda:0'), tensor(0.0493, device='cuda:0'), tensor(0.0296, device='cuda:0'), tensor(0.0382, device='cuda:0'), tensor(0.0403, device='cuda:0'), tensor(0.0699, device='cuda:0'), tensor(0.0652, device='cuda:0'), tensor(0.0611, device='cuda:0'), tensor(0.0504, device='cuda:0'), tensor(0.0444, device='cuda:0'), tensor(0.0491, device='cuda:0'), tensor(0.0788, device='cuda:0'), tensor(0.0587, device='cuda:0'), tensor(0.0642, device='cuda:0'), tensor(0.0475, device='cuda:0'), tensor(0.0556, device='cuda:0'), tensor(0.0471, device='cuda:0'), tensor(0.0590, device='cuda:0'), tensor(0.0572, device='cuda:0'), tensor(0.0935, device='cuda:0'), tensor(0.0335, device='cuda:0'), tensor(0.0422, device='cuda:0'), tensor(0.0637, device='cuda:0'), tensor(0.0329, device='cuda:0'), tensor(0.0433, device='cuda:0'), tensor(0.0670, device='cuda:0'), tensor(0.0801, device='cuda:0'), tensor(0.0548, device='cuda:0'), tensor(0.0568, device='cuda:0'), tensor(0.0510, device='cuda:0'), tensor(0.0500, device='cuda:0'), tensor(0.0710, device='cuda:0'), tensor(0.0389, device='cuda:0'), tensor(0.0621, device='cuda:0'), tensor(0.0351, device='cuda:0'), tensor(0.0503, device='cuda:0'), tensor(0.0405, device='cuda:0'), tensor(0.0456, device='cuda:0'), tensor(0.0572, device='cuda:0'), tensor(0.0832, device='cuda:0'), tensor(0.0608, device='cuda:0'), tensor(0.0526, device='cuda:0'), tensor(0.0863, device='cuda:0'), tensor(0.0585, device='cuda:0'), tensor(0.0393, device='cuda:0'), tensor(0.0416, device='cuda:0'), tensor(0.0952, device='cuda:0'), tensor(0.0614, device='cuda:0'), tensor(0.0441, device='cuda:0'), tensor(0.0470, device='cuda:0'), tensor(0.0553, device='cuda:0'), tensor(0.0733, device='cuda:0'), tensor(0.0450, device='cuda:0')]"
57,"[tensor(0.2740, device='cuda:0'), tensor(0.0297, device='cuda:0'), tensor(0.0542, device='cuda:0'), tensor(0.0281, device='cuda:0'), tensor(0.0527, device='cuda:0'), tensor(0.0511, device='cuda:0'), tensor(0.0282, device='cuda:0'), tensor(0.0530, device='cuda:0'), tensor(0.0821, device='cuda:0'), tensor(0.0574, device='cuda:0'), tensor(0.0394, device='cuda:0'), tensor(0.0523, device='cuda:0'), tensor(0.0336, device='cuda:0'), tensor(0.0525, device='cuda:0'), tensor(0.0647, device='cuda:0'), tensor(0.0592, device='cuda:0'), tensor(0.0446, device='cuda:0'), tensor(0.0323, device='cuda:0'), tensor(0.0374, device='cuda:0'), tensor(0.0743, device='cuda:0'), tensor(0.0332, device='cuda:0'), tensor(0.0337, device='cuda:0'), tensor(0.0424, device='cuda:0'), tensor(0.0649, device='cuda:0'), tensor(0.0319, device='cuda:0'), tensor(0.0327, device='cuda:0'), tensor(0.0543, device='cuda:0'), tensor(0.0705, device='cuda:0'), tensor(0.0480, device='cuda:0'), tensor(0.0715, device='cuda:0'), tensor(0.0324, device='cuda:0'), tensor(0.0530, device='cuda:0'), tensor(0.0643, device='cuda:0'), tensor(0.0864, device='cuda:0'), tensor(0.0309, device='cuda:0'), tensor(0.0825, device='cuda:0'), tensor(0.0554, device='cuda:0'), tensor(0.0549, device='cuda:0'), tensor(0.0333, device='cuda:0'), tensor(0.0444, device='cuda:0'), tensor(0.0378, device='cuda:0'), tensor(0.0360, device='cuda:0'), tensor(0.0423, device='cuda:0'), tensor(0.0389, device='cuda:0'), tensor(0.0374, device='cuda:0'), tensor(0.0334, device='cuda:0'), tensor(0.0470, device='cuda:0'), tensor(0.0343, device='cuda:0'), tensor(0.0542, device='cuda:0'), tensor(0.0381, device='cuda:0'), tensor(0.0666, device='cuda:0'), tensor(0.0318, device='cuda:0'), tensor(0.0563, device='cuda:0'), tensor(0.0316, device='cuda:0'), tensor(0.0298, device='cuda:0'), tensor(0.0624, device='cuda:0'), tensor(0.0404, device='cuda:0'), tensor(0.0612, device='cuda:0'), tensor(0.0567, device='cuda:0'), tensor(0.0716, device='cuda:0'), tensor(0.0586, device='cuda:0'), tensor(0.0368, device='cuda:0'), tensor(0.0599, device='cuda:0'), tensor(0.0303, device='cuda:0'), tensor(0.0496, device='cuda:0'), tensor(0.0475, device='cuda:0'), tensor(0.0459, device='cuda:0'), tensor(0.0538, device='cuda:0'), tensor(0.0352, device='cuda:0'), tensor(0.0344, device='cuda:0'), tensor(0.0434, device='cuda:0'), tensor(0.0561, device='cuda:0'), tensor(0.0738, device='cuda:0'), tensor(0.0644, device='cuda:0'), tensor(0.0322, device='cuda:0'), tensor(0.0332, device='cuda:0'), tensor(0.0422, device='cuda:0'), tensor(0.0360, device='cuda:0'), tensor(0.0419, device='cuda:0'), tensor(0.0356, device='cuda:0'), tensor(0.0341, device='cuda:0'), tensor(0.0496, device='cuda:0'), tensor(0.0410, device='cuda:0'), tensor(0.0458, device='cuda:0'), tensor(0.0347, device='cuda:0'), tensor(0.0335, device='cuda:0'), tensor(0.0405, device='cuda:0'), tensor(0.0468, device='cuda:0'), tensor(0.0738, device='cuda:0'), tensor(0.0579, device='cuda:0'), tensor(0.0686, device='cuda:0'), tensor(0.0355, device='cuda:0'), tensor(0.0802, device='cuda:0'), tensor(0.0656, device='cuda:0'), tensor(0.0392, device='cuda:0'), tensor(0.0359, device='cuda:0'), tensor(0.0561, device='cuda:0'), tensor(0.0338, device='cuda:0'), tensor(0.0782, device='cuda:0'), tensor(0.0372, device='cuda:0'), tensor(0.0324, device='cuda:0'), tensor(0.0442, device='cuda:0'), tensor(0.0384, device='cuda:0'), tensor(0.0585, device='cuda:0'), tensor(0.0413, device='cuda:0'), tensor(0.0581, device='cuda:0'), tensor(0.0864, device='cuda:0'), tensor(0.0424, device='cuda:0'), tensor(0.0380, device='cuda:0'), tensor(0.0598, device='cuda:0'), tensor(0.0443, device='cuda:0'), tensor(0.0353, device='cuda:0'), tensor(0.0339, device='cuda:0'), tensor(0.0455, device='cuda:0'), tensor(0.0853, device='cuda:0'), tensor(0.0617, device='cuda:0'), tensor(0.0636, device='cuda:0'), tensor(0.0373, device='cuda:0'), tensor(0.0479, device='cuda:0'), tensor(0.0387, device='cuda:0'), tensor(0.0550, device='cuda:0'), tensor(0.0709, device='cuda:0')]"
58,"[tensor(0.0305, device='cuda:0'), tensor(0.1476, device='cuda:0'), tensor(0.0523, device='cuda:0'), tensor(0.0289, device='cuda:0'), tensor(0.0516, device='cuda:0'), tensor(0.0353, device='cuda:0'), tensor(0.0308, device='cuda:0'), tensor(0.0394, device='cuda:0'), tensor(0.0565, device='cuda:0'), tensor(0.0420, device='cuda:0'), tensor(0.0318, device='cuda:0'), tensor(0.0429, device='cuda:0'), tensor(0.0959, device='cuda:0'), tensor(0.0485, device='cuda:0'), tensor(0.0480, device='cuda:0'), tensor(0.0377, device='cuda:0'), tensor(0.0559, device='cuda:0'), tensor(0.2601, device='cuda:0'), tensor(0.0425, device='cuda:0'), tensor(0.0378, device='cuda:0'), tensor(0.1062, device='cuda:0'), tensor(0.0812, device='cuda:0'), tensor(0.0587, device='cuda:0'), tensor(0.0584, device='cuda:0'), tensor(0.0935, device='cuda:0'), tensor(0.0319, device='cuda:0'), tensor(0.0367, device='cuda:0'), tensor(0.0484, device='cuda:0'), tensor(0.0528, device='cuda:0'), tensor(0.0398, device='cuda:0'), tensor(0.0689, device='cuda:0'), tensor(0.0790, device='cuda:0'), tensor(0.0613, device='cuda:0'), tensor(0.0555, device='cuda:0'), tensor(0.2674, device='cuda:0'), tensor(0.0390, device='cuda:0'), tensor(0.0695, device='cuda:0'), tensor(0.0390, device='cuda:0'), tensor(0.1215, device='cuda:0'), tensor(0.0394, device='cuda:0'), tensor(0.0927, device='cuda:0'), tensor(0.0708, device='cuda:0'), tensor(0.0535, device='cuda:0'), tensor(0.0679, device='cuda:0'), tensor(0.0514, device='cuda:0'), tensor(0.0836, device='cuda:0'), tensor(0.0342, device='cuda:0'), tensor(0.0640, device='cuda:0'), tensor(0.0405, device='cuda:0'), tensor(0.0675, device='cuda:0'), tensor(0.0573, device='cuda:0'), tensor(0.0700, device='cuda:0'), tensor(0.0416, device='cuda:0'), tensor(0.0542, device='cuda:0'), tensor(0.0508, device='cuda:0'), tensor(0.0307, device='cuda:0'), tensor(0.0753, device='cuda:0'), tensor(0.0366, device='cuda:0'), tensor(0.0453, device='cuda:0'), tensor(0.0392, device='cuda:0'), tensor(0.0442, device='cuda:0'), tensor(0.0497, device='cuda:0'), tensor(0.0461, device='cuda:0'), tensor(0.0635, device='cuda:0'), tensor(0.0386, device='cuda:0'), tensor(0.0335, device='cuda:0'), tensor(0.0378, device='cuda:0'), tensor(0.0483, device='cuda:0'), tensor(0.0873, device='cuda:0'), tensor(0.1112, device='cuda:0'), tensor(0.0471, device='cuda:0'), tensor(0.0313, device='cuda:0'), tensor(0.0372, device='cuda:0'), tensor(0.0404, device='cuda:0'), tensor(0.0624, device='cuda:0'), tensor(0.0874, device='cuda:0'), tensor(0.0605, device='cuda:0'), tensor(0.0930, device='cuda:0'), tensor(0.0668, device='cuda:0'), tensor(0.0519, device='cuda:0'), tensor(0.0703, device='cuda:0'), tensor(0.0615, device='cuda:0'), tensor(0.0635, device='cuda:0'), tensor(0.0529, device='cuda:0'), tensor(0.0598, device='cuda:0'), tensor(0.0448, device='cuda:0'), tensor(0.0589, device='cuda:0'), tensor(0.0491, device='cuda:0'), tensor(0.0778, device='cuda:0'), tensor(0.0329, device='cuda:0'), tensor(0.0369, device='cuda:0'), tensor(0.0883, device='cuda:0'), tensor(0.0316, device='cuda:0'), tensor(0.0474, device='cuda:0'), tensor(0.1009, device='cuda:0'), tensor(0.0657, device='cuda:0'), tensor(0.0592, device='cuda:0'), tensor(0.0695, device='cuda:0'), tensor(0.0474, device='cuda:0'), tensor(0.0560, device='cuda:0'), tensor(0.0724, device='cuda:0'), tensor(0.0372, device='cuda:0'), tensor(0.0897, device='cuda:0'), tensor(0.0340, device='cuda:0'), tensor(0.0507, device='cuda:0'), tensor(0.0403, device='cuda:0'), tensor(0.0480, device='cuda:0'), tensor(0.0482, device='cuda:0'), tensor(0.0833, device='cuda:0'), tensor(0.0703, device='cuda:0'), tensor(0.0771, device='cuda:0'), tensor(0.0929, device='cuda:0'), tensor(0.0560, device='cuda:0'), tensor(0.0357, device='cuda:0'), tensor(0.0349, device='cuda:0'), tensor(0.1012, device='cuda:0'), tensor(0.0640, device='cuda:0'), tensor(0.0472, device='cuda:0'), tensor(0.0465, device='cuda:0'), tensor(0.0581, device='cuda:0'), tensor(0.0661, device='cuda:0'), tensor(0.0469, device='cuda:0')]"
59,"[tensor(0.2810, device='cuda:0'), tensor(0.0297, device='cuda:0'), tensor(0.0437, device='cuda:0'), tensor(0.0278, device='cuda:0'), tensor(0.0513, device='cuda:0'), tensor(0.0490, device='cuda:0'), tensor(0.0278, device='cuda:0'), tensor(0.0529, device='cuda:0'), tensor(0.0464, device='cuda:0'), tensor(0.0577, device='cuda:0'), tensor(0.0394, device='cuda:0'), tensor(0.0467, device='cuda:0'), tensor(0.0328, device='cuda:0'), tensor(0.0531, device='cuda:0'), tensor(0.0569, device='cuda:0'), tensor(0.0632, device='cuda:0'), tensor(0.0356, device='cuda:0'), tensor(0.0320, device='cuda:0'), tensor(0.0364, device='cuda:0'), tensor(0.0735, device='cuda:0'), tensor(0.0362, device='cuda:0'), tensor(0.0379, device='cuda:0'), tensor(0.0452, device='cuda:0'), tensor(0.1022, device='cuda:0'), tensor(0.0343, device='cuda:0'), tensor(0.0336, device='cuda:0'), tensor(0.0449, device='cuda:0'), tensor(0.0641, device='cuda:0'), tensor(0.0560, device='cuda:0'), tensor(0.0658, device='cuda:0'), tensor(0.0320, device='cuda:0'), tensor(0.0607, device='cuda:0'), tensor(0.0661, device='cuda:0'), tensor(0.1036, device='cuda:0'), tensor(0.0299, device='cuda:0'), tensor(0.0808, device='cuda:0'), tensor(0.0511, device='cuda:0'), tensor(0.0492, device='cuda:0'), tensor(0.0326, device='cuda:0'), tensor(0.0734, device='cuda:0'), tensor(0.0365, device='cuda:0'), tensor(0.0376, device='cuda:0'), tensor(0.0384, device='cuda:0'), tensor(0.0497, device='cuda:0'), tensor(0.0444, device='cuda:0'), tensor(0.0304, device='cuda:0'), tensor(0.0634, device='cuda:0'), tensor(0.0314, device='cuda:0'), tensor(0.0597, device='cuda:0'), tensor(0.0551, device='cuda:0'), tensor(0.0416, device='cuda:0'), tensor(0.0315, device='cuda:0'), tensor(0.0934, device='cuda:0'), tensor(0.0315, device='cuda:0'), tensor(0.0291, device='cuda:0'), tensor(0.0612, device='cuda:0'), tensor(0.0352, device='cuda:0'), tensor(0.0547, device='cuda:0'), tensor(0.0811, device='cuda:0'), tensor(0.0635, device='cuda:0'), tensor(0.0545, device='cuda:0'), tensor(0.0433, device='cuda:0'), tensor(0.0577, device='cuda:0'), tensor(0.0307, device='cuda:0'), tensor(0.0520, device='cuda:0'), tensor(0.0451, device='cuda:0'), tensor(0.0425, device='cuda:0'), tensor(0.0555, device='cuda:0'), tensor(0.0364, device='cuda:0'), tensor(0.0334, device='cuda:0'), tensor(0.0915, device='cuda:0'), tensor(0.0816, device='cuda:0'), tensor(0.0762, device='cuda:0'), tensor(0.0464, device='cuda:0'), tensor(0.0328, device='cuda:0'), tensor(0.0341, device='cuda:0'), tensor(0.0399, device='cuda:0'), tensor(0.0389, device='cuda:0'), tensor(0.0372, device='cuda:0'), tensor(0.0456, device='cuda:0'), tensor(0.0316, device='cuda:0'), tensor(0.0394, device='cuda:0'), tensor(0.0447, device='cuda:0'), tensor(0.0467, device='cuda:0'), tensor(0.0332, device='cuda:0'), tensor(0.0329, device='cuda:0'), tensor(0.0519, device='cuda:0'), tensor(0.0518, device='cuda:0'), tensor(0.0767, device='cuda:0'), tensor(0.0623, device='cuda:0'), tensor(0.0414, device='cuda:0'), tensor(0.0336, device='cuda:0'), tensor(0.0791, device='cuda:0'), tensor(0.0672, device='cuda:0'), tensor(0.0347, device='cuda:0'), tensor(0.0358, device='cuda:0'), tensor(0.0506, device='cuda:0'), tensor(0.0347, device='cuda:0'), tensor(0.0728, device='cuda:0'), tensor(0.0349, device='cuda:0'), tensor(0.0334, device='cuda:0'), tensor(0.0503, device='cuda:0'), tensor(0.0358, device='cuda:0'), tensor(0.0639, device='cuda:0'), tensor(0.0388, device='cuda:0'), tensor(0.0593, device='cuda:0'), tensor(0.0924, device='cuda:0'), tensor(0.0495, device='cuda:0'), tensor(0.0387, device='cuda:0'), tensor(0.0619, device='cuda:0'), tensor(0.0432, device='cuda:0'), tensor(0.0338, device='cuda:0'), tensor(0.0354, device='cuda:0'), tensor(0.0450, device='cuda:0'), tensor(0.0840, device='cuda:0'), tensor(0.0594, device='cuda:0'), tensor(0.0778, device='cuda:0'), tensor(0.0602, device='cuda:0'), tensor(0.0449, device='cuda:0'), tensor(0.0368, device='cuda:0'), tensor(0.0593, device='cuda:0'), tensor(0.0707, device='cuda:0')]"
60,"[tensor(0.0318, device='cuda:0'), tensor(0.0888, device='cuda:0'), tensor(0.0443, device='cuda:0'), tensor(0.0285, device='cuda:0'), tensor(0.0726, device='cuda:0'), tensor(0.0443, device='cuda:0'), tensor(0.0301, device='cuda:0'), tensor(0.0347, device='cuda:0'), tensor(0.0725, device='cuda:0'), tensor(0.0447, device='cuda:0'), tensor(0.0309, device='cuda:0'), tensor(0.0438, device='cuda:0'), tensor(0.1045, device='cuda:0'), tensor(0.0464, device='cuda:0'), tensor(0.0608, device='cuda:0'), tensor(0.0486, device='cuda:0'), tensor(0.0436, device='cuda:0'), tensor(0.2608, device='cuda:0'), tensor(0.0480, device='cuda:0'), tensor(0.0365, device='cuda:0'), tensor(0.0726, device='cuda:0'), tensor(0.0585, device='cuda:0'), tensor(0.0621, device='cuda:0'), tensor(0.0475, device='cuda:0'), tensor(0.0673, device='cuda:0'), tensor(0.0317, device='cuda:0'), tensor(0.0407, device='cuda:0'), tensor(0.0547, device='cuda:0'), tensor(0.0453, device='cuda:0'), tensor(0.0365, device='cuda:0'), tensor(0.0679, device='cuda:0'), tensor(0.0600, device='cuda:0'), tensor(0.0674, device='cuda:0'), tensor(0.0511, device='cuda:0'), tensor(0.2656, device='cuda:0'), tensor(0.0463, device='cuda:0'), tensor(0.0653, device='cuda:0'), tensor(0.0404, device='cuda:0'), tensor(0.1115, device='cuda:0'), tensor(0.0413, device='cuda:0'), tensor(0.1070, device='cuda:0'), tensor(0.0731, device='cuda:0'), tensor(0.0536, device='cuda:0'), tensor(0.0700, device='cuda:0'), tensor(0.0541, device='cuda:0'), tensor(0.1119, device='cuda:0'), tensor(0.0397, device='cuda:0'), tensor(0.0794, device='cuda:0'), tensor(0.0464, device='cuda:0'), tensor(0.0593, device='cuda:0'), tensor(0.0789, device='cuda:0'), tensor(0.0808, device='cuda:0'), tensor(0.0446, device='cuda:0'), tensor(0.0571, device='cuda:0'), tensor(0.0543, device='cuda:0'), tensor(0.0305, device='cuda:0'), tensor(0.0696, device='cuda:0'), tensor(0.0369, device='cuda:0'), tensor(0.0409, device='cuda:0'), tensor(0.0397, device='cuda:0'), tensor(0.0445, device='cuda:0'), tensor(0.0518, device='cuda:0'), tensor(0.0509, device='cuda:0'), tensor(0.0632, device='cuda:0'), tensor(0.0423, device='cuda:0'), tensor(0.0328, device='cuda:0'), tensor(0.0480, device='cuda:0'), tensor(0.0480, device='cuda:0'), tensor(0.0900, device='cuda:0'), tensor(0.1012, device='cuda:0'), tensor(0.0399, device='cuda:0'), tensor(0.0303, device='cuda:0'), tensor(0.0388, device='cuda:0'), tensor(0.0445, device='cuda:0'), tensor(0.0753, device='cuda:0'), tensor(0.0824, device='cuda:0'), tensor(0.0591, device='cuda:0'), tensor(0.0643, device='cuda:0'), tensor(0.0614, device='cuda:0'), tensor(0.0478, device='cuda:0'), tensor(0.0767, device='cuda:0'), tensor(0.0594, device='cuda:0'), tensor(0.0557, device='cuda:0'), tensor(0.0512, device='cuda:0'), tensor(0.0602, device='cuda:0'), tensor(0.0471, device='cuda:0'), tensor(0.0524, device='cuda:0'), tensor(0.0513, device='cuda:0'), tensor(0.0729, device='cuda:0'), tensor(0.0350, device='cuda:0'), tensor(0.0647, device='cuda:0'), tensor(0.0831, device='cuda:0'), tensor(0.0308, device='cuda:0'), tensor(0.0523, device='cuda:0'), tensor(0.1038, device='cuda:0'), tensor(0.0858, device='cuda:0'), tensor(0.0583, device='cuda:0'), tensor(0.0610, device='cuda:0'), tensor(0.0420, device='cuda:0'), tensor(0.0601, device='cuda:0'), tensor(0.0741, device='cuda:0'), tensor(0.0380, device='cuda:0'), tensor(0.0685, device='cuda:0'), tensor(0.0331, device='cuda:0'), tensor(0.0630, device='cuda:0'), tensor(0.0425, device='cuda:0'), tensor(0.0584, device='cuda:0'), tensor(0.0372, device='cuda:0'), tensor(0.0892, device='cuda:0'), tensor(0.0752, device='cuda:0'), tensor(0.0454, device='cuda:0'), tensor(0.0979, device='cuda:0'), tensor(0.0629, device='cuda:0'), tensor(0.0369, device='cuda:0'), tensor(0.0547, device='cuda:0'), tensor(0.1350, device='cuda:0'), tensor(0.0653, device='cuda:0'), tensor(0.0443, device='cuda:0'), tensor(0.0453, device='cuda:0'), tensor(0.0627, device='cuda:0'), tensor(0.0739, device='cuda:0'), tensor(0.0462, device='cuda:0')]"
61,"[tensor(0.2864, device='cuda:0'), tensor(0.0287, device='cuda:0'), tensor(0.0548, device='cuda:0'), tensor(0.0281, device='cuda:0'), tensor(0.0362, device='cuda:0'), tensor(0.0385, device='cuda:0'), tensor(0.0281, device='cuda:0'), tensor(0.0577, device='cuda:0'), tensor(0.0513, device='cuda:0'), tensor(0.0559, device='cuda:0'), tensor(0.0387, device='cuda:0'), tensor(0.0568, device='cuda:0'), tensor(0.0359, device='cuda:0'), tensor(0.0466, device='cuda:0'), tensor(0.0404, device='cuda:0'), tensor(0.0467, device='cuda:0'), tensor(0.0427, device='cuda:0'), tensor(0.0333, device='cuda:0'), tensor(0.0374, device='cuda:0'), tensor(0.0828, device='cuda:0'), tensor(0.0317, device='cuda:0'), tensor(0.0336, device='cuda:0'), tensor(0.0501, device='cuda:0'), tensor(0.0838, device='cuda:0'), tensor(0.0367, device='cuda:0'), tensor(0.0340, device='cuda:0'), tensor(0.0448, device='cuda:0'), tensor(0.0578, device='cuda:0'), tensor(0.0509, device='cuda:0'), tensor(0.0695, device='cuda:0'), tensor(0.0340, device='cuda:0'), tensor(0.0695, device='cuda:0'), tensor(0.0680, device='cuda:0'), tensor(0.0880, device='cuda:0'), tensor(0.0311, device='cuda:0'), tensor(0.0810, device='cuda:0'), tensor(0.0760, device='cuda:0'), tensor(0.0490, device='cuda:0'), tensor(0.0333, device='cuda:0'), tensor(0.0492, device='cuda:0'), tensor(0.0404, device='cuda:0'), tensor(0.0392, device='cuda:0'), tensor(0.0460, device='cuda:0'), tensor(0.0640, device='cuda:0'), tensor(0.0435, device='cuda:0'), tensor(0.0344, device='cuda:0'), tensor(0.0474, device='cuda:0'), tensor(0.0360, device='cuda:0'), tensor(0.0529, device='cuda:0'), tensor(0.0493, device='cuda:0'), tensor(0.0520, device='cuda:0'), tensor(0.0317, device='cuda:0'), tensor(0.0722, device='cuda:0'), tensor(0.0319, device='cuda:0'), tensor(0.0297, device='cuda:0'), tensor(0.0637, device='cuda:0'), tensor(0.0378, device='cuda:0'), tensor(0.0595, device='cuda:0'), tensor(0.0733, device='cuda:0'), tensor(0.0619, device='cuda:0'), tensor(0.0649, device='cuda:0'), tensor(0.0452, device='cuda:0'), tensor(0.0487, device='cuda:0'), tensor(0.0314, device='cuda:0'), tensor(0.0593, device='cuda:0'), tensor(0.0489, device='cuda:0'), tensor(0.0496, device='cuda:0'), tensor(0.0546, device='cuda:0'), tensor(0.0341, device='cuda:0'), tensor(0.0359, device='cuda:0'), tensor(0.0711, device='cuda:0'), tensor(0.0757, device='cuda:0'), tensor(0.0789, device='cuda:0'), tensor(0.0730, device='cuda:0'), tensor(0.0319, device='cuda:0'), tensor(0.0382, device='cuda:0'), tensor(0.0370, device='cuda:0'), tensor(0.0344, device='cuda:0'), tensor(0.0395, device='cuda:0'), tensor(0.0522, device='cuda:0'), tensor(0.0330, device='cuda:0'), tensor(0.0399, device='cuda:0'), tensor(0.0450, device='cuda:0'), tensor(0.0653, device='cuda:0'), tensor(0.0355, device='cuda:0'), tensor(0.0362, device='cuda:0'), tensor(0.0511, device='cuda:0'), tensor(0.0490, device='cuda:0'), tensor(0.0733, device='cuda:0'), tensor(0.0530, device='cuda:0'), tensor(0.0688, device='cuda:0'), tensor(0.0366, device='cuda:0'), tensor(0.0723, device='cuda:0'), tensor(0.0684, device='cuda:0'), tensor(0.0374, device='cuda:0'), tensor(0.0309, device='cuda:0'), tensor(0.0589, device='cuda:0'), tensor(0.0353, device='cuda:0'), tensor(0.0679, device='cuda:0'), tensor(0.0360, device='cuda:0'), tensor(0.0351, device='cuda:0'), tensor(0.0493, device='cuda:0'), tensor(0.0381, device='cuda:0'), tensor(0.0626, device='cuda:0'), tensor(0.0676, device='cuda:0'), tensor(0.0582, device='cuda:0'), tensor(0.0952, device='cuda:0'), tensor(0.0525, device='cuda:0'), tensor(0.0398, device='cuda:0'), tensor(0.0565, device='cuda:0'), tensor(0.0356, device='cuda:0'), tensor(0.0356, device='cuda:0'), tensor(0.0362, device='cuda:0'), tensor(0.0518, device='cuda:0'), tensor(0.0732, device='cuda:0'), tensor(0.0699, device='cuda:0'), tensor(0.0839, device='cuda:0'), tensor(0.0427, device='cuda:0'), tensor(0.0478, device='cuda:0'), tensor(0.0382, device='cuda:0'), tensor(0.0602, device='cuda:0'), tensor(0.0799, device='cuda:0')]"
62,"[tensor(0.0324, device='cuda:0'), tensor(0.1173, device='cuda:0'), tensor(0.0421, device='cuda:0'), tensor(0.0293, device='cuda:0'), tensor(0.0742, device='cuda:0'), tensor(0.0440, device='cuda:0'), tensor(0.0291, device='cuda:0'), tensor(0.0440, device='cuda:0'), tensor(0.0535, device='cuda:0'), tensor(0.0432, device='cuda:0'), tensor(0.0321, device='cuda:0'), tensor(0.0445, device='cuda:0'), tensor(0.0744, device='cuda:0'), tensor(0.0423, device='cuda:0'), tensor(0.0601, device='cuda:0'), tensor(0.0598, device='cuda:0'), tensor(0.0580, device='cuda:0'), tensor(0.2609, device='cuda:0'), tensor(0.0490, device='cuda:0'), tensor(0.0371, device='cuda:0'), tensor(0.0911, device='cuda:0'), tensor(0.0827, device='cuda:0'), tensor(0.0705, device='cuda:0'), tensor(0.0544, device='cuda:0'), tensor(0.0784, device='cuda:0'), tensor(0.0331, device='cuda:0'), tensor(0.0421, device='cuda:0'), tensor(0.0587, device='cuda:0'), tensor(0.0490, device='cuda:0'), tensor(0.0419, device='cuda:0'), tensor(0.0641, device='cuda:0'), tensor(0.0698, device='cuda:0'), tensor(0.0648, device='cuda:0'), tensor(0.0615, device='cuda:0'), tensor(0.2520, device='cuda:0'), tensor(0.0496, device='cuda:0'), tensor(0.0703, device='cuda:0'), tensor(0.0430, device='cuda:0'), tensor(0.1031, device='cuda:0'), tensor(0.0473, device='cuda:0'), tensor(0.1102, device='cuda:0'), tensor(0.0659, device='cuda:0'), tensor(0.0580, device='cuda:0'), tensor(0.0618, device='cuda:0'), tensor(0.0605, device='cuda:0'), tensor(0.0816, device='cuda:0'), tensor(0.0526, device='cuda:0'), tensor(0.0637, device='cuda:0'), tensor(0.0459, device='cuda:0'), tensor(0.0595, device='cuda:0'), tensor(0.0466, device='cuda:0'), tensor(0.0753, device='cuda:0'), tensor(0.0577, device='cuda:0'), tensor(0.0553, device='cuda:0'), tensor(0.0514, device='cuda:0'), tensor(0.0307, device='cuda:0'), tensor(0.0682, device='cuda:0'), tensor(0.0370, device='cuda:0'), tensor(0.0474, device='cuda:0'), tensor(0.0422, device='cuda:0'), tensor(0.0396, device='cuda:0'), tensor(0.0561, device='cuda:0'), tensor(0.0425, device='cuda:0'), tensor(0.0619, device='cuda:0'), tensor(0.0364, device='cuda:0'), tensor(0.0339, device='cuda:0'), tensor(0.0437, device='cuda:0'), tensor(0.0674, device='cuda:0'), tensor(0.0950, device='cuda:0'), tensor(0.0954, device='cuda:0'), tensor(0.0479, device='cuda:0'), tensor(0.0434, device='cuda:0'), tensor(0.0381, device='cuda:0'), tensor(0.0397, device='cuda:0'), tensor(0.0767, device='cuda:0'), tensor(0.0598, device='cuda:0'), tensor(0.0575, device='cuda:0'), tensor(0.0609, device='cuda:0'), tensor(0.0681, device='cuda:0'), tensor(0.0479, device='cuda:0'), tensor(0.0718, device='cuda:0'), tensor(0.0584, device='cuda:0'), tensor(0.0580, device='cuda:0'), tensor(0.0480, device='cuda:0'), tensor(0.0554, device='cuda:0'), tensor(0.0453, device='cuda:0'), tensor(0.0477, device='cuda:0'), tensor(0.0495, device='cuda:0'), tensor(0.0816, device='cuda:0'), tensor(0.0475, device='cuda:0'), tensor(0.0350, device='cuda:0'), tensor(0.0594, device='cuda:0'), tensor(0.0327, device='cuda:0'), tensor(0.0524, device='cuda:0'), tensor(0.0701, device='cuda:0'), tensor(0.0799, device='cuda:0'), tensor(0.0591, device='cuda:0'), tensor(0.0608, device='cuda:0'), tensor(0.0401, device='cuda:0'), tensor(0.0510, device='cuda:0'), tensor(0.0742, device='cuda:0'), tensor(0.0346, device='cuda:0'), tensor(0.0668, device='cuda:0'), tensor(0.0338, device='cuda:0'), tensor(0.0607, device='cuda:0'), tensor(0.0437, device='cuda:0'), tensor(0.0509, device='cuda:0'), tensor(0.0387, device='cuda:0'), tensor(0.0856, device='cuda:0'), tensor(0.0861, device='cuda:0'), tensor(0.0586, device='cuda:0'), tensor(0.0944, device='cuda:0'), tensor(0.0660, device='cuda:0'), tensor(0.0372, device='cuda:0'), tensor(0.0675, device='cuda:0'), tensor(0.1359, device='cuda:0'), tensor(0.0441, device='cuda:0'), tensor(0.0513, device='cuda:0'), tensor(0.0452, device='cuda:0'), tensor(0.0514, device='cuda:0'), tensor(0.0664, device='cuda:0'), tensor(0.0546, device='cuda:0')]"
63,"[tensor(0.2785, device='cuda:0'), tensor(0.0295, device='cuda:0'), tensor(0.0532, device='cuda:0'), tensor(0.0285, device='cuda:0'), tensor(0.0411, device='cuda:0'), tensor(0.0844, device='cuda:0'), tensor(0.0280, device='cuda:0'), tensor(0.0451, device='cuda:0'), tensor(0.0403, device='cuda:0'), tensor(0.0551, device='cuda:0'), tensor(0.0398, device='cuda:0'), tensor(0.0424, device='cuda:0'), tensor(0.0322, device='cuda:0'), tensor(0.0534, device='cuda:0'), tensor(0.0687, device='cuda:0'), tensor(0.0588, device='cuda:0'), tensor(0.0361, device='cuda:0'), tensor(0.0354, device='cuda:0'), tensor(0.0392, device='cuda:0'), tensor(0.0707, device='cuda:0'), tensor(0.0344, device='cuda:0'), tensor(0.0351, device='cuda:0'), tensor(0.0443, device='cuda:0'), tensor(0.0952, device='cuda:0'), tensor(0.0358, device='cuda:0'), tensor(0.0342, device='cuda:0'), tensor(0.0561, device='cuda:0'), tensor(0.0558, device='cuda:0'), tensor(0.0528, device='cuda:0'), tensor(0.0604, device='cuda:0'), tensor(0.0320, device='cuda:0'), tensor(0.0719, device='cuda:0'), tensor(0.0720, device='cuda:0'), tensor(0.0825, device='cuda:0'), tensor(0.0329, device='cuda:0'), tensor(0.0818, device='cuda:0'), tensor(0.0669, device='cuda:0'), tensor(0.0448, device='cuda:0'), tensor(0.0306, device='cuda:0'), tensor(0.0754, device='cuda:0'), tensor(0.0361, device='cuda:0'), tensor(0.0443, device='cuda:0'), tensor(0.0427, device='cuda:0'), tensor(0.0570, device='cuda:0'), tensor(0.0383, device='cuda:0'), tensor(0.0317, device='cuda:0'), tensor(0.0443, device='cuda:0'), tensor(0.0319, device='cuda:0'), tensor(0.0528, device='cuda:0'), tensor(0.0832, device='cuda:0'), tensor(0.0567, device='cuda:0'), tensor(0.0308, device='cuda:0'), tensor(0.0670, device='cuda:0'), tensor(0.0323, device='cuda:0'), tensor(0.0289, device='cuda:0'), tensor(0.0692, device='cuda:0'), tensor(0.0375, device='cuda:0'), tensor(0.0628, device='cuda:0'), tensor(0.0690, device='cuda:0'), tensor(0.0544, device='cuda:0'), tensor(0.0683, device='cuda:0'), tensor(0.0380, device='cuda:0'), tensor(0.0492, device='cuda:0'), tensor(0.0322, device='cuda:0'), tensor(0.0586, device='cuda:0'), tensor(0.0478, device='cuda:0'), tensor(0.0581, device='cuda:0'), tensor(0.0553, device='cuda:0'), tensor(0.0372, device='cuda:0'), tensor(0.0340, device='cuda:0'), tensor(0.0657, device='cuda:0'), tensor(0.0693, device='cuda:0'), tensor(0.0737, device='cuda:0'), tensor(0.0502, device='cuda:0'), tensor(0.0322, device='cuda:0'), tensor(0.0349, device='cuda:0'), tensor(0.0422, device='cuda:0'), tensor(0.0380, device='cuda:0'), tensor(0.0495, device='cuda:0'), tensor(0.0588, device='cuda:0'), tensor(0.0338, device='cuda:0'), tensor(0.0463, device='cuda:0'), tensor(0.0454, device='cuda:0'), tensor(0.0441, device='cuda:0'), tensor(0.0342, device='cuda:0'), tensor(0.0365, device='cuda:0'), tensor(0.0603, device='cuda:0'), tensor(0.0499, device='cuda:0'), tensor(0.0625, device='cuda:0'), tensor(0.0438, device='cuda:0'), tensor(0.0532, device='cuda:0'), tensor(0.0342, device='cuda:0'), tensor(0.0683, device='cuda:0'), tensor(0.0612, device='cuda:0'), tensor(0.0347, device='cuda:0'), tensor(0.0332, device='cuda:0'), tensor(0.0564, device='cuda:0'), tensor(0.0342, device='cuda:0'), tensor(0.0659, device='cuda:0'), tensor(0.0361, device='cuda:0'), tensor(0.0349, device='cuda:0'), tensor(0.0506, device='cuda:0'), tensor(0.0371, device='cuda:0'), tensor(0.0707, device='cuda:0'), tensor(0.0438, device='cuda:0'), tensor(0.0531, device='cuda:0'), tensor(0.1051, device='cuda:0'), tensor(0.0501, device='cuda:0'), tensor(0.0399, device='cuda:0'), tensor(0.0709, device='cuda:0'), tensor(0.0349, device='cuda:0'), tensor(0.0330, device='cuda:0'), tensor(0.0411, device='cuda:0'), tensor(0.0522, device='cuda:0'), tensor(0.0797, device='cuda:0'), tensor(0.0755, device='cuda:0'), tensor(0.0917, device='cuda:0'), tensor(0.0551, device='cuda:0'), tensor(0.0537, device='cuda:0'), tensor(0.0339, device='cuda:0'), tensor(0.0723, device='cuda:0'), tensor(0.0737, device='cuda:0')]"
64,"[tensor(0.0342, device='cuda:0'), tensor(0.0999, device='cuda:0'), tensor(0.0351, device='cuda:0'), tensor(0.0285, device='cuda:0'), tensor(0.0572, device='cuda:0'), tensor(0.0474, device='cuda:0'), tensor(0.0328, device='cuda:0'), tensor(0.0738, device='cuda:0'), tensor(0.0713, device='cuda:0'), tensor(0.0441, device='cuda:0'), tensor(0.0332, device='cuda:0'), tensor(0.0488, device='cuda:0'), tensor(0.0989, device='cuda:0'), tensor(0.0349, device='cuda:0'), tensor(0.0711, device='cuda:0'), tensor(0.0637, device='cuda:0'), tensor(0.0453, device='cuda:0'), tensor(0.2498, device='cuda:0'), tensor(0.0468, device='cuda:0'), tensor(0.0388, device='cuda:0'), tensor(0.0742, device='cuda:0'), tensor(0.0635, device='cuda:0'), tensor(0.0808, device='cuda:0'), tensor(0.0416, device='cuda:0'), tensor(0.0653, device='cuda:0'), tensor(0.0333, device='cuda:0'), tensor(0.0515, device='cuda:0'), tensor(0.0641, device='cuda:0'), tensor(0.0480, device='cuda:0'), tensor(0.0676, device='cuda:0'), tensor(0.0702, device='cuda:0'), tensor(0.0691, device='cuda:0'), tensor(0.0597, device='cuda:0'), tensor(0.0881, device='cuda:0'), tensor(0.2485, device='cuda:0'), tensor(0.0410, device='cuda:0'), tensor(0.0692, device='cuda:0'), tensor(0.0372, device='cuda:0'), tensor(0.1052, device='cuda:0'), tensor(0.0451, device='cuda:0'), tensor(0.0993, device='cuda:0'), tensor(0.0746, device='cuda:0'), tensor(0.0556, device='cuda:0'), tensor(0.0658, device='cuda:0'), tensor(0.0544, device='cuda:0'), tensor(0.0852, device='cuda:0'), tensor(0.0576, device='cuda:0'), tensor(0.0687, device='cuda:0'), tensor(0.0509, device='cuda:0'), tensor(0.0428, device='cuda:0'), tensor(0.0677, device='cuda:0'), tensor(0.0798, device='cuda:0'), tensor(0.0526, device='cuda:0'), tensor(0.0577, device='cuda:0'), tensor(0.0520, device='cuda:0'), tensor(0.0289, device='cuda:0'), tensor(0.0655, device='cuda:0'), tensor(0.0374, device='cuda:0'), tensor(0.0653, device='cuda:0'), tensor(0.0382, device='cuda:0'), tensor(0.0408, device='cuda:0'), tensor(0.0610, device='cuda:0'), tensor(0.0740, device='cuda:0'), tensor(0.0510, device='cuda:0'), tensor(0.0426, device='cuda:0'), tensor(0.0336, device='cuda:0'), tensor(0.0406, device='cuda:0'), tensor(0.0514, device='cuda:0'), tensor(0.0617, device='cuda:0'), tensor(0.0971, device='cuda:0'), tensor(0.0521, device='cuda:0'), tensor(0.0761, device='cuda:0'), tensor(0.0384, device='cuda:0'), tensor(0.0410, device='cuda:0'), tensor(0.0666, device='cuda:0'), tensor(0.0795, device='cuda:0'), tensor(0.0564, device='cuda:0'), tensor(0.0914, device='cuda:0'), tensor(0.0509, device='cuda:0'), tensor(0.0492, device='cuda:0'), tensor(0.0684, device='cuda:0'), tensor(0.0574, device='cuda:0'), tensor(0.0590, device='cuda:0'), tensor(0.0631, device='cuda:0'), tensor(0.0594, device='cuda:0'), tensor(0.0438, device='cuda:0'), tensor(0.0449, device='cuda:0'), tensor(0.0471, device='cuda:0'), tensor(0.0822, device='cuda:0'), tensor(0.0429, device='cuda:0'), tensor(0.0568, device='cuda:0'), tensor(0.0902, device='cuda:0'), tensor(0.0346, device='cuda:0'), tensor(0.0500, device='cuda:0'), tensor(0.0895, device='cuda:0'), tensor(0.0697, device='cuda:0'), tensor(0.0494, device='cuda:0'), tensor(0.0547, device='cuda:0'), tensor(0.0414, device='cuda:0'), tensor(0.0565, device='cuda:0'), tensor(0.0721, device='cuda:0'), tensor(0.0480, device='cuda:0'), tensor(0.0748, device='cuda:0'), tensor(0.0348, device='cuda:0'), tensor(0.0642, device='cuda:0'), tensor(0.0443, device='cuda:0'), tensor(0.0419, device='cuda:0'), tensor(0.0524, device='cuda:0'), tensor(0.0940, device='cuda:0'), tensor(0.1235, device='cuda:0'), tensor(0.0667, device='cuda:0'), tensor(0.1142, device='cuda:0'), tensor(0.0741, device='cuda:0'), tensor(0.0422, device='cuda:0'), tensor(0.0414, device='cuda:0'), tensor(0.1773, device='cuda:0'), tensor(0.0511, device='cuda:0'), tensor(0.0414, device='cuda:0'), tensor(0.0466, device='cuda:0'), tensor(0.0678, device='cuda:0'), tensor(0.0648, device='cuda:0'), tensor(0.0595, device='cuda:0')]"
65,"[tensor(0.2750, device='cuda:0'), tensor(0.0287, device='cuda:0'), tensor(0.0910, device='cuda:0'), tensor(0.0281, device='cuda:0'), tensor(0.0493, device='cuda:0'), tensor(0.0552, device='cuda:0'), tensor(0.0283, device='cuda:0'), tensor(0.0439, device='cuda:0'), tensor(0.0408, device='cuda:0'), tensor(0.0528, device='cuda:0'), tensor(0.0403, device='cuda:0'), tensor(0.0400, device='cuda:0'), tensor(0.0351, device='cuda:0'), tensor(0.0670, device='cuda:0'), tensor(0.0449, device='cuda:0'), tensor(0.0542, device='cuda:0'), tensor(0.0419, device='cuda:0'), tensor(0.0362, device='cuda:0'), tensor(0.0452, device='cuda:0'), tensor(0.0773, device='cuda:0'), tensor(0.0336, device='cuda:0'), tensor(0.0339, device='cuda:0'), tensor(0.0472, device='cuda:0'), tensor(0.1080, device='cuda:0'), tensor(0.0348, device='cuda:0'), tensor(0.0342, device='cuda:0'), tensor(0.0399, device='cuda:0'), tensor(0.0482, device='cuda:0'), tensor(0.0499, device='cuda:0'), tensor(0.0367, device='cuda:0'), tensor(0.0328, device='cuda:0'), tensor(0.0665, device='cuda:0'), tensor(0.0731, device='cuda:0'), tensor(0.0915, device='cuda:0'), tensor(0.0355, device='cuda:0'), tensor(0.0924, device='cuda:0'), tensor(0.0709, device='cuda:0'), tensor(0.0424, device='cuda:0'), tensor(0.0327, device='cuda:0'), tensor(0.0792, device='cuda:0'), tensor(0.0380, device='cuda:0'), tensor(0.0393, device='cuda:0'), tensor(0.0453, device='cuda:0'), tensor(0.0488, device='cuda:0'), tensor(0.0592, device='cuda:0'), tensor(0.0322, device='cuda:0'), tensor(0.0386, device='cuda:0'), tensor(0.0346, device='cuda:0'), tensor(0.0513, device='cuda:0'), tensor(0.0813, device='cuda:0'), tensor(0.0344, device='cuda:0'), tensor(0.0321, device='cuda:0'), tensor(0.0731, device='cuda:0'), tensor(0.0334, device='cuda:0'), tensor(0.0288, device='cuda:0'), tensor(0.0720, device='cuda:0'), tensor(0.0397, device='cuda:0'), tensor(0.0619, device='cuda:0'), tensor(0.0449, device='cuda:0'), tensor(0.0639, device='cuda:0'), tensor(0.0695, device='cuda:0'), tensor(0.0429, device='cuda:0'), tensor(0.0407, device='cuda:0'), tensor(0.0330, device='cuda:0'), tensor(0.0561, device='cuda:0'), tensor(0.0454, device='cuda:0'), tensor(0.0440, device='cuda:0'), tensor(0.0493, device='cuda:0'), tensor(0.0352, device='cuda:0'), tensor(0.0336, device='cuda:0'), tensor(0.0907, device='cuda:0'), tensor(0.0343, device='cuda:0'), tensor(0.0717, device='cuda:0'), tensor(0.0717, device='cuda:0'), tensor(0.0331, device='cuda:0'), tensor(0.0391, device='cuda:0'), tensor(0.0468, device='cuda:0'), tensor(0.0412, device='cuda:0'), tensor(0.0464, device='cuda:0'), tensor(0.0530, device='cuda:0'), tensor(0.0347, device='cuda:0'), tensor(0.0464, device='cuda:0'), tensor(0.0488, device='cuda:0'), tensor(0.0547, device='cuda:0'), tensor(0.0349, device='cuda:0'), tensor(0.0393, device='cuda:0'), tensor(0.0593, device='cuda:0'), tensor(0.0639, device='cuda:0'), tensor(0.0752, device='cuda:0'), tensor(0.0507, device='cuda:0'), tensor(0.0641, device='cuda:0'), tensor(0.0326, device='cuda:0'), tensor(0.0858, device='cuda:0'), tensor(0.0624, device='cuda:0'), tensor(0.0349, device='cuda:0'), tensor(0.0349, device='cuda:0'), tensor(0.0625, device='cuda:0'), tensor(0.0335, device='cuda:0'), tensor(0.0618, device='cuda:0'), tensor(0.0407, device='cuda:0'), tensor(0.0348, device='cuda:0'), tensor(0.0434, device='cuda:0'), tensor(0.0377, device='cuda:0'), tensor(0.0743, device='cuda:0'), tensor(0.0389, device='cuda:0'), tensor(0.0522, device='cuda:0'), tensor(0.0936, device='cuda:0'), tensor(0.0490, device='cuda:0'), tensor(0.0415, device='cuda:0'), tensor(0.0705, device='cuda:0'), tensor(0.0462, device='cuda:0'), tensor(0.0347, device='cuda:0'), tensor(0.0334, device='cuda:0'), tensor(0.0539, device='cuda:0'), tensor(0.0916, device='cuda:0'), tensor(0.0771, device='cuda:0'), tensor(0.0907, device='cuda:0'), tensor(0.0616, device='cuda:0'), tensor(0.0541, device='cuda:0'), tensor(0.0360, device='cuda:0'), tensor(0.0669, device='cuda:0'), tensor(0.0711, device='cuda:0')]"
66,"[tensor(0.0342, device='cuda:0'), tensor(0.0997, device='cuda:0'), tensor(0.0351, device='cuda:0'), tensor(0.0283, device='cuda:0'), tensor(0.0650, device='cuda:0'), tensor(0.0462, device='cuda:0'), tensor(0.0323, device='cuda:0'), tensor(0.0643, device='cuda:0'), tensor(0.0660, device='cuda:0'), tensor(0.0436, device='cuda:0'), tensor(0.0342, device='cuda:0'), tensor(0.0495, device='cuda:0'), tensor(0.0695, device='cuda:0'), tensor(0.0383, device='cuda:0'), tensor(0.0687, device='cuda:0'), tensor(0.0545, device='cuda:0'), tensor(0.0539, device='cuda:0'), tensor(0.2563, device='cuda:0'), tensor(0.0406, device='cuda:0'), tensor(0.0409, device='cuda:0'), tensor(0.0875, device='cuda:0'), tensor(0.0844, device='cuda:0'), tensor(0.0850, device='cuda:0'), tensor(0.0441, device='cuda:0'), tensor(0.0718, device='cuda:0'), tensor(0.0340, device='cuda:0'), tensor(0.0426, device='cuda:0'), tensor(0.0677, device='cuda:0'), tensor(0.0509, device='cuda:0'), tensor(0.0640, device='cuda:0'), tensor(0.0637, device='cuda:0'), tensor(0.0603, device='cuda:0'), tensor(0.0759, device='cuda:0'), tensor(0.0466, device='cuda:0'), tensor(0.2335, device='cuda:0'), tensor(0.0543, device='cuda:0'), tensor(0.0942, device='cuda:0'), tensor(0.0443, device='cuda:0'), tensor(0.1066, device='cuda:0'), tensor(0.0388, device='cuda:0'), tensor(0.0896, device='cuda:0'), tensor(0.0762, device='cuda:0'), tensor(0.0622, device='cuda:0'), tensor(0.0727, device='cuda:0'), tensor(0.0453, device='cuda:0'), tensor(0.0806, device='cuda:0'), tensor(0.0625, device='cuda:0'), tensor(0.0567, device='cuda:0'), tensor(0.0607, device='cuda:0'), tensor(0.0435, device='cuda:0'), tensor(0.0734, device='cuda:0'), tensor(0.0707, device='cuda:0'), tensor(0.0608, device='cuda:0'), tensor(0.0578, device='cuda:0'), tensor(0.0572, device='cuda:0'), tensor(0.0303, device='cuda:0'), tensor(0.0730, device='cuda:0'), tensor(0.0356, device='cuda:0'), tensor(0.0550, device='cuda:0'), tensor(0.0440, device='cuda:0'), tensor(0.0420, device='cuda:0'), tensor(0.0550, device='cuda:0'), tensor(0.0541, device='cuda:0'), tensor(0.0568, device='cuda:0'), tensor(0.0447, device='cuda:0'), tensor(0.0340, device='cuda:0'), tensor(0.0450, device='cuda:0'), tensor(0.0573, device='cuda:0'), tensor(0.0729, device='cuda:0'), tensor(0.0698, device='cuda:0'), tensor(0.0415, device='cuda:0'), tensor(0.0488, device='cuda:0'), tensor(0.0396, device='cuda:0'), tensor(0.0383, device='cuda:0'), tensor(0.0606, device='cuda:0'), tensor(0.0552, device='cuda:0'), tensor(0.0522, device='cuda:0'), tensor(0.0724, device='cuda:0'), tensor(0.0495, device='cuda:0'), tensor(0.0499, device='cuda:0'), tensor(0.0658, device='cuda:0'), tensor(0.0677, device='cuda:0'), tensor(0.0613, device='cuda:0'), tensor(0.0479, device='cuda:0'), tensor(0.0550, device='cuda:0'), tensor(0.0427, device='cuda:0'), tensor(0.0432, device='cuda:0'), tensor(0.0482, device='cuda:0'), tensor(0.0793, device='cuda:0'), tensor(0.0416, device='cuda:0'), tensor(0.0444, device='cuda:0'), tensor(0.0844, device='cuda:0'), tensor(0.0356, device='cuda:0'), tensor(0.0461, device='cuda:0'), tensor(0.0903, device='cuda:0'), tensor(0.0647, device='cuda:0'), tensor(0.0548, device='cuda:0'), tensor(0.0526, device='cuda:0'), tensor(0.0387, device='cuda:0'), tensor(0.0565, device='cuda:0'), tensor(0.0730, device='cuda:0'), tensor(0.0419, device='cuda:0'), tensor(0.0712, device='cuda:0'), tensor(0.0372, device='cuda:0'), tensor(0.0713, device='cuda:0'), tensor(0.0465, device='cuda:0'), tensor(0.0459, device='cuda:0'), tensor(0.0488, device='cuda:0'), tensor(0.0890, device='cuda:0'), tensor(0.0912, device='cuda:0'), tensor(0.0369, device='cuda:0'), tensor(0.1021, device='cuda:0'), tensor(0.0792, device='cuda:0'), tensor(0.0434, device='cuda:0'), tensor(0.0522, device='cuda:0'), tensor(0.1599, device='cuda:0'), tensor(0.0505, device='cuda:0'), tensor(0.0443, device='cuda:0'), tensor(0.0486, device='cuda:0'), tensor(0.0567, device='cuda:0'), tensor(0.0719, device='cuda:0'), tensor(0.0780, device='cuda:0')]"
67,"[tensor(0.2699, device='cuda:0'), tensor(0.0293, device='cuda:0'), tensor(0.0983, device='cuda:0'), tensor(0.0278, device='cuda:0'), tensor(0.0440, device='cuda:0'), tensor(0.0673, device='cuda:0'), tensor(0.0281, device='cuda:0'), tensor(0.0419, device='cuda:0'), tensor(0.0666, device='cuda:0'), tensor(0.0559, device='cuda:0'), tensor(0.0413, device='cuda:0'), tensor(0.0452, device='cuda:0'), tensor(0.0341, device='cuda:0'), tensor(0.0670, device='cuda:0'), tensor(0.0606, device='cuda:0'), tensor(0.0557, device='cuda:0'), tensor(0.0348, device='cuda:0'), tensor(0.0360, device='cuda:0'), tensor(0.0527, device='cuda:0'), tensor(0.0726, device='cuda:0'), tensor(0.0352, device='cuda:0'), tensor(0.0356, device='cuda:0'), tensor(0.0497, device='cuda:0'), tensor(0.1527, device='cuda:0'), tensor(0.0343, device='cuda:0'), tensor(0.0357, device='cuda:0'), tensor(0.0504, device='cuda:0'), tensor(0.0474, device='cuda:0'), tensor(0.0646, device='cuda:0'), tensor(0.0570, device='cuda:0'), tensor(0.0315, device='cuda:0'), tensor(0.0627, device='cuda:0'), tensor(0.0526, device='cuda:0'), tensor(0.1111, device='cuda:0'), tensor(0.0369, device='cuda:0'), tensor(0.0669, device='cuda:0'), tensor(0.0443, device='cuda:0'), tensor(0.0426, device='cuda:0'), tensor(0.0331, device='cuda:0'), tensor(0.0416, device='cuda:0'), tensor(0.0355, device='cuda:0'), tensor(0.0486, device='cuda:0'), tensor(0.0419, device='cuda:0'), tensor(0.0512, device='cuda:0'), tensor(0.0428, device='cuda:0'), tensor(0.0328, device='cuda:0'), tensor(0.0349, device='cuda:0'), tensor(0.0312, device='cuda:0'), tensor(0.0484, device='cuda:0'), tensor(0.0820, device='cuda:0'), tensor(0.0507, device='cuda:0'), tensor(0.0322, device='cuda:0'), tensor(0.0892, device='cuda:0'), tensor(0.0336, device='cuda:0'), tensor(0.0286, device='cuda:0'), tensor(0.0695, device='cuda:0'), tensor(0.0395, device='cuda:0'), tensor(0.0641, device='cuda:0'), tensor(0.0551, device='cuda:0'), tensor(0.0550, device='cuda:0'), tensor(0.0726, device='cuda:0'), tensor(0.0468, device='cuda:0'), tensor(0.0672, device='cuda:0'), tensor(0.0323, device='cuda:0'), tensor(0.0575, device='cuda:0'), tensor(0.0458, device='cuda:0'), tensor(0.0733, device='cuda:0'), tensor(0.0518, device='cuda:0'), tensor(0.0353, device='cuda:0'), tensor(0.0344, device='cuda:0'), tensor(0.0950, device='cuda:0'), tensor(0.0525, device='cuda:0'), tensor(0.0752, device='cuda:0'), tensor(0.0744, device='cuda:0'), tensor(0.0320, device='cuda:0'), tensor(0.0357, device='cuda:0'), tensor(0.0500, device='cuda:0'), tensor(0.0379, device='cuda:0'), tensor(0.0525, device='cuda:0'), tensor(0.0562, device='cuda:0'), tensor(0.0373, device='cuda:0'), tensor(0.0360, device='cuda:0'), tensor(0.0446, device='cuda:0'), tensor(0.0571, device='cuda:0'), tensor(0.0359, device='cuda:0'), tensor(0.0403, device='cuda:0'), tensor(0.0670, device='cuda:0'), tensor(0.0534, device='cuda:0'), tensor(0.0764, device='cuda:0'), tensor(0.0472, device='cuda:0'), tensor(0.0437, device='cuda:0'), tensor(0.0355, device='cuda:0'), tensor(0.0461, device='cuda:0'), tensor(0.0775, device='cuda:0'), tensor(0.0354, device='cuda:0'), tensor(0.0306, device='cuda:0'), tensor(0.0582, device='cuda:0'), tensor(0.0340, device='cuda:0'), tensor(0.0653, device='cuda:0'), tensor(0.0401, device='cuda:0'), tensor(0.0338, device='cuda:0'), tensor(0.0538, device='cuda:0'), tensor(0.0407, device='cuda:0'), tensor(0.0766, device='cuda:0'), tensor(0.0595, device='cuda:0'), tensor(0.0573, device='cuda:0'), tensor(0.1021, device='cuda:0'), tensor(0.0581, device='cuda:0'), tensor(0.0408, device='cuda:0'), tensor(0.0768, device='cuda:0'), tensor(0.0500, device='cuda:0'), tensor(0.0340, device='cuda:0'), tensor(0.0372, device='cuda:0'), tensor(0.0604, device='cuda:0'), tensor(0.0857, device='cuda:0'), tensor(0.0873, device='cuda:0'), tensor(0.0760, device='cuda:0'), tensor(0.0642, device='cuda:0'), tensor(0.0532, device='cuda:0'), tensor(0.0355, device='cuda:0'), tensor(0.0566, device='cuda:0'), tensor(0.0713, device='cuda:0')]"
68,"[tensor(0.0345, device='cuda:0'), tensor(0.0966, device='cuda:0'), tensor(0.0475, device='cuda:0'), tensor(0.0282, device='cuda:0'), tensor(0.0587, device='cuda:0'), tensor(0.0466, device='cuda:0'), tensor(0.0311, device='cuda:0'), tensor(0.0607, device='cuda:0'), tensor(0.0538, device='cuda:0'), tensor(0.0421, device='cuda:0'), tensor(0.0325, device='cuda:0'), tensor(0.0452, device='cuda:0'), tensor(0.0907, device='cuda:0'), tensor(0.0518, device='cuda:0'), tensor(0.0795, device='cuda:0'), tensor(0.0479, device='cuda:0'), tensor(0.0420, device='cuda:0'), tensor(0.2923, device='cuda:0'), tensor(0.0355, device='cuda:0'), tensor(0.0434, device='cuda:0'), tensor(0.0779, device='cuda:0'), tensor(0.0594, device='cuda:0'), tensor(0.0807, device='cuda:0'), tensor(0.0531, device='cuda:0'), tensor(0.0703, device='cuda:0'), tensor(0.0331, device='cuda:0'), tensor(0.0412, device='cuda:0'), tensor(0.0712, device='cuda:0'), tensor(0.0532, device='cuda:0'), tensor(0.0466, device='cuda:0'), tensor(0.0661, device='cuda:0'), tensor(0.0633, device='cuda:0'), tensor(0.0670, device='cuda:0'), tensor(0.0518, device='cuda:0'), tensor(0.2578, device='cuda:0'), tensor(0.0464, device='cuda:0'), tensor(0.1036, device='cuda:0'), tensor(0.0399, device='cuda:0'), tensor(0.1210, device='cuda:0'), tensor(0.0591, device='cuda:0'), tensor(0.1115, device='cuda:0'), tensor(0.0583, device='cuda:0'), tensor(0.0574, device='cuda:0'), tensor(0.0714, device='cuda:0'), tensor(0.0502, device='cuda:0'), tensor(0.0875, device='cuda:0'), tensor(0.0587, device='cuda:0'), tensor(0.0720, device='cuda:0'), tensor(0.0613, device='cuda:0'), tensor(0.0374, device='cuda:0'), tensor(0.0816, device='cuda:0'), tensor(0.0829, device='cuda:0'), tensor(0.0518, device='cuda:0'), tensor(0.0521, device='cuda:0'), tensor(0.0620, device='cuda:0'), tensor(0.0304, device='cuda:0'), tensor(0.0576, device='cuda:0'), tensor(0.0379, device='cuda:0'), tensor(0.0509, device='cuda:0'), tensor(0.0442, device='cuda:0'), tensor(0.0444, device='cuda:0'), tensor(0.0602, device='cuda:0'), tensor(0.0566, device='cuda:0'), tensor(0.0546, device='cuda:0'), tensor(0.0408, device='cuda:0'), tensor(0.0336, device='cuda:0'), tensor(0.0345, device='cuda:0'), tensor(0.0686, device='cuda:0'), tensor(0.0686, device='cuda:0'), tensor(0.0826, device='cuda:0'), tensor(0.0454, device='cuda:0'), tensor(0.0352, device='cuda:0'), tensor(0.0375, device='cuda:0'), tensor(0.0377, device='cuda:0'), tensor(0.0671, device='cuda:0'), tensor(0.0788, device='cuda:0'), tensor(0.0561, device='cuda:0'), tensor(0.0920, device='cuda:0'), tensor(0.0512, device='cuda:0'), tensor(0.0599, device='cuda:0'), tensor(0.0699, device='cuda:0'), tensor(0.0858, device='cuda:0'), tensor(0.0616, device='cuda:0'), tensor(0.0485, device='cuda:0'), tensor(0.0595, device='cuda:0'), tensor(0.0404, device='cuda:0'), tensor(0.0449, device='cuda:0'), tensor(0.0582, device='cuda:0'), tensor(0.0821, device='cuda:0'), tensor(0.0459, device='cuda:0'), tensor(0.0747, device='cuda:0'), tensor(0.0847, device='cuda:0'), tensor(0.0487, device='cuda:0'), tensor(0.0524, device='cuda:0'), tensor(0.0723, device='cuda:0'), tensor(0.0761, device='cuda:0'), tensor(0.0590, device='cuda:0'), tensor(0.0500, device='cuda:0'), tensor(0.0401, device='cuda:0'), tensor(0.0657, device='cuda:0'), tensor(0.0782, device='cuda:0'), tensor(0.0533, device='cuda:0'), tensor(0.0668, device='cuda:0'), tensor(0.0370, device='cuda:0'), tensor(0.0495, device='cuda:0'), tensor(0.0439, device='cuda:0'), tensor(0.0431, device='cuda:0'), tensor(0.0448, device='cuda:0'), tensor(0.0895, device='cuda:0'), tensor(0.0908, device='cuda:0'), tensor(0.0587, device='cuda:0'), tensor(0.1104, device='cuda:0'), tensor(0.0850, device='cuda:0'), tensor(0.0472, device='cuda:0'), tensor(0.0779, device='cuda:0'), tensor(0.1613, device='cuda:0'), tensor(0.0541, device='cuda:0'), tensor(0.0479, device='cuda:0'), tensor(0.0501, device='cuda:0'), tensor(0.0774, device='cuda:0'), tensor(0.0774, device='cuda:0'), tensor(0.0714, device='cuda:0')]"
69,"[tensor(0.2925, device='cuda:0'), tensor(0.0284, device='cuda:0'), tensor(0.0575, device='cuda:0'), tensor(0.0280, device='cuda:0'), tensor(0.0574, device='cuda:0'), tensor(0.0471, device='cuda:0'), tensor(0.0288, device='cuda:0'), tensor(0.0454, device='cuda:0'), tensor(0.0389, device='cuda:0'), tensor(0.0561, device='cuda:0'), tensor(0.0418, device='cuda:0'), tensor(0.0472, device='cuda:0'), tensor(0.0316, device='cuda:0'), tensor(0.0506, device='cuda:0'), tensor(0.0665, device='cuda:0'), tensor(0.0621, device='cuda:0'), tensor(0.0460, device='cuda:0'), tensor(0.0350, device='cuda:0'), tensor(0.0612, device='cuda:0'), tensor(0.0709, device='cuda:0'), tensor(0.0346, device='cuda:0'), tensor(0.0344, device='cuda:0'), tensor(0.0464, device='cuda:0'), tensor(0.0925, device='cuda:0'), tensor(0.0325, device='cuda:0'), tensor(0.0347, device='cuda:0'), tensor(0.0510, device='cuda:0'), tensor(0.0399, device='cuda:0'), tensor(0.0546, device='cuda:0'), tensor(0.0489, device='cuda:0'), tensor(0.0347, device='cuda:0'), tensor(0.0660, device='cuda:0'), tensor(0.1084, device='cuda:0'), tensor(0.0969, device='cuda:0'), tensor(0.0360, device='cuda:0'), tensor(0.0775, device='cuda:0'), tensor(0.0493, device='cuda:0'), tensor(0.0429, device='cuda:0'), tensor(0.0365, device='cuda:0'), tensor(0.0760, device='cuda:0'), tensor(0.0369, device='cuda:0'), tensor(0.0446, device='cuda:0'), tensor(0.0520, device='cuda:0'), tensor(0.0585, device='cuda:0'), tensor(0.0434, device='cuda:0'), tensor(0.0324, device='cuda:0'), tensor(0.0774, device='cuda:0'), tensor(0.0351, device='cuda:0'), tensor(0.0503, device='cuda:0'), tensor(0.0743, device='cuda:0'), tensor(0.0656, device='cuda:0'), tensor(0.0322, device='cuda:0'), tensor(0.1028, device='cuda:0'), tensor(0.0344, device='cuda:0'), tensor(0.0323, device='cuda:0'), tensor(0.0677, device='cuda:0'), tensor(0.0381, device='cuda:0'), tensor(0.0611, device='cuda:0'), tensor(0.0511, device='cuda:0'), tensor(0.0545, device='cuda:0'), tensor(0.0775, device='cuda:0'), tensor(0.0476, device='cuda:0'), tensor(0.0634, device='cuda:0'), tensor(0.0332, device='cuda:0'), tensor(0.0541, device='cuda:0'), tensor(0.0454, device='cuda:0'), tensor(0.0590, device='cuda:0'), tensor(0.0477, device='cuda:0'), tensor(0.0358, device='cuda:0'), tensor(0.0341, device='cuda:0'), tensor(0.0808, device='cuda:0'), tensor(0.0735, device='cuda:0'), tensor(0.0783, device='cuda:0'), tensor(0.0578, device='cuda:0'), tensor(0.0338, device='cuda:0'), tensor(0.0366, device='cuda:0'), tensor(0.0522, device='cuda:0'), tensor(0.0398, device='cuda:0'), tensor(0.0498, device='cuda:0'), tensor(0.0638, device='cuda:0'), tensor(0.0364, device='cuda:0'), tensor(0.0395, device='cuda:0'), tensor(0.0440, device='cuda:0'), tensor(0.0681, device='cuda:0'), tensor(0.0356, device='cuda:0'), tensor(0.0397, device='cuda:0'), tensor(0.0598, device='cuda:0'), tensor(0.0659, device='cuda:0'), tensor(0.0781, device='cuda:0'), tensor(0.0412, device='cuda:0'), tensor(0.0721, device='cuda:0'), tensor(0.0357, device='cuda:0'), tensor(0.0653, device='cuda:0'), tensor(0.0650, device='cuda:0'), tensor(0.0366, device='cuda:0'), tensor(0.0310, device='cuda:0'), tensor(0.0610, device='cuda:0'), tensor(0.0340, device='cuda:0'), tensor(0.0659, device='cuda:0'), tensor(0.0419, device='cuda:0'), tensor(0.0329, device='cuda:0'), tensor(0.0438, device='cuda:0'), tensor(0.0404, device='cuda:0'), tensor(0.0685, device='cuda:0'), tensor(0.0494, device='cuda:0'), tensor(0.0590, device='cuda:0'), tensor(0.0968, device='cuda:0'), tensor(0.0535, device='cuda:0'), tensor(0.0409, device='cuda:0'), tensor(0.0948, device='cuda:0'), tensor(0.0476, device='cuda:0'), tensor(0.0346, device='cuda:0'), tensor(0.0444, device='cuda:0'), tensor(0.0737, device='cuda:0'), tensor(0.0690, device='cuda:0'), tensor(0.0873, device='cuda:0'), tensor(0.0978, device='cuda:0'), tensor(0.0734, device='cuda:0'), tensor(0.0578, device='cuda:0'), tensor(0.0368, device='cuda:0'), tensor(0.0532, device='cuda:0'), tensor(0.0703, device='cuda:0')]"
70,"[tensor(0.0341, device='cuda:0'), tensor(0.0964, device='cuda:0'), tensor(0.0525, device='cuda:0'), tensor(0.0276, device='cuda:0'), tensor(0.0564, device='cuda:0'), tensor(0.0492, device='cuda:0'), tensor(0.0322, device='cuda:0'), tensor(0.0638, device='cuda:0'), tensor(0.0830, device='cuda:0'), tensor(0.0424, device='cuda:0'), tensor(0.0334, device='cuda:0'), tensor(0.0438, device='cuda:0'), tensor(0.1018, device='cuda:0'), tensor(0.0410, device='cuda:0'), tensor(0.0707, device='cuda:0'), tensor(0.0559, device='cuda:0'), tensor(0.0484, device='cuda:0'), tensor(0.2609, device='cuda:0'), tensor(0.0378, device='cuda:0'), tensor(0.0387, device='cuda:0'), tensor(0.0865, device='cuda:0'), tensor(0.0730, device='cuda:0'), tensor(0.0800, device='cuda:0'), tensor(0.0580, device='cuda:0'), tensor(0.0829, device='cuda:0'), tensor(0.0338, device='cuda:0'), tensor(0.0446, device='cuda:0'), tensor(0.0626, device='cuda:0'), tensor(0.0529, device='cuda:0'), tensor(0.0545, device='cuda:0'), tensor(0.0645, device='cuda:0'), tensor(0.0656, device='cuda:0'), tensor(0.0739, device='cuda:0'), tensor(0.0586, device='cuda:0'), tensor(0.2828, device='cuda:0'), tensor(0.0545, device='cuda:0'), tensor(0.1035, device='cuda:0'), tensor(0.0427, device='cuda:0'), tensor(0.1197, device='cuda:0'), tensor(0.0419, device='cuda:0'), tensor(0.0971, device='cuda:0'), tensor(0.0809, device='cuda:0'), tensor(0.0544, device='cuda:0'), tensor(0.0614, device='cuda:0'), tensor(0.0456, device='cuda:0'), tensor(0.0931, device='cuda:0'), tensor(0.0558, device='cuda:0'), tensor(0.0547, device='cuda:0'), tensor(0.0667, device='cuda:0'), tensor(0.0390, device='cuda:0'), tensor(0.0433, device='cuda:0'), tensor(0.0788, device='cuda:0'), tensor(0.0542, device='cuda:0'), tensor(0.0571, device='cuda:0'), tensor(0.0678, device='cuda:0'), tensor(0.0315, device='cuda:0'), tensor(0.0664, device='cuda:0'), tensor(0.0370, device='cuda:0'), tensor(0.0491, device='cuda:0'), tensor(0.0440, device='cuda:0'), tensor(0.0376, device='cuda:0'), tensor(0.0656, device='cuda:0'), tensor(0.0493, device='cuda:0'), tensor(0.0550, device='cuda:0'), tensor(0.0384, device='cuda:0'), tensor(0.0345, device='cuda:0'), tensor(0.0377, device='cuda:0'), tensor(0.0636, device='cuda:0'), tensor(0.0764, device='cuda:0'), tensor(0.0827, device='cuda:0'), tensor(0.0383, device='cuda:0'), tensor(0.0364, device='cuda:0'), tensor(0.0395, device='cuda:0'), tensor(0.0479, device='cuda:0'), tensor(0.0680, device='cuda:0'), tensor(0.0649, device='cuda:0'), tensor(0.0527, device='cuda:0'), tensor(0.0853, device='cuda:0'), tensor(0.0467, device='cuda:0'), tensor(0.0565, device='cuda:0'), tensor(0.0764, device='cuda:0'), tensor(0.0826, device='cuda:0'), tensor(0.0704, device='cuda:0'), tensor(0.0450, device='cuda:0'), tensor(0.0595, device='cuda:0'), tensor(0.0410, device='cuda:0'), tensor(0.0451, device='cuda:0'), tensor(0.0561, device='cuda:0'), tensor(0.0790, device='cuda:0'), tensor(0.0464, device='cuda:0'), tensor(0.0489, device='cuda:0'), tensor(0.0851, device='cuda:0'), tensor(0.0386, device='cuda:0'), tensor(0.0512, device='cuda:0'), tensor(0.0823, device='cuda:0'), tensor(0.0709, device='cuda:0'), tensor(0.0820, device='cuda:0'), tensor(0.0553, device='cuda:0'), tensor(0.0440, device='cuda:0'), tensor(0.0450, device='cuda:0'), tensor(0.0782, device='cuda:0'), tensor(0.0443, device='cuda:0'), tensor(0.0711, device='cuda:0'), tensor(0.0383, device='cuda:0'), tensor(0.0641, device='cuda:0'), tensor(0.0446, device='cuda:0'), tensor(0.0413, device='cuda:0'), tensor(0.0436, device='cuda:0'), tensor(0.0927, device='cuda:0'), tensor(0.1034, device='cuda:0'), tensor(0.0545, device='cuda:0'), tensor(0.1141, device='cuda:0'), tensor(0.0691, device='cuda:0'), tensor(0.0493, device='cuda:0'), tensor(0.0526, device='cuda:0'), tensor(0.1552, device='cuda:0'), tensor(0.0509, device='cuda:0'), tensor(0.0522, device='cuda:0'), tensor(0.0573, device='cuda:0'), tensor(0.0686, device='cuda:0'), tensor(0.0655, device='cuda:0'), tensor(0.0836, device='cuda:0')]"
71,"[tensor(0.2676, device='cuda:0'), tensor(0.0317, device='cuda:0'), tensor(0.0511, device='cuda:0'), tensor(0.0279, device='cuda:0'), tensor(0.0480, device='cuda:0'), tensor(0.0670, device='cuda:0'), tensor(0.0282, device='cuda:0'), tensor(0.0376, device='cuda:0'), tensor(0.0473, device='cuda:0'), tensor(0.0533, device='cuda:0'), tensor(0.0439, device='cuda:0'), tensor(0.0509, device='cuda:0'), tensor(0.0364, device='cuda:0'), tensor(0.0651, device='cuda:0'), tensor(0.0752, device='cuda:0'), tensor(0.0623, device='cuda:0'), tensor(0.0429, device='cuda:0'), tensor(0.0352, device='cuda:0'), tensor(0.0686, device='cuda:0'), tensor(0.0945, device='cuda:0'), tensor(0.0366, device='cuda:0'), tensor(0.0356, device='cuda:0'), tensor(0.0485, device='cuda:0'), tensor(0.1689, device='cuda:0'), tensor(0.0317, device='cuda:0'), tensor(0.0335, device='cuda:0'), tensor(0.0529, device='cuda:0'), tensor(0.0412, device='cuda:0'), tensor(0.0537, device='cuda:0'), tensor(0.0401, device='cuda:0'), tensor(0.0328, device='cuda:0'), tensor(0.0689, device='cuda:0'), tensor(0.0854, device='cuda:0'), tensor(0.1030, device='cuda:0'), tensor(0.0354, device='cuda:0'), tensor(0.0759, device='cuda:0'), tensor(0.0595, device='cuda:0'), tensor(0.0381, device='cuda:0'), tensor(0.0365, device='cuda:0'), tensor(0.0487, device='cuda:0'), tensor(0.0357, device='cuda:0'), tensor(0.0456, device='cuda:0'), tensor(0.0466, device='cuda:0'), tensor(0.0648, device='cuda:0'), tensor(0.0444, device='cuda:0'), tensor(0.0341, device='cuda:0'), tensor(0.0404, device='cuda:0'), tensor(0.0337, device='cuda:0'), tensor(0.0495, device='cuda:0'), tensor(0.0840, device='cuda:0'), tensor(0.0828, device='cuda:0'), tensor(0.0335, device='cuda:0'), tensor(0.0846, device='cuda:0'), tensor(0.0330, device='cuda:0'), tensor(0.0350, device='cuda:0'), tensor(0.0644, device='cuda:0'), tensor(0.0371, device='cuda:0'), tensor(0.0600, device='cuda:0'), tensor(0.0489, device='cuda:0'), tensor(0.0525, device='cuda:0'), tensor(0.0739, device='cuda:0'), tensor(0.0509, device='cuda:0'), tensor(0.0518, device='cuda:0'), tensor(0.0329, device='cuda:0'), tensor(0.0529, device='cuda:0'), tensor(0.0498, device='cuda:0'), tensor(0.0536, device='cuda:0'), tensor(0.0449, device='cuda:0'), tensor(0.0370, device='cuda:0'), tensor(0.0346, device='cuda:0'), tensor(0.0844, device='cuda:0'), tensor(0.0750, device='cuda:0'), tensor(0.0748, device='cuda:0'), tensor(0.0630, device='cuda:0'), tensor(0.0332, device='cuda:0'), tensor(0.0360, device='cuda:0'), tensor(0.0537, device='cuda:0'), tensor(0.0423, device='cuda:0'), tensor(0.0599, device='cuda:0'), tensor(0.0672, device='cuda:0'), tensor(0.0365, device='cuda:0'), tensor(0.0357, device='cuda:0'), tensor(0.0451, device='cuda:0'), tensor(0.0628, device='cuda:0'), tensor(0.0349, device='cuda:0'), tensor(0.0406, device='cuda:0'), tensor(0.0693, device='cuda:0'), tensor(0.0499, device='cuda:0'), tensor(0.0780, device='cuda:0'), tensor(0.0449, device='cuda:0'), tensor(0.0515, device='cuda:0'), tensor(0.0354, device='cuda:0'), tensor(0.0589, device='cuda:0'), tensor(0.0638, device='cuda:0'), tensor(0.0332, device='cuda:0'), tensor(0.0304, device='cuda:0'), tensor(0.0575, device='cuda:0'), tensor(0.0334, device='cuda:0'), tensor(0.0684, device='cuda:0'), tensor(0.0410, device='cuda:0'), tensor(0.0332, device='cuda:0'), tensor(0.0480, device='cuda:0'), tensor(0.0418, device='cuda:0'), tensor(0.0722, device='cuda:0'), tensor(0.0427, device='cuda:0'), tensor(0.0591, device='cuda:0'), tensor(0.0915, device='cuda:0'), tensor(0.0580, device='cuda:0'), tensor(0.0458, device='cuda:0'), tensor(0.1272, device='cuda:0'), tensor(0.0431, device='cuda:0'), tensor(0.0334, device='cuda:0'), tensor(0.0457, device='cuda:0'), tensor(0.0570, device='cuda:0'), tensor(0.0783, device='cuda:0'), tensor(0.0850, device='cuda:0'), tensor(0.0980, device='cuda:0'), tensor(0.0679, device='cuda:0'), tensor(0.0530, device='cuda:0'), tensor(0.0353, device='cuda:0'), tensor(0.0694, device='cuda:0'), tensor(0.0726, device='cuda:0')]"
72,"[tensor(0.0353, device='cuda:0'), tensor(0.0990, device='cuda:0'), tensor(0.0579, device='cuda:0'), tensor(0.0278, device='cuda:0'), tensor(0.0672, device='cuda:0'), tensor(0.0493, device='cuda:0'), tensor(0.0314, device='cuda:0'), tensor(0.0464, device='cuda:0'), tensor(0.0405, device='cuda:0'), tensor(0.0398, device='cuda:0'), tensor(0.0315, device='cuda:0'), tensor(0.0395, device='cuda:0'), tensor(0.0913, device='cuda:0'), tensor(0.0361, device='cuda:0'), tensor(0.0644, device='cuda:0'), tensor(0.0471, device='cuda:0'), tensor(0.0522, device='cuda:0'), tensor(0.2561, device='cuda:0'), tensor(0.0333, device='cuda:0'), tensor(0.0529, device='cuda:0'), tensor(0.0736, device='cuda:0'), tensor(0.0592, device='cuda:0'), tensor(0.0743, device='cuda:0'), tensor(0.0532, device='cuda:0'), tensor(0.0761, device='cuda:0'), tensor(0.0323, device='cuda:0'), tensor(0.0389, device='cuda:0'), tensor(0.0658, device='cuda:0'), tensor(0.0567, device='cuda:0'), tensor(0.0665, device='cuda:0'), tensor(0.0623, device='cuda:0'), tensor(0.0694, device='cuda:0'), tensor(0.0768, device='cuda:0'), tensor(0.0519, device='cuda:0'), tensor(0.2677, device='cuda:0'), tensor(0.0393, device='cuda:0'), tensor(0.0747, device='cuda:0'), tensor(0.0444, device='cuda:0'), tensor(0.1192, device='cuda:0'), tensor(0.0712, device='cuda:0'), tensor(0.0860, device='cuda:0'), tensor(0.0723, device='cuda:0'), tensor(0.0715, device='cuda:0'), tensor(0.0662, device='cuda:0'), tensor(0.0490, device='cuda:0'), tensor(0.0859, device='cuda:0'), tensor(0.0553, device='cuda:0'), tensor(0.0625, device='cuda:0'), tensor(0.0553, device='cuda:0'), tensor(0.0396, device='cuda:0'), tensor(0.0488, device='cuda:0'), tensor(0.0785, device='cuda:0'), tensor(0.0620, device='cuda:0'), tensor(0.0650, device='cuda:0'), tensor(0.0670, device='cuda:0'), tensor(0.0314, device='cuda:0'), tensor(0.0684, device='cuda:0'), tensor(0.0344, device='cuda:0'), tensor(0.0475, device='cuda:0'), tensor(0.0470, device='cuda:0'), tensor(0.0380, device='cuda:0'), tensor(0.0632, device='cuda:0'), tensor(0.1097, device='cuda:0'), tensor(0.0566, device='cuda:0'), tensor(0.0372, device='cuda:0'), tensor(0.0356, device='cuda:0'), tensor(0.0315, device='cuda:0'), tensor(0.0663, device='cuda:0'), tensor(0.0710, device='cuda:0'), tensor(0.0688, device='cuda:0'), tensor(0.0475, device='cuda:0'), tensor(0.0365, device='cuda:0'), tensor(0.0404, device='cuda:0'), tensor(0.0401, device='cuda:0'), tensor(0.0769, device='cuda:0'), tensor(0.0716, device='cuda:0'), tensor(0.0593, device='cuda:0'), tensor(0.1116, device='cuda:0'), tensor(0.0506, device='cuda:0'), tensor(0.0497, device='cuda:0'), tensor(0.0553, device='cuda:0'), tensor(0.0835, device='cuda:0'), tensor(0.0858, device='cuda:0'), tensor(0.0464, device='cuda:0'), tensor(0.0591, device='cuda:0'), tensor(0.0398, device='cuda:0'), tensor(0.0501, device='cuda:0'), tensor(0.0659, device='cuda:0'), tensor(0.0837, device='cuda:0'), tensor(0.0457, device='cuda:0'), tensor(0.0734, device='cuda:0'), tensor(0.0728, device='cuda:0'), tensor(0.0415, device='cuda:0'), tensor(0.0549, device='cuda:0'), tensor(0.1064, device='cuda:0'), tensor(0.0821, device='cuda:0'), tensor(0.0793, device='cuda:0'), tensor(0.0462, device='cuda:0'), tensor(0.0367, device='cuda:0'), tensor(0.0580, device='cuda:0'), tensor(0.0790, device='cuda:0'), tensor(0.0480, device='cuda:0'), tensor(0.0635, device='cuda:0'), tensor(0.0433, device='cuda:0'), tensor(0.0459, device='cuda:0'), tensor(0.0446, device='cuda:0'), tensor(0.0432, device='cuda:0'), tensor(0.0399, device='cuda:0'), tensor(0.0950, device='cuda:0'), tensor(0.1490, device='cuda:0'), tensor(0.0590, device='cuda:0'), tensor(0.1135, device='cuda:0'), tensor(0.0765, device='cuda:0'), tensor(0.0510, device='cuda:0'), tensor(0.0606, device='cuda:0'), tensor(0.1381, device='cuda:0'), tensor(0.0589, device='cuda:0'), tensor(0.0525, device='cuda:0'), tensor(0.0569, device='cuda:0'), tensor(0.0820, device='cuda:0'), tensor(0.0577, device='cuda:0'), tensor(0.0763, device='cuda:0')]"
73,"[tensor(0.2708, device='cuda:0'), tensor(0.0302, device='cuda:0'), tensor(0.0486, device='cuda:0'), tensor(0.0274, device='cuda:0'), tensor(0.0416, device='cuda:0'), tensor(0.0482, device='cuda:0'), tensor(0.0283, device='cuda:0'), tensor(0.0757, device='cuda:0'), tensor(0.0468, device='cuda:0'), tensor(0.0590, device='cuda:0'), tensor(0.0404, device='cuda:0'), tensor(0.0543, device='cuda:0'), tensor(0.0345, device='cuda:0'), tensor(0.0857, device='cuda:0'), tensor(0.0598, device='cuda:0'), tensor(0.0617, device='cuda:0'), tensor(0.0375, device='cuda:0'), tensor(0.0352, device='cuda:0'), tensor(0.0642, device='cuda:0'), tensor(0.0606, device='cuda:0'), tensor(0.0365, device='cuda:0'), tensor(0.0383, device='cuda:0'), tensor(0.0511, device='cuda:0'), tensor(0.1278, device='cuda:0'), tensor(0.0364, device='cuda:0'), tensor(0.0329, device='cuda:0'), tensor(0.0461, device='cuda:0'), tensor(0.0431, device='cuda:0'), tensor(0.0797, device='cuda:0'), tensor(0.0346, device='cuda:0'), tensor(0.0356, device='cuda:0'), tensor(0.0731, device='cuda:0'), tensor(0.0976, device='cuda:0'), tensor(0.1122, device='cuda:0'), tensor(0.0362, device='cuda:0'), tensor(0.0740, device='cuda:0'), tensor(0.1186, device='cuda:0'), tensor(0.0428, device='cuda:0'), tensor(0.0360, device='cuda:0'), tensor(0.0587, device='cuda:0'), tensor(0.0367, device='cuda:0'), tensor(0.0356, device='cuda:0'), tensor(0.0352, device='cuda:0'), tensor(0.0711, device='cuda:0'), tensor(0.0410, device='cuda:0'), tensor(0.0339, device='cuda:0'), tensor(0.0418, device='cuda:0'), tensor(0.0368, device='cuda:0'), tensor(0.0565, device='cuda:0'), tensor(0.0921, device='cuda:0'), tensor(0.0619, device='cuda:0'), tensor(0.0351, device='cuda:0'), tensor(0.1154, device='cuda:0'), tensor(0.0346, device='cuda:0'), tensor(0.0338, device='cuda:0'), tensor(0.0618, device='cuda:0'), tensor(0.0380, device='cuda:0'), tensor(0.0667, device='cuda:0'), tensor(0.0507, device='cuda:0'), tensor(0.0550, device='cuda:0'), tensor(0.0806, device='cuda:0'), tensor(0.0469, device='cuda:0'), tensor(0.0491, device='cuda:0'), tensor(0.0365, device='cuda:0'), tensor(0.0544, device='cuda:0'), tensor(0.0551, device='cuda:0'), tensor(0.0619, device='cuda:0'), tensor(0.0396, device='cuda:0'), tensor(0.0354, device='cuda:0'), tensor(0.0350, device='cuda:0'), tensor(0.0809, device='cuda:0'), tensor(0.0771, device='cuda:0'), tensor(0.0817, device='cuda:0'), tensor(0.0713, device='cuda:0'), tensor(0.0367, device='cuda:0'), tensor(0.0372, device='cuda:0'), tensor(0.0510, device='cuda:0'), tensor(0.0491, device='cuda:0'), tensor(0.0512, device='cuda:0'), tensor(0.0744, device='cuda:0'), tensor(0.0361, device='cuda:0'), tensor(0.0407, device='cuda:0'), tensor(0.0442, device='cuda:0'), tensor(0.0633, device='cuda:0'), tensor(0.0386, device='cuda:0'), tensor(0.0410, device='cuda:0'), tensor(0.0550, device='cuda:0'), tensor(0.0625, device='cuda:0'), tensor(0.0833, device='cuda:0'), tensor(0.0446, device='cuda:0'), tensor(0.0856, device='cuda:0'), tensor(0.0363, device='cuda:0'), tensor(0.0625, device='cuda:0'), tensor(0.0801, device='cuda:0'), tensor(0.0385, device='cuda:0'), tensor(0.0299, device='cuda:0'), tensor(0.0718, device='cuda:0'), tensor(0.0325, device='cuda:0'), tensor(0.0665, device='cuda:0'), tensor(0.0416, device='cuda:0'), tensor(0.0328, device='cuda:0'), tensor(0.0603, device='cuda:0'), tensor(0.0435, device='cuda:0'), tensor(0.0725, device='cuda:0'), tensor(0.0400, device='cuda:0'), tensor(0.0574, device='cuda:0'), tensor(0.0780, device='cuda:0'), tensor(0.0714, device='cuda:0'), tensor(0.0451, device='cuda:0'), tensor(0.1772, device='cuda:0'), tensor(0.0387, device='cuda:0'), tensor(0.0339, device='cuda:0'), tensor(0.0358, device='cuda:0'), tensor(0.0651, device='cuda:0'), tensor(0.0827, device='cuda:0'), tensor(0.0909, device='cuda:0'), tensor(0.0950, device='cuda:0'), tensor(0.0590, device='cuda:0'), tensor(0.0548, device='cuda:0'), tensor(0.0379, device='cuda:0'), tensor(0.0578, device='cuda:0'), tensor(0.0711, device='cuda:0')]"
74,"[tensor(0.0346, device='cuda:0'), tensor(0.0929, device='cuda:0'), tensor(0.0554, device='cuda:0'), tensor(0.0270, device='cuda:0'), tensor(0.0904, device='cuda:0'), tensor(0.0467, device='cuda:0'), tensor(0.0296, device='cuda:0'), tensor(0.0318, device='cuda:0'), tensor(0.0845, device='cuda:0'), tensor(0.0396, device='cuda:0'), tensor(0.0354, device='cuda:0'), tensor(0.0413, device='cuda:0'), tensor(0.0907, device='cuda:0'), tensor(0.0375, device='cuda:0'), tensor(0.0881, device='cuda:0'), tensor(0.0492, device='cuda:0'), tensor(0.0408, device='cuda:0'), tensor(0.2476, device='cuda:0'), tensor(0.0372, device='cuda:0'), tensor(0.0565, device='cuda:0'), tensor(0.0869, device='cuda:0'), tensor(0.0670, device='cuda:0'), tensor(0.0719, device='cuda:0'), tensor(0.0483, device='cuda:0'), tensor(0.0671, device='cuda:0'), tensor(0.0327, device='cuda:0'), tensor(0.0593, device='cuda:0'), tensor(0.0902, device='cuda:0'), tensor(0.0499, device='cuda:0'), tensor(0.0507, device='cuda:0'), tensor(0.0510, device='cuda:0'), tensor(0.0786, device='cuda:0'), tensor(0.0611, device='cuda:0'), tensor(0.0671, device='cuda:0'), tensor(0.2401, device='cuda:0'), tensor(0.0417, device='cuda:0'), tensor(0.0535, device='cuda:0'), tensor(0.0576, device='cuda:0'), tensor(0.1169, device='cuda:0'), tensor(0.0595, device='cuda:0'), tensor(0.0858, device='cuda:0'), tensor(0.0808, device='cuda:0'), tensor(0.0756, device='cuda:0'), tensor(0.0753, device='cuda:0'), tensor(0.0450, device='cuda:0'), tensor(0.0861, device='cuda:0'), tensor(0.0613, device='cuda:0'), tensor(0.0576, device='cuda:0'), tensor(0.0622, device='cuda:0'), tensor(0.0391, device='cuda:0'), tensor(0.0458, device='cuda:0'), tensor(0.0700, device='cuda:0'), tensor(0.0592, device='cuda:0'), tensor(0.0543, device='cuda:0'), tensor(0.0587, device='cuda:0'), tensor(0.0302, device='cuda:0'), tensor(0.0647, device='cuda:0'), tensor(0.0331, device='cuda:0'), tensor(0.0453, device='cuda:0'), tensor(0.0459, device='cuda:0'), tensor(0.0403, device='cuda:0'), tensor(0.0695, device='cuda:0'), tensor(0.0514, device='cuda:0'), tensor(0.0477, device='cuda:0'), tensor(0.0386, device='cuda:0'), tensor(0.0348, device='cuda:0'), tensor(0.0412, device='cuda:0'), tensor(0.0680, device='cuda:0'), tensor(0.0807, device='cuda:0'), tensor(0.0831, device='cuda:0'), tensor(0.0385, device='cuda:0'), tensor(0.0540, device='cuda:0'), tensor(0.0365, device='cuda:0'), tensor(0.0398, device='cuda:0'), tensor(0.0753, device='cuda:0'), tensor(0.0661, device='cuda:0'), tensor(0.0586, device='cuda:0'), tensor(0.0762, device='cuda:0'), tensor(0.0553, device='cuda:0'), tensor(0.0507, device='cuda:0'), tensor(0.0622, device='cuda:0'), tensor(0.0883, device='cuda:0'), tensor(0.0800, device='cuda:0'), tensor(0.0468, device='cuda:0'), tensor(0.0546, device='cuda:0'), tensor(0.0403, device='cuda:0'), tensor(0.0505, device='cuda:0'), tensor(0.0712, device='cuda:0'), tensor(0.0603, device='cuda:0'), tensor(0.0469, device='cuda:0'), tensor(0.0494, device='cuda:0'), tensor(0.0747, device='cuda:0'), tensor(0.0418, device='cuda:0'), tensor(0.0462, device='cuda:0'), tensor(0.0662, device='cuda:0'), tensor(0.0771, device='cuda:0'), tensor(0.0553, device='cuda:0'), tensor(0.0517, device='cuda:0'), tensor(0.0472, device='cuda:0'), tensor(0.0543, device='cuda:0'), tensor(0.0884, device='cuda:0'), tensor(0.0426, device='cuda:0'), tensor(0.0776, device='cuda:0'), tensor(0.0469, device='cuda:0'), tensor(0.0496, device='cuda:0'), tensor(0.0425, device='cuda:0'), tensor(0.0443, device='cuda:0'), tensor(0.0443, device='cuda:0'), tensor(0.0963, device='cuda:0'), tensor(0.1724, device='cuda:0'), tensor(0.0686, device='cuda:0'), tensor(0.1032, device='cuda:0'), tensor(0.0900, device='cuda:0'), tensor(0.0455, device='cuda:0'), tensor(0.0661, device='cuda:0'), tensor(0.1166, device='cuda:0'), tensor(0.0469, device='cuda:0'), tensor(0.0681, device='cuda:0'), tensor(0.0539, device='cuda:0'), tensor(0.0647, device='cuda:0'), tensor(0.0746, device='cuda:0'), tensor(0.0692, device='cuda:0')]"
75,"[tensor(0.2580, device='cuda:0'), tensor(0.0313, device='cuda:0'), tensor(0.0618, device='cuda:0'), tensor(0.0277, device='cuda:0'), tensor(0.0393, device='cuda:0'), tensor(0.0491, device='cuda:0'), tensor(0.0281, device='cuda:0'), tensor(0.0709, device='cuda:0'), tensor(0.0420, device='cuda:0'), tensor(0.0580, device='cuda:0'), tensor(0.0427, device='cuda:0'), tensor(0.0512, device='cuda:0'), tensor(0.0360, device='cuda:0'), tensor(0.0760, device='cuda:0'), tensor(0.0725, device='cuda:0'), tensor(0.0527, device='cuda:0'), tensor(0.0435, device='cuda:0'), tensor(0.0345, device='cuda:0'), tensor(0.0607, device='cuda:0'), tensor(0.0484, device='cuda:0'), tensor(0.0385, device='cuda:0'), tensor(0.0391, device='cuda:0'), tensor(0.0536, device='cuda:0'), tensor(0.1111, device='cuda:0'), tensor(0.0334, device='cuda:0'), tensor(0.0323, device='cuda:0'), tensor(0.0691, device='cuda:0'), tensor(0.0413, device='cuda:0'), tensor(0.0671, device='cuda:0'), tensor(0.0434, device='cuda:0'), tensor(0.0324, device='cuda:0'), tensor(0.0831, device='cuda:0'), tensor(0.1023, device='cuda:0'), tensor(0.1056, device='cuda:0'), tensor(0.0351, device='cuda:0'), tensor(0.0544, device='cuda:0'), tensor(0.0589, device='cuda:0'), tensor(0.0418, device='cuda:0'), tensor(0.0355, device='cuda:0'), tensor(0.0691, device='cuda:0'), tensor(0.0357, device='cuda:0'), tensor(0.0376, device='cuda:0'), tensor(0.0392, device='cuda:0'), tensor(0.0634, device='cuda:0'), tensor(0.0430, device='cuda:0'), tensor(0.0368, device='cuda:0'), tensor(0.0391, device='cuda:0'), tensor(0.0367, device='cuda:0'), tensor(0.0466, device='cuda:0'), tensor(0.0574, device='cuda:0'), tensor(0.0929, device='cuda:0'), tensor(0.0342, device='cuda:0'), tensor(0.1368, device='cuda:0'), tensor(0.0444, device='cuda:0'), tensor(0.0311, device='cuda:0'), tensor(0.0642, device='cuda:0'), tensor(0.0392, device='cuda:0'), tensor(0.0705, device='cuda:0'), tensor(0.0501, device='cuda:0'), tensor(0.0552, device='cuda:0'), tensor(0.0819, device='cuda:0'), tensor(0.0518, device='cuda:0'), tensor(0.0639, device='cuda:0'), tensor(0.0345, device='cuda:0'), tensor(0.0560, device='cuda:0'), tensor(0.0593, device='cuda:0'), tensor(0.0542, device='cuda:0'), tensor(0.0475, device='cuda:0'), tensor(0.0363, device='cuda:0'), tensor(0.0342, device='cuda:0'), tensor(0.0900, device='cuda:0'), tensor(0.0496, device='cuda:0'), tensor(0.0821, device='cuda:0'), tensor(0.0687, device='cuda:0'), tensor(0.0362, device='cuda:0'), tensor(0.0375, device='cuda:0'), tensor(0.0528, device='cuda:0'), tensor(0.0563, device='cuda:0'), tensor(0.0605, device='cuda:0'), tensor(0.0667, device='cuda:0'), tensor(0.0368, device='cuda:0'), tensor(0.0430, device='cuda:0'), tensor(0.0468, device='cuda:0'), tensor(0.0752, device='cuda:0'), tensor(0.0387, device='cuda:0'), tensor(0.0420, device='cuda:0'), tensor(0.0587, device='cuda:0'), tensor(0.0392, device='cuda:0'), tensor(0.0745, device='cuda:0'), tensor(0.0480, device='cuda:0'), tensor(0.0539, device='cuda:0'), tensor(0.0347, device='cuda:0'), tensor(0.0684, device='cuda:0'), tensor(0.0784, device='cuda:0'), tensor(0.0360, device='cuda:0'), tensor(0.0314, device='cuda:0'), tensor(0.0785, device='cuda:0'), tensor(0.0343, device='cuda:0'), tensor(0.0609, device='cuda:0'), tensor(0.0435, device='cuda:0'), tensor(0.0327, device='cuda:0'), tensor(0.0521, device='cuda:0'), tensor(0.0424, device='cuda:0'), tensor(0.0741, device='cuda:0'), tensor(0.0436, device='cuda:0'), tensor(0.0533, device='cuda:0'), tensor(0.0715, device='cuda:0'), tensor(0.0714, device='cuda:0'), tensor(0.0432, device='cuda:0'), tensor(0.1507, device='cuda:0'), tensor(0.0361, device='cuda:0'), tensor(0.0333, device='cuda:0'), tensor(0.0392, device='cuda:0'), tensor(0.0596, device='cuda:0'), tensor(0.0890, device='cuda:0'), tensor(0.0860, device='cuda:0'), tensor(0.1017, device='cuda:0'), tensor(0.0701, device='cuda:0'), tensor(0.0553, device='cuda:0'), tensor(0.0366, device='cuda:0'), tensor(0.0544, device='cuda:0'), tensor(0.0718, device='cuda:0')]"
76,"[tensor(0.0337, device='cuda:0'), tensor(0.1076, device='cuda:0'), tensor(0.0582, device='cuda:0'), tensor(0.0274, device='cuda:0'), tensor(0.0785, device='cuda:0'), tensor(0.0461, device='cuda:0'), tensor(0.0305, device='cuda:0'), tensor(0.0323, device='cuda:0'), tensor(0.0778, device='cuda:0'), tensor(0.0422, device='cuda:0'), tensor(0.0325, device='cuda:0'), tensor(0.0404, device='cuda:0'), tensor(0.0780, device='cuda:0'), tensor(0.0442, device='cuda:0'), tensor(0.0559, device='cuda:0'), tensor(0.0494, device='cuda:0'), tensor(0.0501, device='cuda:0'), tensor(0.2472, device='cuda:0'), tensor(0.0377, device='cuda:0'), tensor(0.0568, device='cuda:0'), tensor(0.0779, device='cuda:0'), tensor(0.0573, device='cuda:0'), tensor(0.0772, device='cuda:0'), tensor(0.0482, device='cuda:0'), tensor(0.0644, device='cuda:0'), tensor(0.0326, device='cuda:0'), tensor(0.0478, device='cuda:0'), tensor(0.0749, device='cuda:0'), tensor(0.0505, device='cuda:0'), tensor(0.0995, device='cuda:0'), tensor(0.0637, device='cuda:0'), tensor(0.0878, device='cuda:0'), tensor(0.0662, device='cuda:0'), tensor(0.0630, device='cuda:0'), tensor(0.2484, device='cuda:0'), tensor(0.0422, device='cuda:0'), tensor(0.0829, device='cuda:0'), tensor(0.0446, device='cuda:0'), tensor(0.1031, device='cuda:0'), tensor(0.0595, device='cuda:0'), tensor(0.0835, device='cuda:0'), tensor(0.0909, device='cuda:0'), tensor(0.0493, device='cuda:0'), tensor(0.0740, device='cuda:0'), tensor(0.0417, device='cuda:0'), tensor(0.0967, device='cuda:0'), tensor(0.0603, device='cuda:0'), tensor(0.0606, device='cuda:0'), tensor(0.0537, device='cuda:0'), tensor(0.0397, device='cuda:0'), tensor(0.0376, device='cuda:0'), tensor(0.0737, device='cuda:0'), tensor(0.0475, device='cuda:0'), tensor(0.0389, device='cuda:0'), tensor(0.0634, device='cuda:0'), tensor(0.0296, device='cuda:0'), tensor(0.0669, device='cuda:0'), tensor(0.0341, device='cuda:0'), tensor(0.0449, device='cuda:0'), tensor(0.0461, device='cuda:0'), tensor(0.0351, device='cuda:0'), tensor(0.0675, device='cuda:0'), tensor(0.0528, device='cuda:0'), tensor(0.0572, device='cuda:0'), tensor(0.0371, device='cuda:0'), tensor(0.0374, device='cuda:0'), tensor(0.0507, device='cuda:0'), tensor(0.0642, device='cuda:0'), tensor(0.0667, device='cuda:0'), tensor(0.0800, device='cuda:0'), tensor(0.0343, device='cuda:0'), tensor(0.0596, device='cuda:0'), tensor(0.0386, device='cuda:0'), tensor(0.0418, device='cuda:0'), tensor(0.0741, device='cuda:0'), tensor(0.0691, device='cuda:0'), tensor(0.0557, device='cuda:0'), tensor(0.0913, device='cuda:0'), tensor(0.0561, device='cuda:0'), tensor(0.0666, device='cuda:0'), tensor(0.0608, device='cuda:0'), tensor(0.0883, device='cuda:0'), tensor(0.0842, device='cuda:0'), tensor(0.0449, device='cuda:0'), tensor(0.0515, device='cuda:0'), tensor(0.0437, device='cuda:0'), tensor(0.0511, device='cuda:0'), tensor(0.0769, device='cuda:0'), tensor(0.0576, device='cuda:0'), tensor(0.0395, device='cuda:0'), tensor(0.0664, device='cuda:0'), tensor(0.0711, device='cuda:0'), tensor(0.0427, device='cuda:0'), tensor(0.0481, device='cuda:0'), tensor(0.0907, device='cuda:0'), tensor(0.0695, device='cuda:0'), tensor(0.0648, device='cuda:0'), tensor(0.0430, device='cuda:0'), tensor(0.0502, device='cuda:0'), tensor(0.0563, device='cuda:0'), tensor(0.0792, device='cuda:0'), tensor(0.0468, device='cuda:0'), tensor(0.0681, device='cuda:0'), tensor(0.0457, device='cuda:0'), tensor(0.0530, device='cuda:0'), tensor(0.0424, device='cuda:0'), tensor(0.0485, device='cuda:0'), tensor(0.0426, device='cuda:0'), tensor(0.0897, device='cuda:0'), tensor(0.1316, device='cuda:0'), tensor(0.0479, device='cuda:0'), tensor(0.1036, device='cuda:0'), tensor(0.0884, device='cuda:0'), tensor(0.0455, device='cuda:0'), tensor(0.0576, device='cuda:0'), tensor(0.1198, device='cuda:0'), tensor(0.0682, device='cuda:0'), tensor(0.0718, device='cuda:0'), tensor(0.0581, device='cuda:0'), tensor(0.0722, device='cuda:0'), tensor(0.0548, device='cuda:0'), tensor(0.0524, device='cuda:0')]"
77,"[tensor(0.2712, device='cuda:0'), tensor(0.0288, device='cuda:0'), tensor(0.0792, device='cuda:0'), tensor(0.0274, device='cuda:0'), tensor(0.0419, device='cuda:0'), tensor(0.0512, device='cuda:0'), tensor(0.0286, device='cuda:0'), tensor(0.0676, device='cuda:0'), tensor(0.0583, device='cuda:0'), tensor(0.0521, device='cuda:0'), tensor(0.0416, device='cuda:0'), tensor(0.0527, device='cuda:0'), tensor(0.0333, device='cuda:0'), tensor(0.0654, device='cuda:0'), tensor(0.0694, device='cuda:0'), tensor(0.0489, device='cuda:0'), tensor(0.0408, device='cuda:0'), tensor(0.0344, device='cuda:0'), tensor(0.0463, device='cuda:0'), tensor(0.0617, device='cuda:0'), tensor(0.0376, device='cuda:0'), tensor(0.0351, device='cuda:0'), tensor(0.0453, device='cuda:0'), tensor(0.1205, device='cuda:0'), tensor(0.0380, device='cuda:0'), tensor(0.0327, device='cuda:0'), tensor(0.0452, device='cuda:0'), tensor(0.0431, device='cuda:0'), tensor(0.0521, device='cuda:0'), tensor(0.0391, device='cuda:0'), tensor(0.0350, device='cuda:0'), tensor(0.0743, device='cuda:0'), tensor(0.0951, device='cuda:0'), tensor(0.1274, device='cuda:0'), tensor(0.0337, device='cuda:0'), tensor(0.0730, device='cuda:0'), tensor(0.0724, device='cuda:0'), tensor(0.0455, device='cuda:0'), tensor(0.0338, device='cuda:0'), tensor(0.0808, device='cuda:0'), tensor(0.0372, device='cuda:0'), tensor(0.0339, device='cuda:0'), tensor(0.0408, device='cuda:0'), tensor(0.0587, device='cuda:0'), tensor(0.0433, device='cuda:0'), tensor(0.0349, device='cuda:0'), tensor(0.0474, device='cuda:0'), tensor(0.0350, device='cuda:0'), tensor(0.0574, device='cuda:0'), tensor(0.0739, device='cuda:0'), tensor(0.1091, device='cuda:0'), tensor(0.0336, device='cuda:0'), tensor(0.1332, device='cuda:0'), tensor(0.0551, device='cuda:0'), tensor(0.0338, device='cuda:0'), tensor(0.0626, device='cuda:0'), tensor(0.0433, device='cuda:0'), tensor(0.0707, device='cuda:0'), tensor(0.0603, device='cuda:0'), tensor(0.0587, device='cuda:0'), tensor(0.0619, device='cuda:0'), tensor(0.0551, device='cuda:0'), tensor(0.0727, device='cuda:0'), tensor(0.0334, device='cuda:0'), tensor(0.0596, device='cuda:0'), tensor(0.0545, device='cuda:0'), tensor(0.0559, device='cuda:0'), tensor(0.0452, device='cuda:0'), tensor(0.0348, device='cuda:0'), tensor(0.0348, device='cuda:0'), tensor(0.0992, device='cuda:0'), tensor(0.0546, device='cuda:0'), tensor(0.0770, device='cuda:0'), tensor(0.0545, device='cuda:0'), tensor(0.0376, device='cuda:0'), tensor(0.0372, device='cuda:0'), tensor(0.0522, device='cuda:0'), tensor(0.0685, device='cuda:0'), tensor(0.0688, device='cuda:0'), tensor(0.0662, device='cuda:0'), tensor(0.0370, device='cuda:0'), tensor(0.0507, device='cuda:0'), tensor(0.0442, device='cuda:0'), tensor(0.0915, device='cuda:0'), tensor(0.0366, device='cuda:0'), tensor(0.0396, device='cuda:0'), tensor(0.0613, device='cuda:0'), tensor(0.0357, device='cuda:0'), tensor(0.0718, device='cuda:0'), tensor(0.0469, device='cuda:0'), tensor(0.0895, device='cuda:0'), tensor(0.0377, device='cuda:0'), tensor(0.0643, device='cuda:0'), tensor(0.0751, device='cuda:0'), tensor(0.0327, device='cuda:0'), tensor(0.0327, device='cuda:0'), tensor(0.0834, device='cuda:0'), tensor(0.0325, device='cuda:0'), tensor(0.0676, device='cuda:0'), tensor(0.0407, device='cuda:0'), tensor(0.0348, device='cuda:0'), tensor(0.0542, device='cuda:0'), tensor(0.0416, device='cuda:0'), tensor(0.0814, device='cuda:0'), tensor(0.0470, device='cuda:0'), tensor(0.0577, device='cuda:0'), tensor(0.0857, device='cuda:0'), tensor(0.0682, device='cuda:0'), tensor(0.0447, device='cuda:0'), tensor(0.2167, device='cuda:0'), tensor(0.0609, device='cuda:0'), tensor(0.0332, device='cuda:0'), tensor(0.0391, device='cuda:0'), tensor(0.0625, device='cuda:0'), tensor(0.0872, device='cuda:0'), tensor(0.0927, device='cuda:0'), tensor(0.0837, device='cuda:0'), tensor(0.0607, device='cuda:0'), tensor(0.0544, device='cuda:0'), tensor(0.0345, device='cuda:0'), tensor(0.0685, device='cuda:0'), tensor(0.0849, device='cuda:0')]"
78,"[tensor(0.0352, device='cuda:0'), tensor(0.1054, device='cuda:0'), tensor(0.0427, device='cuda:0'), tensor(0.0274, device='cuda:0'), tensor(0.0787, device='cuda:0'), tensor(0.0494, device='cuda:0'), tensor(0.0306, device='cuda:0'), tensor(0.0314, device='cuda:0'), tensor(0.0803, device='cuda:0'), tensor(0.0412, device='cuda:0'), tensor(0.0344, device='cuda:0'), tensor(0.0402, device='cuda:0'), tensor(0.0941, device='cuda:0'), tensor(0.0561, device='cuda:0'), tensor(0.0702, device='cuda:0'), tensor(0.0451, device='cuda:0'), tensor(0.0451, device='cuda:0'), tensor(0.2741, device='cuda:0'), tensor(0.0383, device='cuda:0'), tensor(0.0362, device='cuda:0'), tensor(0.0875, device='cuda:0'), tensor(0.0716, device='cuda:0'), tensor(0.0846, device='cuda:0'), tensor(0.0455, device='cuda:0'), tensor(0.0674, device='cuda:0'), tensor(0.0339, device='cuda:0'), tensor(0.0632, device='cuda:0'), tensor(0.0526, device='cuda:0'), tensor(0.0669, device='cuda:0'), tensor(0.0619, device='cuda:0'), tensor(0.0620, device='cuda:0'), tensor(0.0957, device='cuda:0'), tensor(0.0578, device='cuda:0'), tensor(0.0536, device='cuda:0'), tensor(0.2564, device='cuda:0'), tensor(0.0509, device='cuda:0'), tensor(0.1094, device='cuda:0'), tensor(0.0603, device='cuda:0'), tensor(0.1226, device='cuda:0'), tensor(0.0529, device='cuda:0'), tensor(0.0885, device='cuda:0'), tensor(0.0823, device='cuda:0'), tensor(0.0699, device='cuda:0'), tensor(0.0840, device='cuda:0'), tensor(0.0446, device='cuda:0'), tensor(0.0885, device='cuda:0'), tensor(0.0627, device='cuda:0'), tensor(0.0620, device='cuda:0'), tensor(0.0571, device='cuda:0'), tensor(0.0405, device='cuda:0'), tensor(0.0497, device='cuda:0'), tensor(0.0865, device='cuda:0'), tensor(0.0415, device='cuda:0'), tensor(0.0386, device='cuda:0'), tensor(0.0626, device='cuda:0'), tensor(0.0293, device='cuda:0'), tensor(0.0869, device='cuda:0'), tensor(0.0350, device='cuda:0'), tensor(0.0429, device='cuda:0'), tensor(0.0423, device='cuda:0'), tensor(0.0377, device='cuda:0'), tensor(0.0680, device='cuda:0'), tensor(0.0639, device='cuda:0'), tensor(0.0567, device='cuda:0'), tensor(0.0383, device='cuda:0'), tensor(0.0369, device='cuda:0'), tensor(0.0437, device='cuda:0'), tensor(0.0775, device='cuda:0'), tensor(0.0852, device='cuda:0'), tensor(0.0835, device='cuda:0'), tensor(0.0358, device='cuda:0'), tensor(0.0528, device='cuda:0'), tensor(0.0373, device='cuda:0'), tensor(0.0701, device='cuda:0'), tensor(0.0801, device='cuda:0'), tensor(0.0729, device='cuda:0'), tensor(0.0580, device='cuda:0'), tensor(0.0710, device='cuda:0'), tensor(0.0484, device='cuda:0'), tensor(0.0753, device='cuda:0'), tensor(0.0635, device='cuda:0'), tensor(0.0908, device='cuda:0'), tensor(0.0917, device='cuda:0'), tensor(0.0492, device='cuda:0'), tensor(0.0649, device='cuda:0'), tensor(0.0434, device='cuda:0'), tensor(0.0511, device='cuda:0'), tensor(0.1047, device='cuda:0'), tensor(0.0547, device='cuda:0'), tensor(0.0410, device='cuda:0'), tensor(0.0501, device='cuda:0'), tensor(0.0715, device='cuda:0'), tensor(0.0441, device='cuda:0'), tensor(0.0492, device='cuda:0'), tensor(0.0921, device='cuda:0'), tensor(0.0726, device='cuda:0'), tensor(0.0628, device='cuda:0'), tensor(0.0508, device='cuda:0'), tensor(0.0524, device='cuda:0'), tensor(0.0567, device='cuda:0'), tensor(0.0929, device='cuda:0'), tensor(0.0490, device='cuda:0'), tensor(0.0829, device='cuda:0'), tensor(0.0430, device='cuda:0'), tensor(0.0566, device='cuda:0'), tensor(0.0465, device='cuda:0'), tensor(0.0458, device='cuda:0'), tensor(0.0455, device='cuda:0'), tensor(0.0956, device='cuda:0'), tensor(0.1444, device='cuda:0'), tensor(0.0351, device='cuda:0'), tensor(0.1039, device='cuda:0'), tensor(0.0791, device='cuda:0'), tensor(0.0507, device='cuda:0'), tensor(0.0637, device='cuda:0'), tensor(0.1233, device='cuda:0'), tensor(0.0548, device='cuda:0'), tensor(0.0777, device='cuda:0'), tensor(0.0610, device='cuda:0'), tensor(0.0742, device='cuda:0'), tensor(0.0538, device='cuda:0'), tensor(0.0540, device='cuda:0')]"
79,"[tensor(0.2758, device='cuda:0'), tensor(0.0314, device='cuda:0'), tensor(0.0671, device='cuda:0'), tensor(0.0278, device='cuda:0'), tensor(0.0384, device='cuda:0'), tensor(0.0425, device='cuda:0'), tensor(0.0304, device='cuda:0'), tensor(0.0712, device='cuda:0'), tensor(0.0409, device='cuda:0'), tensor(0.0557, device='cuda:0'), tensor(0.0413, device='cuda:0'), tensor(0.0543, device='cuda:0'), tensor(0.0341, device='cuda:0'), tensor(0.0641, device='cuda:0'), tensor(0.0673, device='cuda:0'), tensor(0.0600, device='cuda:0'), tensor(0.0547, device='cuda:0'), tensor(0.0368, device='cuda:0'), tensor(0.0492, device='cuda:0'), tensor(0.0842, device='cuda:0'), tensor(0.0364, device='cuda:0'), tensor(0.0370, device='cuda:0'), tensor(0.0445, device='cuda:0'), tensor(0.1294, device='cuda:0'), tensor(0.0319, device='cuda:0'), tensor(0.0318, device='cuda:0'), tensor(0.0464, device='cuda:0'), tensor(0.0483, device='cuda:0'), tensor(0.0561, device='cuda:0'), tensor(0.0606, device='cuda:0'), tensor(0.0332, device='cuda:0'), tensor(0.0874, device='cuda:0'), tensor(0.0839, device='cuda:0'), tensor(0.1148, device='cuda:0'), tensor(0.0343, device='cuda:0'), tensor(0.0635, device='cuda:0'), tensor(0.0530, device='cuda:0'), tensor(0.0469, device='cuda:0'), tensor(0.0364, device='cuda:0'), tensor(0.0671, device='cuda:0'), tensor(0.0357, device='cuda:0'), tensor(0.0379, device='cuda:0'), tensor(0.0334, device='cuda:0'), tensor(0.0655, device='cuda:0'), tensor(0.0429, device='cuda:0'), tensor(0.0357, device='cuda:0'), tensor(0.0396, device='cuda:0'), tensor(0.0375, device='cuda:0'), tensor(0.0490, device='cuda:0'), tensor(0.0644, device='cuda:0'), tensor(0.0890, device='cuda:0'), tensor(0.0333, device='cuda:0'), tensor(0.1390, device='cuda:0'), tensor(0.0567, device='cuda:0'), tensor(0.0372, device='cuda:0'), tensor(0.0651, device='cuda:0'), tensor(0.0362, device='cuda:0'), tensor(0.0710, device='cuda:0'), tensor(0.0443, device='cuda:0'), tensor(0.0555, device='cuda:0'), tensor(0.0707, device='cuda:0'), tensor(0.0547, device='cuda:0'), tensor(0.0499, device='cuda:0'), tensor(0.0328, device='cuda:0'), tensor(0.0676, device='cuda:0'), tensor(0.0568, device='cuda:0'), tensor(0.0522, device='cuda:0'), tensor(0.0464, device='cuda:0'), tensor(0.0352, device='cuda:0'), tensor(0.0341, device='cuda:0'), tensor(0.0884, device='cuda:0'), tensor(0.0484, device='cuda:0'), tensor(0.0788, device='cuda:0'), tensor(0.0662, device='cuda:0'), tensor(0.0364, device='cuda:0'), tensor(0.0368, device='cuda:0'), tensor(0.0534, device='cuda:0'), tensor(0.0499, device='cuda:0'), tensor(0.0617, device='cuda:0'), tensor(0.0772, device='cuda:0'), tensor(0.0372, device='cuda:0'), tensor(0.0470, device='cuda:0'), tensor(0.0450, device='cuda:0'), tensor(0.0896, device='cuda:0'), tensor(0.0365, device='cuda:0'), tensor(0.0344, device='cuda:0'), tensor(0.0667, device='cuda:0'), tensor(0.0364, device='cuda:0'), tensor(0.0803, device='cuda:0'), tensor(0.0460, device='cuda:0'), tensor(0.0668, device='cuda:0'), tensor(0.0362, device='cuda:0'), tensor(0.0618, device='cuda:0'), tensor(0.0750, device='cuda:0'), tensor(0.0377, device='cuda:0'), tensor(0.0329, device='cuda:0'), tensor(0.0808, device='cuda:0'), tensor(0.0324, device='cuda:0'), tensor(0.0638, device='cuda:0'), tensor(0.0409, device='cuda:0'), tensor(0.0327, device='cuda:0'), tensor(0.0534, device='cuda:0'), tensor(0.0457, device='cuda:0'), tensor(0.0831, device='cuda:0'), tensor(0.0481, device='cuda:0'), tensor(0.0595, device='cuda:0'), tensor(0.0965, device='cuda:0'), tensor(0.0713, device='cuda:0'), tensor(0.0441, device='cuda:0'), tensor(0.2459, device='cuda:0'), tensor(0.0552, device='cuda:0'), tensor(0.0341, device='cuda:0'), tensor(0.0501, device='cuda:0'), tensor(0.0679, device='cuda:0'), tensor(0.0897, device='cuda:0'), tensor(0.0924, device='cuda:0'), tensor(0.0988, device='cuda:0'), tensor(0.0623, device='cuda:0'), tensor(0.0476, device='cuda:0'), tensor(0.0368, device='cuda:0'), tensor(0.0560, device='cuda:0'), tensor(0.0747, device='cuda:0')]"
80,"[tensor(0.0346, device='cuda:0'), tensor(0.0954, device='cuda:0'), tensor(0.0367, device='cuda:0'), tensor(0.0277, device='cuda:0'), tensor(0.0792, device='cuda:0'), tensor(0.0668, device='cuda:0'), tensor(0.0292, device='cuda:0'), tensor(0.0342, device='cuda:0'), tensor(0.0864, device='cuda:0'), tensor(0.0433, device='cuda:0'), tensor(0.0325, device='cuda:0'), tensor(0.0426, device='cuda:0'), tensor(0.0797, device='cuda:0'), tensor(0.0488, device='cuda:0'), tensor(0.1049, device='cuda:0'), tensor(0.0535, device='cuda:0'), tensor(0.0492, device='cuda:0'), tensor(0.2751, device='cuda:0'), tensor(0.0472, device='cuda:0'), tensor(0.0443, device='cuda:0'), tensor(0.0989, device='cuda:0'), tensor(0.0659, device='cuda:0'), tensor(0.0803, device='cuda:0'), tensor(0.0400, device='cuda:0'), tensor(0.0684, device='cuda:0'), tensor(0.0318, device='cuda:0'), tensor(0.0411, device='cuda:0'), tensor(0.0572, device='cuda:0'), tensor(0.0552, device='cuda:0'), tensor(0.0624, device='cuda:0'), tensor(0.0613, device='cuda:0'), tensor(0.0942, device='cuda:0'), tensor(0.0836, device='cuda:0'), tensor(0.0568, device='cuda:0'), tensor(0.2559, device='cuda:0'), tensor(0.0545, device='cuda:0'), tensor(0.0767, device='cuda:0'), tensor(0.0822, device='cuda:0'), tensor(0.1279, device='cuda:0'), tensor(0.0672, device='cuda:0'), tensor(0.0935, device='cuda:0'), tensor(0.0875, device='cuda:0'), tensor(0.0730, device='cuda:0'), tensor(0.0772, device='cuda:0'), tensor(0.0415, device='cuda:0'), tensor(0.0892, device='cuda:0'), tensor(0.0567, device='cuda:0'), tensor(0.0622, device='cuda:0'), tensor(0.0558, device='cuda:0'), tensor(0.0492, device='cuda:0'), tensor(0.0511, device='cuda:0'), tensor(0.0842, device='cuda:0'), tensor(0.0457, device='cuda:0'), tensor(0.0375, device='cuda:0'), tensor(0.0651, device='cuda:0'), tensor(0.0302, device='cuda:0'), tensor(0.0781, device='cuda:0'), tensor(0.0373, device='cuda:0'), tensor(0.0473, device='cuda:0'), tensor(0.0465, device='cuda:0'), tensor(0.0331, device='cuda:0'), tensor(0.0684, device='cuda:0'), tensor(0.0788, device='cuda:0'), tensor(0.0595, device='cuda:0'), tensor(0.0381, device='cuda:0'), tensor(0.0356, device='cuda:0'), tensor(0.0445, device='cuda:0'), tensor(0.0548, device='cuda:0'), tensor(0.0847, device='cuda:0'), tensor(0.1082, device='cuda:0'), tensor(0.0369, device='cuda:0'), tensor(0.0585, device='cuda:0'), tensor(0.0384, device='cuda:0'), tensor(0.0456, device='cuda:0'), tensor(0.0739, device='cuda:0'), tensor(0.0741, device='cuda:0'), tensor(0.0565, device='cuda:0'), tensor(0.0981, device='cuda:0'), tensor(0.0449, device='cuda:0'), tensor(0.0738, device='cuda:0'), tensor(0.0682, device='cuda:0'), tensor(0.0945, device='cuda:0'), tensor(0.0814, device='cuda:0'), tensor(0.0544, device='cuda:0'), tensor(0.0590, device='cuda:0'), tensor(0.0501, device='cuda:0'), tensor(0.0531, device='cuda:0'), tensor(0.1069, device='cuda:0'), tensor(0.0562, device='cuda:0'), tensor(0.0399, device='cuda:0'), tensor(0.0663, device='cuda:0'), tensor(0.0792, device='cuda:0'), tensor(0.0473, device='cuda:0'), tensor(0.0495, device='cuda:0'), tensor(0.0856, device='cuda:0'), tensor(0.0746, device='cuda:0'), tensor(0.0666, device='cuda:0'), tensor(0.0454, device='cuda:0'), tensor(0.0565, device='cuda:0'), tensor(0.0549, device='cuda:0'), tensor(0.0865, device='cuda:0'), tensor(0.0540, device='cuda:0'), tensor(0.0686, device='cuda:0'), tensor(0.0458, device='cuda:0'), tensor(0.0562, device='cuda:0'), tensor(0.0470, device='cuda:0'), tensor(0.0453, device='cuda:0'), tensor(0.0490, device='cuda:0'), tensor(0.0848, device='cuda:0'), tensor(0.1348, device='cuda:0'), tensor(0.0363, device='cuda:0'), tensor(0.1018, device='cuda:0'), tensor(0.0978, device='cuda:0'), tensor(0.0451, device='cuda:0'), tensor(0.0587, device='cuda:0'), tensor(0.1060, device='cuda:0'), tensor(0.0508, device='cuda:0'), tensor(0.0969, device='cuda:0'), tensor(0.0618, device='cuda:0'), tensor(0.0678, device='cuda:0'), tensor(0.0643, device='cuda:0'), tensor(0.0572, device='cuda:0')]"
81,"[tensor(0.3077, device='cuda:0'), tensor(0.0319, device='cuda:0'), tensor(0.0771, device='cuda:0'), tensor(0.0278, device='cuda:0'), tensor(0.0402, device='cuda:0'), tensor(0.0609, device='cuda:0'), tensor(0.0288, device='cuda:0'), tensor(0.0694, device='cuda:0'), tensor(0.0611, device='cuda:0'), tensor(0.0537, device='cuda:0'), tensor(0.0440, device='cuda:0'), tensor(0.0546, device='cuda:0'), tensor(0.0336, device='cuda:0'), tensor(0.0647, device='cuda:0'), tensor(0.0732, device='cuda:0'), tensor(0.0488, device='cuda:0'), tensor(0.0536, device='cuda:0'), tensor(0.0385, device='cuda:0'), tensor(0.0659, device='cuda:0'), tensor(0.0704, device='cuda:0'), tensor(0.0349, device='cuda:0'), tensor(0.0359, device='cuda:0'), tensor(0.0451, device='cuda:0'), tensor(0.1276, device='cuda:0'), tensor(0.0337, device='cuda:0'), tensor(0.0319, device='cuda:0'), tensor(0.0710, device='cuda:0'), tensor(0.0485, device='cuda:0'), tensor(0.0677, device='cuda:0'), tensor(0.0433, device='cuda:0'), tensor(0.0340, device='cuda:0'), tensor(0.0893, device='cuda:0'), tensor(0.0836, device='cuda:0'), tensor(0.1168, device='cuda:0'), tensor(0.0364, device='cuda:0'), tensor(0.0708, device='cuda:0'), tensor(0.0639, device='cuda:0'), tensor(0.0432, device='cuda:0'), tensor(0.0336, device='cuda:0'), tensor(0.0880, device='cuda:0'), tensor(0.0377, device='cuda:0'), tensor(0.0340, device='cuda:0'), tensor(0.0370, device='cuda:0'), tensor(0.0646, device='cuda:0'), tensor(0.0460, device='cuda:0'), tensor(0.0337, device='cuda:0'), tensor(0.0501, device='cuda:0'), tensor(0.0350, device='cuda:0'), tensor(0.0523, device='cuda:0'), tensor(0.0567, device='cuda:0'), tensor(0.0519, device='cuda:0'), tensor(0.0312, device='cuda:0'), tensor(0.1481, device='cuda:0'), tensor(0.0778, device='cuda:0'), tensor(0.0318, device='cuda:0'), tensor(0.0683, device='cuda:0'), tensor(0.0418, device='cuda:0'), tensor(0.0623, device='cuda:0'), tensor(0.0420, device='cuda:0'), tensor(0.0616, device='cuda:0'), tensor(0.0641, device='cuda:0'), tensor(0.0531, device='cuda:0'), tensor(0.0677, device='cuda:0'), tensor(0.0345, device='cuda:0'), tensor(0.0677, device='cuda:0'), tensor(0.0590, device='cuda:0'), tensor(0.0418, device='cuda:0'), tensor(0.0537, device='cuda:0'), tensor(0.0355, device='cuda:0'), tensor(0.0341, device='cuda:0'), tensor(0.0996, device='cuda:0'), tensor(0.0433, device='cuda:0'), tensor(0.0819, device='cuda:0'), tensor(0.0703, device='cuda:0'), tensor(0.0357, device='cuda:0'), tensor(0.0358, device='cuda:0'), tensor(0.0529, device='cuda:0'), tensor(0.0411, device='cuda:0'), tensor(0.0748, device='cuda:0'), tensor(0.0506, device='cuda:0'), tensor(0.0409, device='cuda:0'), tensor(0.0526, device='cuda:0'), tensor(0.0478, device='cuda:0'), tensor(0.0840, device='cuda:0'), tensor(0.0353, device='cuda:0'), tensor(0.0399, device='cuda:0'), tensor(0.0564, device='cuda:0'), tensor(0.0419, device='cuda:0'), tensor(0.0905, device='cuda:0'), tensor(0.0470, device='cuda:0'), tensor(0.0922, device='cuda:0'), tensor(0.0376, device='cuda:0'), tensor(0.0709, device='cuda:0'), tensor(0.0782, device='cuda:0'), tensor(0.0338, device='cuda:0'), tensor(0.0335, device='cuda:0'), tensor(0.0813, device='cuda:0'), tensor(0.0327, device='cuda:0'), tensor(0.0737, device='cuda:0'), tensor(0.0411, device='cuda:0'), tensor(0.0314, device='cuda:0'), tensor(0.0592, device='cuda:0'), tensor(0.0426, device='cuda:0'), tensor(0.0652, device='cuda:0'), tensor(0.0487, device='cuda:0'), tensor(0.0615, device='cuda:0'), tensor(0.0891, device='cuda:0'), tensor(0.0631, device='cuda:0'), tensor(0.0410, device='cuda:0'), tensor(0.1526, device='cuda:0'), tensor(0.0624, device='cuda:0'), tensor(0.0333, device='cuda:0'), tensor(0.0458, device='cuda:0'), tensor(0.0740, device='cuda:0'), tensor(0.0871, device='cuda:0'), tensor(0.1035, device='cuda:0'), tensor(0.0985, device='cuda:0'), tensor(0.0724, device='cuda:0'), tensor(0.0590, device='cuda:0'), tensor(0.0361, device='cuda:0'), tensor(0.0807, device='cuda:0'), tensor(0.0666, device='cuda:0')]"
82,"[tensor(0.0370, device='cuda:0'), tensor(0.0915, device='cuda:0'), tensor(0.0394, device='cuda:0'), tensor(0.0283, device='cuda:0'), tensor(0.0707, device='cuda:0'), tensor(0.0550, device='cuda:0'), tensor(0.0287, device='cuda:0'), tensor(0.0338, device='cuda:0'), tensor(0.0506, device='cuda:0'), tensor(0.0456, device='cuda:0'), tensor(0.0326, device='cuda:0'), tensor(0.0458, device='cuda:0'), tensor(0.0826, device='cuda:0'), tensor(0.0500, device='cuda:0'), tensor(0.1019, device='cuda:0'), tensor(0.0450, device='cuda:0'), tensor(0.0521, device='cuda:0'), tensor(0.2966, device='cuda:0'), tensor(0.0547, device='cuda:0'), tensor(0.0411, device='cuda:0'), tensor(0.1025, device='cuda:0'), tensor(0.0830, device='cuda:0'), tensor(0.0920, device='cuda:0'), tensor(0.0445, device='cuda:0'), tensor(0.0925, device='cuda:0'), tensor(0.0335, device='cuda:0'), tensor(0.0646, device='cuda:0'), tensor(0.0571, device='cuda:0'), tensor(0.0452, device='cuda:0'), tensor(0.1290, device='cuda:0'), tensor(0.0714, device='cuda:0'), tensor(0.0763, device='cuda:0'), tensor(0.0692, device='cuda:0'), tensor(0.0596, device='cuda:0'), tensor(0.2534, device='cuda:0'), tensor(0.0486, device='cuda:0'), tensor(0.0878, device='cuda:0'), tensor(0.0721, device='cuda:0'), tensor(0.1433, device='cuda:0'), tensor(0.0524, device='cuda:0'), tensor(0.0899, device='cuda:0'), tensor(0.0832, device='cuda:0'), tensor(0.0602, device='cuda:0'), tensor(0.0825, device='cuda:0'), tensor(0.0393, device='cuda:0'), tensor(0.0868, device='cuda:0'), tensor(0.0548, device='cuda:0'), tensor(0.0771, device='cuda:0'), tensor(0.0540, device='cuda:0'), tensor(0.0428, device='cuda:0'), tensor(0.0503, device='cuda:0'), tensor(0.0774, device='cuda:0'), tensor(0.0460, device='cuda:0'), tensor(0.0344, device='cuda:0'), tensor(0.0644, device='cuda:0'), tensor(0.0303, device='cuda:0'), tensor(0.0748, device='cuda:0'), tensor(0.0356, device='cuda:0'), tensor(0.0583, device='cuda:0'), tensor(0.0367, device='cuda:0'), tensor(0.0364, device='cuda:0'), tensor(0.0775, device='cuda:0'), tensor(0.0703, device='cuda:0'), tensor(0.0544, device='cuda:0'), tensor(0.0376, device='cuda:0'), tensor(0.0361, device='cuda:0'), tensor(0.0459, device='cuda:0'), tensor(0.0654, device='cuda:0'), tensor(0.0887, device='cuda:0'), tensor(0.0927, device='cuda:0'), tensor(0.0375, device='cuda:0'), tensor(0.0622, device='cuda:0'), tensor(0.0389, device='cuda:0'), tensor(0.0609, device='cuda:0'), tensor(0.0834, device='cuda:0'), tensor(0.0724, device='cuda:0'), tensor(0.0536, device='cuda:0'), tensor(0.1109, device='cuda:0'), tensor(0.0509, device='cuda:0'), tensor(0.0853, device='cuda:0'), tensor(0.0693, device='cuda:0'), tensor(0.1015, device='cuda:0'), tensor(0.0736, device='cuda:0'), tensor(0.0610, device='cuda:0'), tensor(0.0639, device='cuda:0'), tensor(0.0454, device='cuda:0'), tensor(0.0548, device='cuda:0'), tensor(0.0980, device='cuda:0'), tensor(0.0489, device='cuda:0'), tensor(0.0398, device='cuda:0'), tensor(0.0553, device='cuda:0'), tensor(0.0739, device='cuda:0'), tensor(0.0446, device='cuda:0'), tensor(0.0485, device='cuda:0'), tensor(0.0848, device='cuda:0'), tensor(0.0679, device='cuda:0'), tensor(0.0936, device='cuda:0'), tensor(0.0495, device='cuda:0'), tensor(0.0660, device='cuda:0'), tensor(0.0621, device='cuda:0'), tensor(0.0843, device='cuda:0'), tensor(0.0546, device='cuda:0'), tensor(0.0707, device='cuda:0'), tensor(0.0570, device='cuda:0'), tensor(0.0653, device='cuda:0'), tensor(0.0456, device='cuda:0'), tensor(0.0490, device='cuda:0'), tensor(0.0672, device='cuda:0'), tensor(0.0879, device='cuda:0'), tensor(0.1199, device='cuda:0'), tensor(0.0464, device='cuda:0'), tensor(0.1101, device='cuda:0'), tensor(0.0717, device='cuda:0'), tensor(0.0552, device='cuda:0'), tensor(0.0531, device='cuda:0'), tensor(0.1157, device='cuda:0'), tensor(0.0509, device='cuda:0'), tensor(0.0949, device='cuda:0'), tensor(0.0698, device='cuda:0'), tensor(0.0752, device='cuda:0'), tensor(0.0628, device='cuda:0'), tensor(0.0518, device='cuda:0')]"
83,"[tensor(0.2547, device='cuda:0'), tensor(0.0300, device='cuda:0'), tensor(0.0633, device='cuda:0'), tensor(0.0278, device='cuda:0'), tensor(0.0401, device='cuda:0'), tensor(0.0646, device='cuda:0'), tensor(0.0285, device='cuda:0'), tensor(0.0610, device='cuda:0'), tensor(0.0432, device='cuda:0'), tensor(0.0502, device='cuda:0'), tensor(0.0467, device='cuda:0'), tensor(0.0562, device='cuda:0'), tensor(0.0341, device='cuda:0'), tensor(0.0642, device='cuda:0'), tensor(0.0612, device='cuda:0'), tensor(0.0647, device='cuda:0'), tensor(0.0597, device='cuda:0'), tensor(0.0377, device='cuda:0'), tensor(0.0447, device='cuda:0'), tensor(0.0827, device='cuda:0'), tensor(0.0351, device='cuda:0'), tensor(0.0372, device='cuda:0'), tensor(0.0435, device='cuda:0'), tensor(0.1241, device='cuda:0'), tensor(0.0337, device='cuda:0'), tensor(0.0325, device='cuda:0'), tensor(0.0545, device='cuda:0'), tensor(0.0512, device='cuda:0'), tensor(0.0553, device='cuda:0'), tensor(0.0343, device='cuda:0'), tensor(0.0336, device='cuda:0'), tensor(0.1148, device='cuda:0'), tensor(0.0932, device='cuda:0'), tensor(0.1125, device='cuda:0'), tensor(0.0365, device='cuda:0'), tensor(0.0660, device='cuda:0'), tensor(0.0637, device='cuda:0'), tensor(0.0491, device='cuda:0'), tensor(0.0366, device='cuda:0'), tensor(0.1162, device='cuda:0'), tensor(0.0372, device='cuda:0'), tensor(0.0361, device='cuda:0'), tensor(0.0386, device='cuda:0'), tensor(0.0671, device='cuda:0'), tensor(0.0542, device='cuda:0'), tensor(0.0343, device='cuda:0'), tensor(0.0560, device='cuda:0'), tensor(0.0386, device='cuda:0'), tensor(0.0494, device='cuda:0'), tensor(0.0490, device='cuda:0'), tensor(0.0536, device='cuda:0'), tensor(0.0357, device='cuda:0'), tensor(0.1731, device='cuda:0'), tensor(0.0625, device='cuda:0'), tensor(0.0307, device='cuda:0'), tensor(0.0666, device='cuda:0'), tensor(0.0404, device='cuda:0'), tensor(0.0791, device='cuda:0'), tensor(0.0563, device='cuda:0'), tensor(0.0733, device='cuda:0'), tensor(0.0693, device='cuda:0'), tensor(0.0496, device='cuda:0'), tensor(0.1122, device='cuda:0'), tensor(0.0326, device='cuda:0'), tensor(0.0743, device='cuda:0'), tensor(0.0609, device='cuda:0'), tensor(0.0538, device='cuda:0'), tensor(0.0440, device='cuda:0'), tensor(0.0353, device='cuda:0'), tensor(0.0348, device='cuda:0'), tensor(0.1039, device='cuda:0'), tensor(0.0439, device='cuda:0'), tensor(0.0828, device='cuda:0'), tensor(0.0711, device='cuda:0'), tensor(0.0367, device='cuda:0'), tensor(0.0372, device='cuda:0'), tensor(0.0575, device='cuda:0'), tensor(0.0530, device='cuda:0'), tensor(0.0692, device='cuda:0'), tensor(0.0609, device='cuda:0'), tensor(0.0401, device='cuda:0'), tensor(0.0536, device='cuda:0'), tensor(0.0410, device='cuda:0'), tensor(0.0983, device='cuda:0'), tensor(0.0365, device='cuda:0'), tensor(0.0415, device='cuda:0'), tensor(0.0690, device='cuda:0'), tensor(0.0371, device='cuda:0'), tensor(0.0740, device='cuda:0'), tensor(0.0487, device='cuda:0'), tensor(0.0922, device='cuda:0'), tensor(0.0362, device='cuda:0'), tensor(0.0615, device='cuda:0'), tensor(0.0814, device='cuda:0'), tensor(0.0374, device='cuda:0'), tensor(0.0339, device='cuda:0'), tensor(0.0857, device='cuda:0'), tensor(0.0332, device='cuda:0'), tensor(0.0637, device='cuda:0'), tensor(0.0424, device='cuda:0'), tensor(0.0305, device='cuda:0'), tensor(0.0613, device='cuda:0'), tensor(0.0416, device='cuda:0'), tensor(0.0869, device='cuda:0'), tensor(0.0542, device='cuda:0'), tensor(0.0697, device='cuda:0'), tensor(0.0880, device='cuda:0'), tensor(0.0469, device='cuda:0'), tensor(0.0447, device='cuda:0'), tensor(0.1228, device='cuda:0'), tensor(0.0513, device='cuda:0'), tensor(0.0334, device='cuda:0'), tensor(0.0512, device='cuda:0'), tensor(0.0600, device='cuda:0'), tensor(0.0939, device='cuda:0'), tensor(0.1007, device='cuda:0'), tensor(0.1121, device='cuda:0'), tensor(0.0559, device='cuda:0'), tensor(0.0531, device='cuda:0'), tensor(0.0374, device='cuda:0'), tensor(0.0941, device='cuda:0'), tensor(0.0774, device='cuda:0')]"
84,"[tensor(0.0375, device='cuda:0'), tensor(0.1076, device='cuda:0'), tensor(0.0393, device='cuda:0'), tensor(0.0288, device='cuda:0'), tensor(0.0767, device='cuda:0'), tensor(0.0691, device='cuda:0'), tensor(0.0297, device='cuda:0'), tensor(0.0414, device='cuda:0'), tensor(0.0584, device='cuda:0'), tensor(0.0461, device='cuda:0'), tensor(0.0330, device='cuda:0'), tensor(0.0401, device='cuda:0'), tensor(0.0802, device='cuda:0'), tensor(0.0458, device='cuda:0'), tensor(0.1015, device='cuda:0'), tensor(0.0478, device='cuda:0'), tensor(0.0497, device='cuda:0'), tensor(0.2936, device='cuda:0'), tensor(0.0430, device='cuda:0'), tensor(0.0484, device='cuda:0'), tensor(0.0966, device='cuda:0'), tensor(0.0853, device='cuda:0'), tensor(0.0888, device='cuda:0'), tensor(0.0423, device='cuda:0'), tensor(0.0664, device='cuda:0'), tensor(0.0319, device='cuda:0'), tensor(0.0529, device='cuda:0'), tensor(0.0648, device='cuda:0'), tensor(0.0490, device='cuda:0'), tensor(0.0972, device='cuda:0'), tensor(0.0555, device='cuda:0'), tensor(0.0645, device='cuda:0'), tensor(0.0760, device='cuda:0'), tensor(0.0563, device='cuda:0'), tensor(0.2597, device='cuda:0'), tensor(0.0525, device='cuda:0'), tensor(0.0729, device='cuda:0'), tensor(0.0807, device='cuda:0'), tensor(0.1154, device='cuda:0'), tensor(0.0617, device='cuda:0'), tensor(0.0885, device='cuda:0'), tensor(0.0924, device='cuda:0'), tensor(0.0675, device='cuda:0'), tensor(0.0764, device='cuda:0'), tensor(0.0448, device='cuda:0'), tensor(0.0801, device='cuda:0'), tensor(0.0555, device='cuda:0'), tensor(0.0686, device='cuda:0'), tensor(0.0587, device='cuda:0'), tensor(0.0446, device='cuda:0'), tensor(0.0610, device='cuda:0'), tensor(0.0725, device='cuda:0'), tensor(0.0565, device='cuda:0'), tensor(0.0467, device='cuda:0'), tensor(0.0692, device='cuda:0'), tensor(0.0318, device='cuda:0'), tensor(0.0766, device='cuda:0'), tensor(0.0341, device='cuda:0'), tensor(0.0564, device='cuda:0'), tensor(0.0438, device='cuda:0'), tensor(0.0376, device='cuda:0'), tensor(0.0716, device='cuda:0'), tensor(0.0580, device='cuda:0'), tensor(0.0565, device='cuda:0'), tensor(0.0375, device='cuda:0'), tensor(0.0354, device='cuda:0'), tensor(0.0494, device='cuda:0'), tensor(0.0904, device='cuda:0'), tensor(0.0875, device='cuda:0'), tensor(0.0990, device='cuda:0'), tensor(0.0390, device='cuda:0'), tensor(0.0625, device='cuda:0'), tensor(0.0377, device='cuda:0'), tensor(0.0517, device='cuda:0'), tensor(0.0710, device='cuda:0'), tensor(0.0685, device='cuda:0'), tensor(0.0636, device='cuda:0'), tensor(0.1038, device='cuda:0'), tensor(0.0566, device='cuda:0'), tensor(0.0911, device='cuda:0'), tensor(0.0608, device='cuda:0'), tensor(0.0878, device='cuda:0'), tensor(0.0610, device='cuda:0'), tensor(0.0640, device='cuda:0'), tensor(0.0605, device='cuda:0'), tensor(0.0464, device='cuda:0'), tensor(0.0483, device='cuda:0'), tensor(0.1045, device='cuda:0'), tensor(0.0636, device='cuda:0'), tensor(0.0401, device='cuda:0'), tensor(0.0606, device='cuda:0'), tensor(0.0746, device='cuda:0'), tensor(0.0471, device='cuda:0'), tensor(0.0495, device='cuda:0'), tensor(0.0868, device='cuda:0'), tensor(0.0797, device='cuda:0'), tensor(0.0679, device='cuda:0'), tensor(0.0527, device='cuda:0'), tensor(0.0543, device='cuda:0'), tensor(0.0585, device='cuda:0'), tensor(0.0853, device='cuda:0'), tensor(0.0504, device='cuda:0'), tensor(0.0628, device='cuda:0'), tensor(0.0394, device='cuda:0'), tensor(0.0721, device='cuda:0'), tensor(0.0482, device='cuda:0'), tensor(0.0492, device='cuda:0'), tensor(0.0634, device='cuda:0'), tensor(0.0914, device='cuda:0'), tensor(0.2521, device='cuda:0'), tensor(0.0456, device='cuda:0'), tensor(0.1061, device='cuda:0'), tensor(0.1018, device='cuda:0'), tensor(0.0476, device='cuda:0'), tensor(0.0533, device='cuda:0'), tensor(0.1224, device='cuda:0'), tensor(0.0687, device='cuda:0'), tensor(0.1190, device='cuda:0'), tensor(0.0772, device='cuda:0'), tensor(0.0569, device='cuda:0'), tensor(0.0582, device='cuda:0'), tensor(0.0547, device='cuda:0')]"
85,"[tensor(0.2568, device='cuda:0'), tensor(0.0299, device='cuda:0'), tensor(0.0539, device='cuda:0'), tensor(0.0278, device='cuda:0'), tensor(0.0385, device='cuda:0'), tensor(0.0499, device='cuda:0'), tensor(0.0284, device='cuda:0'), tensor(0.0475, device='cuda:0'), tensor(0.0420, device='cuda:0'), tensor(0.0494, device='cuda:0'), tensor(0.0452, device='cuda:0'), tensor(0.0607, device='cuda:0'), tensor(0.0376, device='cuda:0'), tensor(0.0594, device='cuda:0'), tensor(0.0973, device='cuda:0'), tensor(0.0617, device='cuda:0'), tensor(0.0579, device='cuda:0'), tensor(0.0370, device='cuda:0'), tensor(0.0748, device='cuda:0'), tensor(0.0662, device='cuda:0'), tensor(0.0370, device='cuda:0'), tensor(0.0399, device='cuda:0'), tensor(0.0446, device='cuda:0'), tensor(0.1376, device='cuda:0'), tensor(0.0319, device='cuda:0'), tensor(0.0338, device='cuda:0'), tensor(0.0740, device='cuda:0'), tensor(0.0507, device='cuda:0'), tensor(0.0465, device='cuda:0'), tensor(0.0384, device='cuda:0'), tensor(0.0345, device='cuda:0'), tensor(0.1333, device='cuda:0'), tensor(0.0895, device='cuda:0'), tensor(0.1267, device='cuda:0'), tensor(0.0349, device='cuda:0'), tensor(0.0773, device='cuda:0'), tensor(0.0724, device='cuda:0'), tensor(0.0374, device='cuda:0'), tensor(0.0364, device='cuda:0'), tensor(0.0890, device='cuda:0'), tensor(0.0355, device='cuda:0'), tensor(0.0352, device='cuda:0'), tensor(0.0435, device='cuda:0'), tensor(0.0716, device='cuda:0'), tensor(0.0522, device='cuda:0'), tensor(0.0350, device='cuda:0'), tensor(0.0665, device='cuda:0'), tensor(0.0380, device='cuda:0'), tensor(0.0464, device='cuda:0'), tensor(0.0584, device='cuda:0'), tensor(0.0856, device='cuda:0'), tensor(0.0350, device='cuda:0'), tensor(0.1026, device='cuda:0'), tensor(0.0463, device='cuda:0'), tensor(0.0285, device='cuda:0'), tensor(0.0710, device='cuda:0'), tensor(0.0469, device='cuda:0'), tensor(0.0715, device='cuda:0'), tensor(0.0531, device='cuda:0'), tensor(0.0655, device='cuda:0'), tensor(0.0735, device='cuda:0'), tensor(0.0498, device='cuda:0'), tensor(0.0817, device='cuda:0'), tensor(0.0355, device='cuda:0'), tensor(0.0753, device='cuda:0'), tensor(0.0612, device='cuda:0'), tensor(0.0433, device='cuda:0'), tensor(0.0554, device='cuda:0'), tensor(0.0370, device='cuda:0'), tensor(0.0361, device='cuda:0'), tensor(0.1071, device='cuda:0'), tensor(0.0543, device='cuda:0'), tensor(0.0853, device='cuda:0'), tensor(0.0791, device='cuda:0'), tensor(0.0350, device='cuda:0'), tensor(0.0373, device='cuda:0'), tensor(0.0523, device='cuda:0'), tensor(0.0483, device='cuda:0'), tensor(0.0667, device='cuda:0'), tensor(0.0639, device='cuda:0'), tensor(0.0416, device='cuda:0'), tensor(0.0649, device='cuda:0'), tensor(0.0426, device='cuda:0'), tensor(0.0953, device='cuda:0'), tensor(0.0386, device='cuda:0'), tensor(0.0469, device='cuda:0'), tensor(0.0653, device='cuda:0'), tensor(0.0376, device='cuda:0'), tensor(0.0961, device='cuda:0'), tensor(0.0540, device='cuda:0'), tensor(0.0927, device='cuda:0'), tensor(0.0375, device='cuda:0'), tensor(0.0720, device='cuda:0'), tensor(0.0851, device='cuda:0'), tensor(0.0351, device='cuda:0'), tensor(0.0326, device='cuda:0'), tensor(0.1093, device='cuda:0'), tensor(0.0320, device='cuda:0'), tensor(0.0756, device='cuda:0'), tensor(0.0417, device='cuda:0'), tensor(0.0318, device='cuda:0'), tensor(0.0656, device='cuda:0'), tensor(0.0406, device='cuda:0'), tensor(0.0941, device='cuda:0'), tensor(0.0541, device='cuda:0'), tensor(0.0705, device='cuda:0'), tensor(0.1015, device='cuda:0'), tensor(0.0587, device='cuda:0'), tensor(0.0424, device='cuda:0'), tensor(0.1279, device='cuda:0'), tensor(0.0522, device='cuda:0'), tensor(0.0332, device='cuda:0'), tensor(0.0467, device='cuda:0'), tensor(0.0713, device='cuda:0'), tensor(0.1097, device='cuda:0'), tensor(0.1155, device='cuda:0'), tensor(0.0633, device='cuda:0'), tensor(0.0562, device='cuda:0'), tensor(0.0532, device='cuda:0'), tensor(0.0386, device='cuda:0'), tensor(0.0889, device='cuda:0'), tensor(0.0713, device='cuda:0')]"
86,"[tensor(0.0332, device='cuda:0'), tensor(0.1331, device='cuda:0'), tensor(0.0433, device='cuda:0'), tensor(0.0296, device='cuda:0'), tensor(0.0778, device='cuda:0'), tensor(0.0684, device='cuda:0'), tensor(0.0288, device='cuda:0'), tensor(0.0399, device='cuda:0'), tensor(0.1144, device='cuda:0'), tensor(0.0460, device='cuda:0'), tensor(0.0334, device='cuda:0'), tensor(0.0380, device='cuda:0'), tensor(0.0710, device='cuda:0'), tensor(0.0389, device='cuda:0'), tensor(0.0738, device='cuda:0'), tensor(0.0481, device='cuda:0'), tensor(0.0483, device='cuda:0'), tensor(0.2711, device='cuda:0'), tensor(0.0443, device='cuda:0'), tensor(0.0506, device='cuda:0'), tensor(0.0893, device='cuda:0'), tensor(0.0682, device='cuda:0'), tensor(0.1040, device='cuda:0'), tensor(0.0418, device='cuda:0'), tensor(0.0901, device='cuda:0'), tensor(0.0329, device='cuda:0'), tensor(0.0499, device='cuda:0'), tensor(0.0633, device='cuda:0'), tensor(0.0551, device='cuda:0'), tensor(0.0655, device='cuda:0'), tensor(0.0647, device='cuda:0'), tensor(0.0547, device='cuda:0'), tensor(0.0771, device='cuda:0'), tensor(0.0587, device='cuda:0'), tensor(0.2351, device='cuda:0'), tensor(0.0471, device='cuda:0'), tensor(0.0738, device='cuda:0'), tensor(0.0749, device='cuda:0'), tensor(0.1024, device='cuda:0'), tensor(0.0789, device='cuda:0'), tensor(0.0776, device='cuda:0'), tensor(0.0947, device='cuda:0'), tensor(0.0547, device='cuda:0'), tensor(0.0752, device='cuda:0'), tensor(0.0388, device='cuda:0'), tensor(0.0724, device='cuda:0'), tensor(0.0541, device='cuda:0'), tensor(0.0679, device='cuda:0'), tensor(0.0663, device='cuda:0'), tensor(0.0392, device='cuda:0'), tensor(0.0628, device='cuda:0'), tensor(0.0615, device='cuda:0'), tensor(0.0739, device='cuda:0'), tensor(0.0446, device='cuda:0'), tensor(0.0641, device='cuda:0'), tensor(0.0298, device='cuda:0'), tensor(0.0620, device='cuda:0'), tensor(0.0342, device='cuda:0'), tensor(0.0564, device='cuda:0'), tensor(0.0423, device='cuda:0'), tensor(0.0375, device='cuda:0'), tensor(0.0792, device='cuda:0'), tensor(0.0655, device='cuda:0'), tensor(0.0533, device='cuda:0'), tensor(0.0379, device='cuda:0'), tensor(0.0349, device='cuda:0'), tensor(0.0456, device='cuda:0'), tensor(0.0532, device='cuda:0'), tensor(0.0865, device='cuda:0'), tensor(0.0800, device='cuda:0'), tensor(0.0384, device='cuda:0'), tensor(0.0620, device='cuda:0'), tensor(0.0412, device='cuda:0'), tensor(0.0456, device='cuda:0'), tensor(0.0806, device='cuda:0'), tensor(0.0822, device='cuda:0'), tensor(0.0636, device='cuda:0'), tensor(0.0846, device='cuda:0'), tensor(0.0529, device='cuda:0'), tensor(0.1007, device='cuda:0'), tensor(0.0655, device='cuda:0'), tensor(0.0812, device='cuda:0'), tensor(0.0987, device='cuda:0'), tensor(0.0591, device='cuda:0'), tensor(0.0598, device='cuda:0'), tensor(0.0462, device='cuda:0'), tensor(0.0498, device='cuda:0'), tensor(0.1033, device='cuda:0'), tensor(0.0429, device='cuda:0'), tensor(0.0411, device='cuda:0'), tensor(0.0583, device='cuda:0'), tensor(0.0742, device='cuda:0'), tensor(0.0487, device='cuda:0'), tensor(0.0510, device='cuda:0'), tensor(0.0801, device='cuda:0'), tensor(0.0678, device='cuda:0'), tensor(0.0696, device='cuda:0'), tensor(0.0505, device='cuda:0'), tensor(0.0573, device='cuda:0'), tensor(0.0550, device='cuda:0'), tensor(0.0794, device='cuda:0'), tensor(0.0533, device='cuda:0'), tensor(0.0633, device='cuda:0'), tensor(0.0383, device='cuda:0'), tensor(0.0794, device='cuda:0'), tensor(0.0449, device='cuda:0'), tensor(0.0455, device='cuda:0'), tensor(0.0727, device='cuda:0'), tensor(0.0887, device='cuda:0'), tensor(0.1311, device='cuda:0'), tensor(0.0440, device='cuda:0'), tensor(0.1057, device='cuda:0'), tensor(0.0775, device='cuda:0'), tensor(0.0508, device='cuda:0'), tensor(0.0498, device='cuda:0'), tensor(0.1127, device='cuda:0'), tensor(0.0880, device='cuda:0'), tensor(0.1127, device='cuda:0'), tensor(0.0699, device='cuda:0'), tensor(0.0575, device='cuda:0'), tensor(0.0557, device='cuda:0'), tensor(0.0576, device='cuda:0')]"
87,"[tensor(0.2499, device='cuda:0'), tensor(0.0297, device='cuda:0'), tensor(0.0611, device='cuda:0'), tensor(0.0284, device='cuda:0'), tensor(0.0399, device='cuda:0'), tensor(0.0601, device='cuda:0'), tensor(0.0291, device='cuda:0'), tensor(0.0535, device='cuda:0'), tensor(0.0429, device='cuda:0'), tensor(0.0539, device='cuda:0'), tensor(0.0457, device='cuda:0'), tensor(0.0574, device='cuda:0'), tensor(0.0356, device='cuda:0'), tensor(0.0734, device='cuda:0'), tensor(0.1175, device='cuda:0'), tensor(0.0726, device='cuda:0'), tensor(0.0756, device='cuda:0'), tensor(0.0340, device='cuda:0'), tensor(0.0549, device='cuda:0'), tensor(0.0964, device='cuda:0'), tensor(0.0333, device='cuda:0'), tensor(0.0363, device='cuda:0'), tensor(0.0434, device='cuda:0'), tensor(0.1257, device='cuda:0'), tensor(0.0319, device='cuda:0'), tensor(0.0343, device='cuda:0'), tensor(0.0620, device='cuda:0'), tensor(0.0539, device='cuda:0'), tensor(0.0576, device='cuda:0'), tensor(0.1005, device='cuda:0'), tensor(0.0335, device='cuda:0'), tensor(0.1594, device='cuda:0'), tensor(0.1076, device='cuda:0'), tensor(0.1122, device='cuda:0'), tensor(0.0326, device='cuda:0'), tensor(0.0779, device='cuda:0'), tensor(0.0719, device='cuda:0'), tensor(0.0376, device='cuda:0'), tensor(0.0371, device='cuda:0'), tensor(0.1220, device='cuda:0'), tensor(0.0364, device='cuda:0'), tensor(0.0377, device='cuda:0'), tensor(0.0460, device='cuda:0'), tensor(0.0724, device='cuda:0'), tensor(0.0530, device='cuda:0'), tensor(0.0339, device='cuda:0'), tensor(0.0634, device='cuda:0'), tensor(0.0333, device='cuda:0'), tensor(0.0436, device='cuda:0'), tensor(0.0589, device='cuda:0'), tensor(0.0578, device='cuda:0'), tensor(0.0332, device='cuda:0'), tensor(0.0829, device='cuda:0'), tensor(0.0444, device='cuda:0'), tensor(0.0300, device='cuda:0'), tensor(0.0770, device='cuda:0'), tensor(0.0420, device='cuda:0'), tensor(0.0778, device='cuda:0'), tensor(0.0617, device='cuda:0'), tensor(0.0710, device='cuda:0'), tensor(0.0790, device='cuda:0'), tensor(0.0540, device='cuda:0'), tensor(0.0648, device='cuda:0'), tensor(0.0329, device='cuda:0'), tensor(0.0816, device='cuda:0'), tensor(0.0582, device='cuda:0'), tensor(0.0511, device='cuda:0'), tensor(0.0615, device='cuda:0'), tensor(0.0357, device='cuda:0'), tensor(0.0337, device='cuda:0'), tensor(0.1027, device='cuda:0'), tensor(0.0510, device='cuda:0'), tensor(0.0882, device='cuda:0'), tensor(0.0720, device='cuda:0'), tensor(0.0344, device='cuda:0'), tensor(0.0332, device='cuda:0'), tensor(0.0520, device='cuda:0'), tensor(0.0576, device='cuda:0'), tensor(0.0683, device='cuda:0'), tensor(0.0625, device='cuda:0'), tensor(0.0383, device='cuda:0'), tensor(0.0563, device='cuda:0'), tensor(0.0403, device='cuda:0'), tensor(0.0979, device='cuda:0'), tensor(0.0338, device='cuda:0'), tensor(0.0423, device='cuda:0'), tensor(0.0642, device='cuda:0'), tensor(0.0371, device='cuda:0'), tensor(0.0820, device='cuda:0'), tensor(0.0485, device='cuda:0'), tensor(0.0802, device='cuda:0'), tensor(0.0358, device='cuda:0'), tensor(0.0459, device='cuda:0'), tensor(0.0867, device='cuda:0'), tensor(0.0336, device='cuda:0'), tensor(0.0350, device='cuda:0'), tensor(0.0919, device='cuda:0'), tensor(0.0338, device='cuda:0'), tensor(0.0721, device='cuda:0'), tensor(0.0399, device='cuda:0'), tensor(0.0323, device='cuda:0'), tensor(0.0564, device='cuda:0'), tensor(0.0381, device='cuda:0'), tensor(0.0867, device='cuda:0'), tensor(0.0610, device='cuda:0'), tensor(0.0687, device='cuda:0'), tensor(0.0931, device='cuda:0'), tensor(0.0543, device='cuda:0'), tensor(0.0444, device='cuda:0'), tensor(0.1281, device='cuda:0'), tensor(0.0571, device='cuda:0'), tensor(0.0312, device='cuda:0'), tensor(0.0562, device='cuda:0'), tensor(0.0671, device='cuda:0'), tensor(0.0949, device='cuda:0'), tensor(0.1091, device='cuda:0'), tensor(0.0776, device='cuda:0'), tensor(0.0700, device='cuda:0'), tensor(0.0557, device='cuda:0'), tensor(0.0365, device='cuda:0'), tensor(0.0751, device='cuda:0'), tensor(0.0752, device='cuda:0')]"
88,"[tensor(0.0340, device='cuda:0'), tensor(0.1150, device='cuda:0'), tensor(0.0435, device='cuda:0'), tensor(0.0298, device='cuda:0'), tensor(0.0827, device='cuda:0'), tensor(0.0617, device='cuda:0'), tensor(0.0292, device='cuda:0'), tensor(0.0501, device='cuda:0'), tensor(0.0671, device='cuda:0'), tensor(0.0443, device='cuda:0'), tensor(0.0328, device='cuda:0'), tensor(0.0442, device='cuda:0'), tensor(0.0809, device='cuda:0'), tensor(0.0357, device='cuda:0'), tensor(0.0671, device='cuda:0'), tensor(0.0483, device='cuda:0'), tensor(0.0506, device='cuda:0'), tensor(0.3027, device='cuda:0'), tensor(0.0624, device='cuda:0'), tensor(0.0691, device='cuda:0'), tensor(0.1124, device='cuda:0'), tensor(0.0691, device='cuda:0'), tensor(0.1035, device='cuda:0'), tensor(0.0427, device='cuda:0'), tensor(0.0628, device='cuda:0'), tensor(0.0322, device='cuda:0'), tensor(0.0719, device='cuda:0'), tensor(0.0541, device='cuda:0'), tensor(0.0602, device='cuda:0'), tensor(0.0446, device='cuda:0'), tensor(0.0610, device='cuda:0'), tensor(0.0459, device='cuda:0'), tensor(0.0711, device='cuda:0'), tensor(0.0698, device='cuda:0'), tensor(0.2364, device='cuda:0'), tensor(0.0416, device='cuda:0'), tensor(0.0881, device='cuda:0'), tensor(0.0602, device='cuda:0'), tensor(0.1023, device='cuda:0'), tensor(0.0639, device='cuda:0'), tensor(0.1057, device='cuda:0'), tensor(0.0785, device='cuda:0'), tensor(0.0705, device='cuda:0'), tensor(0.0718, device='cuda:0'), tensor(0.0527, device='cuda:0'), tensor(0.0952, device='cuda:0'), tensor(0.0473, device='cuda:0'), tensor(0.0744, device='cuda:0'), tensor(0.0668, device='cuda:0'), tensor(0.0388, device='cuda:0'), tensor(0.0623, device='cuda:0'), tensor(0.1066, device='cuda:0'), tensor(0.0830, device='cuda:0'), tensor(0.0449, device='cuda:0'), tensor(0.0781, device='cuda:0'), tensor(0.0301, device='cuda:0'), tensor(0.0698, device='cuda:0'), tensor(0.0327, device='cuda:0'), tensor(0.0481, device='cuda:0'), tensor(0.0432, device='cuda:0'), tensor(0.0390, device='cuda:0'), tensor(0.0686, device='cuda:0'), tensor(0.0888, device='cuda:0'), tensor(0.0610, device='cuda:0'), tensor(0.0390, device='cuda:0'), tensor(0.0364, device='cuda:0'), tensor(0.0446, device='cuda:0'), tensor(0.0533, device='cuda:0'), tensor(0.0892, device='cuda:0'), tensor(0.1086, device='cuda:0'), tensor(0.0366, device='cuda:0'), tensor(0.0635, device='cuda:0'), tensor(0.0396, device='cuda:0'), tensor(0.0497, device='cuda:0'), tensor(0.0684, device='cuda:0'), tensor(0.0915, device='cuda:0'), tensor(0.0594, device='cuda:0'), tensor(0.0853, device='cuda:0'), tensor(0.0496, device='cuda:0'), tensor(0.0933, device='cuda:0'), tensor(0.0627, device='cuda:0'), tensor(0.0902, device='cuda:0'), tensor(0.0629, device='cuda:0'), tensor(0.0625, device='cuda:0'), tensor(0.0604, device='cuda:0'), tensor(0.0457, device='cuda:0'), tensor(0.0482, device='cuda:0'), tensor(0.1101, device='cuda:0'), tensor(0.0725, device='cuda:0'), tensor(0.0382, device='cuda:0'), tensor(0.0492, device='cuda:0'), tensor(0.0790, device='cuda:0'), tensor(0.0447, device='cuda:0'), tensor(0.0533, device='cuda:0'), tensor(0.1073, device='cuda:0'), tensor(0.0799, device='cuda:0'), tensor(0.0688, device='cuda:0'), tensor(0.0540, device='cuda:0'), tensor(0.0618, device='cuda:0'), tensor(0.0605, device='cuda:0'), tensor(0.0867, device='cuda:0'), tensor(0.0514, device='cuda:0'), tensor(0.0534, device='cuda:0'), tensor(0.0390, device='cuda:0'), tensor(0.0869, device='cuda:0'), tensor(0.0463, device='cuda:0'), tensor(0.0444, device='cuda:0'), tensor(0.0699, device='cuda:0'), tensor(0.0918, device='cuda:0'), tensor(0.1518, device='cuda:0'), tensor(0.0471, device='cuda:0'), tensor(0.1191, device='cuda:0'), tensor(0.0865, device='cuda:0'), tensor(0.0536, device='cuda:0'), tensor(0.0550, device='cuda:0'), tensor(0.1076, device='cuda:0'), tensor(0.0676, device='cuda:0'), tensor(0.0948, device='cuda:0'), tensor(0.0955, device='cuda:0'), tensor(0.0625, device='cuda:0'), tensor(0.0579, device='cuda:0'), tensor(0.0638, device='cuda:0')]"
89,"[tensor(0.2583, device='cuda:0'), tensor(0.0286, device='cuda:0'), tensor(0.0624, device='cuda:0'), tensor(0.0283, device='cuda:0'), tensor(0.0388, device='cuda:0'), tensor(0.0659, device='cuda:0'), tensor(0.0298, device='cuda:0'), tensor(0.0498, device='cuda:0'), tensor(0.0538, device='cuda:0'), tensor(0.0523, device='cuda:0'), tensor(0.0459, device='cuda:0'), tensor(0.0630, device='cuda:0'), tensor(0.0363, device='cuda:0'), tensor(0.0764, device='cuda:0'), tensor(0.1027, device='cuda:0'), tensor(0.0686, device='cuda:0'), tensor(0.0642, device='cuda:0'), tensor(0.0333, device='cuda:0'), tensor(0.0386, device='cuda:0'), tensor(0.0665, device='cuda:0'), tensor(0.0343, device='cuda:0'), tensor(0.0373, device='cuda:0'), tensor(0.0444, device='cuda:0'), tensor(0.1617, device='cuda:0'), tensor(0.0351, device='cuda:0'), tensor(0.0339, device='cuda:0'), tensor(0.0503, device='cuda:0'), tensor(0.0639, device='cuda:0'), tensor(0.0753, device='cuda:0'), tensor(0.0655, device='cuda:0'), tensor(0.0327, device='cuda:0'), tensor(0.1570, device='cuda:0'), tensor(0.0819, device='cuda:0'), tensor(0.1036, device='cuda:0'), tensor(0.0332, device='cuda:0'), tensor(0.1040, device='cuda:0'), tensor(0.1190, device='cuda:0'), tensor(0.0565, device='cuda:0'), tensor(0.0355, device='cuda:0'), tensor(0.0690, device='cuda:0'), tensor(0.0346, device='cuda:0'), tensor(0.0411, device='cuda:0'), tensor(0.0339, device='cuda:0'), tensor(0.0689, device='cuda:0'), tensor(0.0526, device='cuda:0'), tensor(0.0381, device='cuda:0'), tensor(0.0542, device='cuda:0'), tensor(0.0354, device='cuda:0'), tensor(0.0449, device='cuda:0'), tensor(0.0599, device='cuda:0'), tensor(0.0700, device='cuda:0'), tensor(0.0324, device='cuda:0'), tensor(0.0837, device='cuda:0'), tensor(0.0362, device='cuda:0'), tensor(0.0321, device='cuda:0'), tensor(0.0731, device='cuda:0'), tensor(0.0416, device='cuda:0'), tensor(0.0714, device='cuda:0'), tensor(0.0585, device='cuda:0'), tensor(0.0732, device='cuda:0'), tensor(0.0777, device='cuda:0'), tensor(0.0464, device='cuda:0'), tensor(0.1093, device='cuda:0'), tensor(0.0337, device='cuda:0'), tensor(0.0734, device='cuda:0'), tensor(0.0531, device='cuda:0'), tensor(0.0561, device='cuda:0'), tensor(0.0682, device='cuda:0'), tensor(0.0366, device='cuda:0'), tensor(0.0343, device='cuda:0'), tensor(0.1058, device='cuda:0'), tensor(0.0464, device='cuda:0'), tensor(0.0871, device='cuda:0'), tensor(0.0769, device='cuda:0'), tensor(0.0335, device='cuda:0'), tensor(0.0372, device='cuda:0'), tensor(0.0497, device='cuda:0'), tensor(0.0712, device='cuda:0'), tensor(0.0629, device='cuda:0'), tensor(0.0565, device='cuda:0'), tensor(0.0401, device='cuda:0'), tensor(0.0473, device='cuda:0'), tensor(0.0482, device='cuda:0'), tensor(0.0996, device='cuda:0'), tensor(0.0349, device='cuda:0'), tensor(0.0475, device='cuda:0'), tensor(0.0704, device='cuda:0'), tensor(0.0387, device='cuda:0'), tensor(0.1385, device='cuda:0'), tensor(0.0483, device='cuda:0'), tensor(0.0781, device='cuda:0'), tensor(0.0395, device='cuda:0'), tensor(0.0719, device='cuda:0'), tensor(0.0839, device='cuda:0'), tensor(0.0368, device='cuda:0'), tensor(0.0342, device='cuda:0'), tensor(0.0800, device='cuda:0'), tensor(0.0321, device='cuda:0'), tensor(0.0718, device='cuda:0'), tensor(0.0391, device='cuda:0'), tensor(0.0304, device='cuda:0'), tensor(0.0635, device='cuda:0'), tensor(0.0387, device='cuda:0'), tensor(0.0868, device='cuda:0'), tensor(0.0688, device='cuda:0'), tensor(0.0741, device='cuda:0'), tensor(0.1105, device='cuda:0'), tensor(0.0640, device='cuda:0'), tensor(0.0423, device='cuda:0'), tensor(0.0886, device='cuda:0'), tensor(0.0641, device='cuda:0'), tensor(0.0310, device='cuda:0'), tensor(0.0554, device='cuda:0'), tensor(0.0722, device='cuda:0'), tensor(0.0830, device='cuda:0'), tensor(0.1088, device='cuda:0'), tensor(0.0881, device='cuda:0'), tensor(0.0421, device='cuda:0'), tensor(0.0554, device='cuda:0'), tensor(0.0386, device='cuda:0'), tensor(0.0860, device='cuda:0'), tensor(0.0665, device='cuda:0')]"
90,"[tensor(0.0328, device='cuda:0'), tensor(0.1263, device='cuda:0'), tensor(0.0421, device='cuda:0'), tensor(0.0296, device='cuda:0'), tensor(0.0937, device='cuda:0'), tensor(0.0606, device='cuda:0'), tensor(0.0308, device='cuda:0'), tensor(0.0449, device='cuda:0'), tensor(0.1064, device='cuda:0'), tensor(0.0454, device='cuda:0'), tensor(0.0341, device='cuda:0'), tensor(0.0399, device='cuda:0'), tensor(0.0661, device='cuda:0'), tensor(0.0395, device='cuda:0'), tensor(0.1023, device='cuda:0'), tensor(0.0494, device='cuda:0'), tensor(0.0610, device='cuda:0'), tensor(0.3021, device='cuda:0'), tensor(0.0750, device='cuda:0'), tensor(0.0767, device='cuda:0'), tensor(0.1020, device='cuda:0'), tensor(0.0703, device='cuda:0'), tensor(0.1020, device='cuda:0'), tensor(0.0429, device='cuda:0'), tensor(0.0910, device='cuda:0'), tensor(0.0319, device='cuda:0'), tensor(0.0749, device='cuda:0'), tensor(0.0489, device='cuda:0'), tensor(0.0499, device='cuda:0'), tensor(0.0825, device='cuda:0'), tensor(0.0621, device='cuda:0'), tensor(0.0535, device='cuda:0'), tensor(0.0681, device='cuda:0'), tensor(0.0574, device='cuda:0'), tensor(0.2613, device='cuda:0'), tensor(0.0461, device='cuda:0'), tensor(0.0544, device='cuda:0'), tensor(0.0842, device='cuda:0'), tensor(0.1006, device='cuda:0'), tensor(0.0923, device='cuda:0'), tensor(0.1147, device='cuda:0'), tensor(0.0644, device='cuda:0'), tensor(0.0714, device='cuda:0'), tensor(0.0758, device='cuda:0'), tensor(0.0592, device='cuda:0'), tensor(0.0838, device='cuda:0'), tensor(0.0512, device='cuda:0'), tensor(0.0679, device='cuda:0'), tensor(0.0651, device='cuda:0'), tensor(0.0423, device='cuda:0'), tensor(0.0496, device='cuda:0'), tensor(0.0728, device='cuda:0'), tensor(0.0656, device='cuda:0'), tensor(0.0688, device='cuda:0'), tensor(0.0568, device='cuda:0'), tensor(0.0312, device='cuda:0'), tensor(0.0657, device='cuda:0'), tensor(0.0340, device='cuda:0'), tensor(0.0627, device='cuda:0'), tensor(0.0415, device='cuda:0'), tensor(0.0386, device='cuda:0'), tensor(0.0645, device='cuda:0'), tensor(0.0698, device='cuda:0'), tensor(0.0483, device='cuda:0'), tensor(0.0409, device='cuda:0'), tensor(0.0371, device='cuda:0'), tensor(0.0486, device='cuda:0'), tensor(0.0717, device='cuda:0'), tensor(0.0984, device='cuda:0'), tensor(0.1055, device='cuda:0'), tensor(0.0377, device='cuda:0'), tensor(0.0813, device='cuda:0'), tensor(0.0373, device='cuda:0'), tensor(0.0502, device='cuda:0'), tensor(0.0855, device='cuda:0'), tensor(0.0764, device='cuda:0'), tensor(0.0733, device='cuda:0'), tensor(0.0844, device='cuda:0'), tensor(0.0498, device='cuda:0'), tensor(0.0904, device='cuda:0'), tensor(0.0734, device='cuda:0'), tensor(0.0998, device='cuda:0'), tensor(0.0718, device='cuda:0'), tensor(0.0659, device='cuda:0'), tensor(0.0611, device='cuda:0'), tensor(0.0479, device='cuda:0'), tensor(0.0490, device='cuda:0'), tensor(0.1065, device='cuda:0'), tensor(0.0605, device='cuda:0'), tensor(0.0406, device='cuda:0'), tensor(0.0595, device='cuda:0'), tensor(0.0743, device='cuda:0'), tensor(0.0474, device='cuda:0'), tensor(0.0603, device='cuda:0'), tensor(0.0859, device='cuda:0'), tensor(0.0710, device='cuda:0'), tensor(0.0824, device='cuda:0'), tensor(0.0582, device='cuda:0'), tensor(0.0625, device='cuda:0'), tensor(0.0646, device='cuda:0'), tensor(0.0800, device='cuda:0'), tensor(0.0515, device='cuda:0'), tensor(0.0583, device='cuda:0'), tensor(0.0435, device='cuda:0'), tensor(0.1102, device='cuda:0'), tensor(0.0435, device='cuda:0'), tensor(0.0531, device='cuda:0'), tensor(0.0721, device='cuda:0'), tensor(0.1042, device='cuda:0'), tensor(0.1382, device='cuda:0'), tensor(0.0552, device='cuda:0'), tensor(0.1192, device='cuda:0'), tensor(0.0784, device='cuda:0'), tensor(0.0544, device='cuda:0'), tensor(0.0702, device='cuda:0'), tensor(0.0925, device='cuda:0'), tensor(0.1007, device='cuda:0'), tensor(0.1088, device='cuda:0'), tensor(0.0786, device='cuda:0'), tensor(0.0586, device='cuda:0'), tensor(0.0527, device='cuda:0'), tensor(0.0612, device='cuda:0')]"
91,"[tensor(0.2629, device='cuda:0'), tensor(0.0315, device='cuda:0'), tensor(0.0612, device='cuda:0'), tensor(0.0283, device='cuda:0'), tensor(0.0424, device='cuda:0'), tensor(0.0572, device='cuda:0'), tensor(0.0295, device='cuda:0'), tensor(0.0473, device='cuda:0'), tensor(0.0441, device='cuda:0'), tensor(0.0460, device='cuda:0'), tensor(0.0486, device='cuda:0'), tensor(0.0659, device='cuda:0'), tensor(0.0345, device='cuda:0'), tensor(0.0677, device='cuda:0'), tensor(0.0997, device='cuda:0'), tensor(0.0651, device='cuda:0'), tensor(0.0504, device='cuda:0'), tensor(0.0336, device='cuda:0'), tensor(0.0439, device='cuda:0'), tensor(0.0641, device='cuda:0'), tensor(0.0349, device='cuda:0'), tensor(0.0378, device='cuda:0'), tensor(0.0453, device='cuda:0'), tensor(0.1591, device='cuda:0'), tensor(0.0334, device='cuda:0'), tensor(0.0353, device='cuda:0'), tensor(0.0711, device='cuda:0'), tensor(0.0767, device='cuda:0'), tensor(0.0790, device='cuda:0'), tensor(0.0566, device='cuda:0'), tensor(0.0328, device='cuda:0'), tensor(0.1589, device='cuda:0'), tensor(0.0844, device='cuda:0'), tensor(0.1090, device='cuda:0'), tensor(0.0322, device='cuda:0'), tensor(0.0802, device='cuda:0'), tensor(0.0873, device='cuda:0'), tensor(0.0447, device='cuda:0'), tensor(0.0341, device='cuda:0'), tensor(0.0918, device='cuda:0'), tensor(0.0394, device='cuda:0'), tensor(0.0443, device='cuda:0'), tensor(0.0359, device='cuda:0'), tensor(0.0847, device='cuda:0'), tensor(0.0561, device='cuda:0'), tensor(0.0322, device='cuda:0'), tensor(0.0604, device='cuda:0'), tensor(0.0336, device='cuda:0'), tensor(0.0425, device='cuda:0'), tensor(0.0628, device='cuda:0'), tensor(0.0939, device='cuda:0'), tensor(0.0320, device='cuda:0'), tensor(0.0958, device='cuda:0'), tensor(0.0320, device='cuda:0'), tensor(0.0341, device='cuda:0'), tensor(0.0774, device='cuda:0'), tensor(0.0487, device='cuda:0'), tensor(0.0744, device='cuda:0'), tensor(0.0502, device='cuda:0'), tensor(0.0662, device='cuda:0'), tensor(0.0751, device='cuda:0'), tensor(0.0439, device='cuda:0'), tensor(0.0855, device='cuda:0'), tensor(0.0329, device='cuda:0'), tensor(0.0789, device='cuda:0'), tensor(0.0521, device='cuda:0'), tensor(0.0531, device='cuda:0'), tensor(0.0647, device='cuda:0'), tensor(0.0366, device='cuda:0'), tensor(0.0324, device='cuda:0'), tensor(0.0988, device='cuda:0'), tensor(0.0425, device='cuda:0'), tensor(0.0879, device='cuda:0'), tensor(0.0605, device='cuda:0'), tensor(0.0338, device='cuda:0'), tensor(0.0332, device='cuda:0'), tensor(0.0455, device='cuda:0'), tensor(0.0831, device='cuda:0'), tensor(0.0804, device='cuda:0'), tensor(0.0698, device='cuda:0'), tensor(0.0351, device='cuda:0'), tensor(0.0491, device='cuda:0'), tensor(0.0427, device='cuda:0'), tensor(0.1069, device='cuda:0'), tensor(0.0328, device='cuda:0'), tensor(0.0452, device='cuda:0'), tensor(0.0613, device='cuda:0'), tensor(0.0401, device='cuda:0'), tensor(0.0695, device='cuda:0'), tensor(0.0426, device='cuda:0'), tensor(0.0839, device='cuda:0'), tensor(0.0341, device='cuda:0'), tensor(0.0459, device='cuda:0'), tensor(0.0841, device='cuda:0'), tensor(0.0391, device='cuda:0'), tensor(0.0323, device='cuda:0'), tensor(0.0772, device='cuda:0'), tensor(0.0333, device='cuda:0'), tensor(0.0657, device='cuda:0'), tensor(0.0376, device='cuda:0'), tensor(0.0324, device='cuda:0'), tensor(0.0635, device='cuda:0'), tensor(0.0383, device='cuda:0'), tensor(0.0998, device='cuda:0'), tensor(0.0568, device='cuda:0'), tensor(0.0706, device='cuda:0'), tensor(0.1045, device='cuda:0'), tensor(0.0798, device='cuda:0'), tensor(0.0458, device='cuda:0'), tensor(0.1829, device='cuda:0'), tensor(0.0566, device='cuda:0'), tensor(0.0311, device='cuda:0'), tensor(0.0605, device='cuda:0'), tensor(0.0734, device='cuda:0'), tensor(0.0876, device='cuda:0'), tensor(0.1121, device='cuda:0'), tensor(0.0938, device='cuda:0'), tensor(0.0543, device='cuda:0'), tensor(0.0545, device='cuda:0'), tensor(0.0380, device='cuda:0'), tensor(0.0656, device='cuda:0'), tensor(0.0641, device='cuda:0')]"
92,"[tensor(0.0334, device='cuda:0'), tensor(0.1067, device='cuda:0'), tensor(0.0426, device='cuda:0'), tensor(0.0304, device='cuda:0'), tensor(0.0864, device='cuda:0'), tensor(0.0767, device='cuda:0'), tensor(0.0286, device='cuda:0'), tensor(0.0460, device='cuda:0'), tensor(0.0732, device='cuda:0'), tensor(0.0449, device='cuda:0'), tensor(0.0327, device='cuda:0'), tensor(0.0377, device='cuda:0'), tensor(0.0760, device='cuda:0'), tensor(0.0417, device='cuda:0'), tensor(0.0930, device='cuda:0'), tensor(0.0449, device='cuda:0'), tensor(0.0648, device='cuda:0'), tensor(0.3198, device='cuda:0'), tensor(0.0749, device='cuda:0'), tensor(0.0784, device='cuda:0'), tensor(0.1156, device='cuda:0'), tensor(0.0717, device='cuda:0'), tensor(0.1000, device='cuda:0'), tensor(0.0470, device='cuda:0'), tensor(0.0938, device='cuda:0'), tensor(0.0311, device='cuda:0'), tensor(0.0818, device='cuda:0'), tensor(0.0509, device='cuda:0'), tensor(0.0566, device='cuda:0'), tensor(0.0840, device='cuda:0'), tensor(0.0726, device='cuda:0'), tensor(0.0521, device='cuda:0'), tensor(0.0853, device='cuda:0'), tensor(0.0667, device='cuda:0'), tensor(0.2534, device='cuda:0'), tensor(0.0599, device='cuda:0'), tensor(0.0961, device='cuda:0'), tensor(0.0566, device='cuda:0'), tensor(0.1277, device='cuda:0'), tensor(0.0836, device='cuda:0'), tensor(0.0970, device='cuda:0'), tensor(0.0844, device='cuda:0'), tensor(0.0702, device='cuda:0'), tensor(0.0787, device='cuda:0'), tensor(0.0460, device='cuda:0'), tensor(0.1056, device='cuda:0'), tensor(0.0479, device='cuda:0'), tensor(0.0849, device='cuda:0'), tensor(0.0600, device='cuda:0'), tensor(0.0419, device='cuda:0'), tensor(0.0472, device='cuda:0'), tensor(0.0799, device='cuda:0'), tensor(0.0865, device='cuda:0'), tensor(0.0710, device='cuda:0'), tensor(0.0580, device='cuda:0'), tensor(0.0336, device='cuda:0'), tensor(0.0670, device='cuda:0'), tensor(0.0332, device='cuda:0'), tensor(0.0693, device='cuda:0'), tensor(0.0414, device='cuda:0'), tensor(0.0406, device='cuda:0'), tensor(0.0600, device='cuda:0'), tensor(0.0870, device='cuda:0'), tensor(0.0546, device='cuda:0'), tensor(0.0405, device='cuda:0'), tensor(0.0390, device='cuda:0'), tensor(0.0636, device='cuda:0'), tensor(0.0758, device='cuda:0'), tensor(0.1004, device='cuda:0'), tensor(0.1123, device='cuda:0'), tensor(0.0386, device='cuda:0'), tensor(0.0948, device='cuda:0'), tensor(0.0411, device='cuda:0'), tensor(0.0549, device='cuda:0'), tensor(0.0941, device='cuda:0'), tensor(0.1154, device='cuda:0'), tensor(0.0706, device='cuda:0'), tensor(0.0750, device='cuda:0'), tensor(0.0717, device='cuda:0'), tensor(0.0805, device='cuda:0'), tensor(0.0763, device='cuda:0'), tensor(0.0859, device='cuda:0'), tensor(0.1061, device='cuda:0'), tensor(0.0658, device='cuda:0'), tensor(0.0696, device='cuda:0'), tensor(0.0498, device='cuda:0'), tensor(0.0528, device='cuda:0'), tensor(0.1147, device='cuda:0'), tensor(0.0835, device='cuda:0'), tensor(0.0398, device='cuda:0'), tensor(0.0641, device='cuda:0'), tensor(0.0836, device='cuda:0'), tensor(0.0516, device='cuda:0'), tensor(0.0573, device='cuda:0'), tensor(0.1019, device='cuda:0'), tensor(0.0808, device='cuda:0'), tensor(0.0936, device='cuda:0'), tensor(0.0562, device='cuda:0'), tensor(0.0510, device='cuda:0'), tensor(0.0648, device='cuda:0'), tensor(0.0817, device='cuda:0'), tensor(0.0502, device='cuda:0'), tensor(0.0600, device='cuda:0'), tensor(0.0438, device='cuda:0'), tensor(0.0776, device='cuda:0'), tensor(0.0463, device='cuda:0'), tensor(0.0530, device='cuda:0'), tensor(0.0697, device='cuda:0'), tensor(0.1001, device='cuda:0'), tensor(0.0804, device='cuda:0'), tensor(0.0419, device='cuda:0'), tensor(0.1198, device='cuda:0'), tensor(0.0861, device='cuda:0'), tensor(0.0495, device='cuda:0'), tensor(0.0536, device='cuda:0'), tensor(0.1111, device='cuda:0'), tensor(0.0655, device='cuda:0'), tensor(0.1009, device='cuda:0'), tensor(0.0779, device='cuda:0'), tensor(0.0757, device='cuda:0'), tensor(0.0578, device='cuda:0'), tensor(0.0610, device='cuda:0')]"
93,"[tensor(0.2626, device='cuda:0'), tensor(0.0289, device='cuda:0'), tensor(0.0554, device='cuda:0'), tensor(0.0300, device='cuda:0'), tensor(0.0417, device='cuda:0'), tensor(0.0573, device='cuda:0'), tensor(0.0305, device='cuda:0'), tensor(0.0499, device='cuda:0'), tensor(0.0480, device='cuda:0'), tensor(0.0540, device='cuda:0'), tensor(0.0460, device='cuda:0'), tensor(0.0638, device='cuda:0'), tensor(0.0332, device='cuda:0'), tensor(0.0665, device='cuda:0'), tensor(0.0885, device='cuda:0'), tensor(0.0767, device='cuda:0'), tensor(0.0539, device='cuda:0'), tensor(0.0360, device='cuda:0'), tensor(0.0411, device='cuda:0'), tensor(0.0753, device='cuda:0'), tensor(0.0335, device='cuda:0'), tensor(0.0392, device='cuda:0'), tensor(0.0450, device='cuda:0'), tensor(0.1585, device='cuda:0'), tensor(0.0315, device='cuda:0'), tensor(0.0339, device='cuda:0'), tensor(0.0596, device='cuda:0'), tensor(0.0591, device='cuda:0'), tensor(0.0638, device='cuda:0'), tensor(0.0581, device='cuda:0'), tensor(0.0320, device='cuda:0'), tensor(0.1721, device='cuda:0'), tensor(0.0961, device='cuda:0'), tensor(0.1044, device='cuda:0'), tensor(0.0333, device='cuda:0'), tensor(0.0785, device='cuda:0'), tensor(0.0518, device='cuda:0'), tensor(0.0560, device='cuda:0'), tensor(0.0356, device='cuda:0'), tensor(0.0642, device='cuda:0'), tensor(0.0375, device='cuda:0'), tensor(0.0412, device='cuda:0'), tensor(0.0366, device='cuda:0'), tensor(0.0710, device='cuda:0'), tensor(0.0596, device='cuda:0'), tensor(0.0358, device='cuda:0'), tensor(0.0567, device='cuda:0'), tensor(0.0350, device='cuda:0'), tensor(0.0464, device='cuda:0'), tensor(0.0647, device='cuda:0'), tensor(0.1158, device='cuda:0'), tensor(0.0337, device='cuda:0'), tensor(0.1122, device='cuda:0'), tensor(0.0328, device='cuda:0'), tensor(0.0321, device='cuda:0'), tensor(0.0709, device='cuda:0'), tensor(0.0476, device='cuda:0'), tensor(0.0813, device='cuda:0'), tensor(0.0821, device='cuda:0'), tensor(0.0726, device='cuda:0'), tensor(0.0829, device='cuda:0'), tensor(0.0519, device='cuda:0'), tensor(0.0638, device='cuda:0'), tensor(0.0342, device='cuda:0'), tensor(0.0813, device='cuda:0'), tensor(0.0575, device='cuda:0'), tensor(0.0476, device='cuda:0'), tensor(0.0713, device='cuda:0'), tensor(0.0373, device='cuda:0'), tensor(0.0359, device='cuda:0'), tensor(0.0970, device='cuda:0'), tensor(0.0390, device='cuda:0'), tensor(0.0949, device='cuda:0'), tensor(0.0510, device='cuda:0'), tensor(0.0363, device='cuda:0'), tensor(0.0378, device='cuda:0'), tensor(0.0492, device='cuda:0'), tensor(0.0901, device='cuda:0'), tensor(0.0636, device='cuda:0'), tensor(0.0921, device='cuda:0'), tensor(0.0394, device='cuda:0'), tensor(0.0555, device='cuda:0'), tensor(0.0485, device='cuda:0'), tensor(0.0931, device='cuda:0'), tensor(0.0351, device='cuda:0'), tensor(0.0429, device='cuda:0'), tensor(0.0627, device='cuda:0'), tensor(0.0398, device='cuda:0'), tensor(0.1218, device='cuda:0'), tensor(0.0488, device='cuda:0'), tensor(0.0651, device='cuda:0'), tensor(0.0370, device='cuda:0'), tensor(0.0403, device='cuda:0'), tensor(0.0821, device='cuda:0'), tensor(0.0349, device='cuda:0'), tensor(0.0315, device='cuda:0'), tensor(0.0726, device='cuda:0'), tensor(0.0343, device='cuda:0'), tensor(0.0652, device='cuda:0'), tensor(0.0373, device='cuda:0'), tensor(0.0308, device='cuda:0'), tensor(0.0584, device='cuda:0'), tensor(0.0396, device='cuda:0'), tensor(0.0929, device='cuda:0'), tensor(0.0569, device='cuda:0'), tensor(0.0728, device='cuda:0'), tensor(0.1189, device='cuda:0'), tensor(0.0708, device='cuda:0'), tensor(0.0420, device='cuda:0'), tensor(0.1419, device='cuda:0'), tensor(0.0605, device='cuda:0'), tensor(0.0324, device='cuda:0'), tensor(0.0577, device='cuda:0'), tensor(0.0618, device='cuda:0'), tensor(0.0863, device='cuda:0'), tensor(0.1071, device='cuda:0'), tensor(0.0862, device='cuda:0'), tensor(0.0573, device='cuda:0'), tensor(0.0431, device='cuda:0'), tensor(0.0406, device='cuda:0'), tensor(0.0669, device='cuda:0'), tensor(0.0679, device='cuda:0')]"
94,"[tensor(0.0352, device='cuda:0'), tensor(0.1253, device='cuda:0'), tensor(0.0411, device='cuda:0'), tensor(0.0295, device='cuda:0'), tensor(0.0751, device='cuda:0'), tensor(0.0680, device='cuda:0'), tensor(0.0285, device='cuda:0'), tensor(0.0434, device='cuda:0'), tensor(0.1079, device='cuda:0'), tensor(0.0456, device='cuda:0'), tensor(0.0340, device='cuda:0'), tensor(0.0378, device='cuda:0'), tensor(0.0849, device='cuda:0'), tensor(0.0431, device='cuda:0'), tensor(0.0934, device='cuda:0'), tensor(0.0466, device='cuda:0'), tensor(0.0660, device='cuda:0'), tensor(0.3183, device='cuda:0'), tensor(0.0803, device='cuda:0'), tensor(0.0651, device='cuda:0'), tensor(0.1207, device='cuda:0'), tensor(0.0772, device='cuda:0'), tensor(0.0979, device='cuda:0'), tensor(0.0464, device='cuda:0'), tensor(0.0805, device='cuda:0'), tensor(0.0321, device='cuda:0'), tensor(0.0972, device='cuda:0'), tensor(0.0629, device='cuda:0'), tensor(0.0601, device='cuda:0'), tensor(0.0890, device='cuda:0'), tensor(0.0729, device='cuda:0'), tensor(0.0526, device='cuda:0'), tensor(0.1028, device='cuda:0'), tensor(0.0707, device='cuda:0'), tensor(0.2655, device='cuda:0'), tensor(0.0634, device='cuda:0'), tensor(0.1069, device='cuda:0'), tensor(0.0865, device='cuda:0'), tensor(0.1210, device='cuda:0'), tensor(0.1381, device='cuda:0'), tensor(0.1005, device='cuda:0'), tensor(0.0807, device='cuda:0'), tensor(0.0699, device='cuda:0'), tensor(0.0751, device='cuda:0'), tensor(0.0537, device='cuda:0'), tensor(0.0989, device='cuda:0'), tensor(0.0488, device='cuda:0'), tensor(0.0673, device='cuda:0'), tensor(0.0599, device='cuda:0'), tensor(0.0484, device='cuda:0'), tensor(0.0998, device='cuda:0'), tensor(0.0854, device='cuda:0'), tensor(0.0724, device='cuda:0'), tensor(0.0677, device='cuda:0'), tensor(0.0563, device='cuda:0'), tensor(0.0331, device='cuda:0'), tensor(0.0690, device='cuda:0'), tensor(0.0336, device='cuda:0'), tensor(0.0513, device='cuda:0'), tensor(0.0435, device='cuda:0'), tensor(0.0442, device='cuda:0'), tensor(0.0645, device='cuda:0'), tensor(0.0891, device='cuda:0'), tensor(0.0475, device='cuda:0'), tensor(0.0426, device='cuda:0'), tensor(0.0362, device='cuda:0'), tensor(0.0548, device='cuda:0'), tensor(0.0692, device='cuda:0'), tensor(0.0937, device='cuda:0'), tensor(0.1062, device='cuda:0'), tensor(0.0417, device='cuda:0'), tensor(0.0985, device='cuda:0'), tensor(0.0387, device='cuda:0'), tensor(0.0634, device='cuda:0'), tensor(0.0807, device='cuda:0'), tensor(0.0935, device='cuda:0'), tensor(0.0807, device='cuda:0'), tensor(0.0894, device='cuda:0'), tensor(0.0550, device='cuda:0'), tensor(0.0549, device='cuda:0'), tensor(0.0625, device='cuda:0'), tensor(0.0932, device='cuda:0'), tensor(0.0625, device='cuda:0'), tensor(0.0578, device='cuda:0'), tensor(0.0637, device='cuda:0'), tensor(0.0518, device='cuda:0'), tensor(0.0519, device='cuda:0'), tensor(0.1068, device='cuda:0'), tensor(0.0663, device='cuda:0'), tensor(0.0405, device='cuda:0'), tensor(0.0639, device='cuda:0'), tensor(0.0802, device='cuda:0'), tensor(0.0572, device='cuda:0'), tensor(0.0517, device='cuda:0'), tensor(0.1180, device='cuda:0'), tensor(0.0680, device='cuda:0'), tensor(0.0994, device='cuda:0'), tensor(0.0583, device='cuda:0'), tensor(0.0588, device='cuda:0'), tensor(0.0804, device='cuda:0'), tensor(0.0846, device='cuda:0'), tensor(0.0655, device='cuda:0'), tensor(0.0654, device='cuda:0'), tensor(0.0397, device='cuda:0'), tensor(0.0861, device='cuda:0'), tensor(0.0492, device='cuda:0'), tensor(0.0481, device='cuda:0'), tensor(0.0804, device='cuda:0'), tensor(0.0944, device='cuda:0'), tensor(0.1059, device='cuda:0'), tensor(0.0385, device='cuda:0'), tensor(0.1153, device='cuda:0'), tensor(0.0873, device='cuda:0'), tensor(0.0539, device='cuda:0'), tensor(0.0635, device='cuda:0'), tensor(0.0917, device='cuda:0'), tensor(0.0759, device='cuda:0'), tensor(0.0987, device='cuda:0'), tensor(0.0690, device='cuda:0'), tensor(0.0674, device='cuda:0'), tensor(0.0732, device='cuda:0'), tensor(0.0691, device='cuda:0')]"
95,"[tensor(0.2947, device='cuda:0'), tensor(0.0307, device='cuda:0'), tensor(0.0629, device='cuda:0'), tensor(0.0293, device='cuda:0'), tensor(0.0457, device='cuda:0'), tensor(0.0524, device='cuda:0'), tensor(0.0297, device='cuda:0'), tensor(0.0522, device='cuda:0'), tensor(0.0431, device='cuda:0'), tensor(0.0540, device='cuda:0'), tensor(0.0487, device='cuda:0'), tensor(0.0611, device='cuda:0'), tensor(0.0361, device='cuda:0'), tensor(0.0638, device='cuda:0'), tensor(0.0937, device='cuda:0'), tensor(0.0775, device='cuda:0'), tensor(0.0601, device='cuda:0'), tensor(0.0348, device='cuda:0'), tensor(0.0432, device='cuda:0'), tensor(0.0702, device='cuda:0'), tensor(0.0375, device='cuda:0'), tensor(0.0417, device='cuda:0'), tensor(0.0472, device='cuda:0'), tensor(0.1434, device='cuda:0'), tensor(0.0328, device='cuda:0'), tensor(0.0347, device='cuda:0'), tensor(0.0786, device='cuda:0'), tensor(0.0486, device='cuda:0'), tensor(0.0807, device='cuda:0'), tensor(0.0680, device='cuda:0'), tensor(0.0338, device='cuda:0'), tensor(0.1710, device='cuda:0'), tensor(0.0709, device='cuda:0'), tensor(0.1255, device='cuda:0'), tensor(0.0347, device='cuda:0'), tensor(0.0799, device='cuda:0'), tensor(0.0633, device='cuda:0'), tensor(0.0468, device='cuda:0'), tensor(0.0349, device='cuda:0'), tensor(0.0832, device='cuda:0'), tensor(0.0410, device='cuda:0'), tensor(0.0432, device='cuda:0'), tensor(0.0376, device='cuda:0'), tensor(0.0719, device='cuda:0'), tensor(0.0540, device='cuda:0'), tensor(0.0358, device='cuda:0'), tensor(0.0540, device='cuda:0'), tensor(0.0355, device='cuda:0'), tensor(0.0500, device='cuda:0'), tensor(0.0714, device='cuda:0'), tensor(0.0602, device='cuda:0'), tensor(0.0346, device='cuda:0'), tensor(0.1955, device='cuda:0'), tensor(0.0324, device='cuda:0'), tensor(0.0304, device='cuda:0'), tensor(0.0692, device='cuda:0'), tensor(0.0513, device='cuda:0'), tensor(0.0661, device='cuda:0'), tensor(0.0812, device='cuda:0'), tensor(0.0608, device='cuda:0'), tensor(0.0770, device='cuda:0'), tensor(0.0495, device='cuda:0'), tensor(0.0950, device='cuda:0'), tensor(0.0339, device='cuda:0'), tensor(0.0883, device='cuda:0'), tensor(0.0635, device='cuda:0'), tensor(0.0435, device='cuda:0'), tensor(0.0877, device='cuda:0'), tensor(0.0387, device='cuda:0'), tensor(0.0343, device='cuda:0'), tensor(0.0923, device='cuda:0'), tensor(0.0434, device='cuda:0'), tensor(0.0951, device='cuda:0'), tensor(0.0486, device='cuda:0'), tensor(0.0332, device='cuda:0'), tensor(0.0328, device='cuda:0'), tensor(0.0472, device='cuda:0'), tensor(0.0746, device='cuda:0'), tensor(0.0752, device='cuda:0'), tensor(0.0626, device='cuda:0'), tensor(0.0369, device='cuda:0'), tensor(0.0453, device='cuda:0'), tensor(0.0494, device='cuda:0'), tensor(0.1001, device='cuda:0'), tensor(0.0345, device='cuda:0'), tensor(0.0412, device='cuda:0'), tensor(0.0635, device='cuda:0'), tensor(0.0386, device='cuda:0'), tensor(0.0877, device='cuda:0'), tensor(0.0494, device='cuda:0'), tensor(0.0926, device='cuda:0'), tensor(0.0351, device='cuda:0'), tensor(0.0364, device='cuda:0'), tensor(0.0810, device='cuda:0'), tensor(0.0417, device='cuda:0'), tensor(0.0327, device='cuda:0'), tensor(0.0676, device='cuda:0'), tensor(0.0339, device='cuda:0'), tensor(0.0694, device='cuda:0'), tensor(0.0383, device='cuda:0'), tensor(0.0307, device='cuda:0'), tensor(0.0467, device='cuda:0'), tensor(0.0386, device='cuda:0'), tensor(0.0982, device='cuda:0'), tensor(0.0545, device='cuda:0'), tensor(0.0622, device='cuda:0'), tensor(0.1171, device='cuda:0'), tensor(0.0689, device='cuda:0'), tensor(0.0442, device='cuda:0'), tensor(0.0902, device='cuda:0'), tensor(0.0575, device='cuda:0'), tensor(0.0333, device='cuda:0'), tensor(0.0609, device='cuda:0'), tensor(0.0590, device='cuda:0'), tensor(0.0825, device='cuda:0'), tensor(0.0913, device='cuda:0'), tensor(0.0833, device='cuda:0'), tensor(0.0493, device='cuda:0'), tensor(0.0406, device='cuda:0'), tensor(0.0372, device='cuda:0'), tensor(0.0751, device='cuda:0'), tensor(0.0583, device='cuda:0')]"
96,"[tensor(0.0358, device='cuda:0'), tensor(0.0835, device='cuda:0'), tensor(0.0431, device='cuda:0'), tensor(0.0293, device='cuda:0'), tensor(0.0934, device='cuda:0'), tensor(0.0653, device='cuda:0'), tensor(0.0283, device='cuda:0'), tensor(0.0515, device='cuda:0'), tensor(0.0859, device='cuda:0'), tensor(0.0490, device='cuda:0'), tensor(0.0356, device='cuda:0'), tensor(0.0390, device='cuda:0'), tensor(0.0811, device='cuda:0'), tensor(0.0394, device='cuda:0'), tensor(0.0926, device='cuda:0'), tensor(0.0529, device='cuda:0'), tensor(0.0624, device='cuda:0'), tensor(0.3200, device='cuda:0'), tensor(0.0803, device='cuda:0'), tensor(0.0774, device='cuda:0'), tensor(0.1137, device='cuda:0'), tensor(0.0712, device='cuda:0'), tensor(0.1056, device='cuda:0'), tensor(0.0487, device='cuda:0'), tensor(0.0858, device='cuda:0'), tensor(0.0320, device='cuda:0'), tensor(0.0569, device='cuda:0'), tensor(0.0743, device='cuda:0'), tensor(0.0604, device='cuda:0'), tensor(0.0746, device='cuda:0'), tensor(0.0595, device='cuda:0'), tensor(0.0522, device='cuda:0'), tensor(0.0869, device='cuda:0'), tensor(0.0690, device='cuda:0'), tensor(0.3054, device='cuda:0'), tensor(0.0517, device='cuda:0'), tensor(0.1258, device='cuda:0'), tensor(0.0677, device='cuda:0'), tensor(0.1262, device='cuda:0'), tensor(0.1098, device='cuda:0'), tensor(0.1046, device='cuda:0'), tensor(0.0846, device='cuda:0'), tensor(0.0739, device='cuda:0'), tensor(0.0837, device='cuda:0'), tensor(0.0612, device='cuda:0'), tensor(0.1000, device='cuda:0'), tensor(0.0527, device='cuda:0'), tensor(0.0718, device='cuda:0'), tensor(0.0599, device='cuda:0'), tensor(0.0507, device='cuda:0'), tensor(0.0679, device='cuda:0'), tensor(0.0872, device='cuda:0'), tensor(0.0584, device='cuda:0'), tensor(0.0740, device='cuda:0'), tensor(0.0629, device='cuda:0'), tensor(0.0355, device='cuda:0'), tensor(0.0702, device='cuda:0'), tensor(0.0328, device='cuda:0'), tensor(0.0580, device='cuda:0'), tensor(0.0429, device='cuda:0'), tensor(0.0433, device='cuda:0'), tensor(0.0651, device='cuda:0'), tensor(0.0703, device='cuda:0'), tensor(0.0550, device='cuda:0'), tensor(0.0412, device='cuda:0'), tensor(0.0378, device='cuda:0'), tensor(0.0451, device='cuda:0'), tensor(0.0620, device='cuda:0'), tensor(0.0958, device='cuda:0'), tensor(0.1157, device='cuda:0'), tensor(0.0445, device='cuda:0'), tensor(0.0803, device='cuda:0'), tensor(0.0402, device='cuda:0'), tensor(0.0585, device='cuda:0'), tensor(0.0928, device='cuda:0'), tensor(0.1164, device='cuda:0'), tensor(0.0711, device='cuda:0'), tensor(0.0970, device='cuda:0'), tensor(0.0497, device='cuda:0'), tensor(0.0733, device='cuda:0'), tensor(0.0724, device='cuda:0'), tensor(0.1104, device='cuda:0'), tensor(0.0787, device='cuda:0'), tensor(0.0582, device='cuda:0'), tensor(0.0670, device='cuda:0'), tensor(0.0585, device='cuda:0'), tensor(0.0543, device='cuda:0'), tensor(0.1120, device='cuda:0'), tensor(0.0717, device='cuda:0'), tensor(0.0424, device='cuda:0'), tensor(0.0603, device='cuda:0'), tensor(0.0813, device='cuda:0'), tensor(0.0584, device='cuda:0'), tensor(0.0480, device='cuda:0'), tensor(0.0972, device='cuda:0'), tensor(0.0828, device='cuda:0'), tensor(0.0855, device='cuda:0'), tensor(0.0581, device='cuda:0'), tensor(0.0622, device='cuda:0'), tensor(0.0716, device='cuda:0'), tensor(0.0891, device='cuda:0'), tensor(0.0669, device='cuda:0'), tensor(0.0736, device='cuda:0'), tensor(0.0439, device='cuda:0'), tensor(0.1061, device='cuda:0'), tensor(0.0513, device='cuda:0'), tensor(0.0549, device='cuda:0'), tensor(0.0935, device='cuda:0'), tensor(0.0996, device='cuda:0'), tensor(0.1422, device='cuda:0'), tensor(0.0345, device='cuda:0'), tensor(0.1166, device='cuda:0'), tensor(0.0902, device='cuda:0'), tensor(0.0495, device='cuda:0'), tensor(0.0647, device='cuda:0'), tensor(0.1174, device='cuda:0'), tensor(0.0855, device='cuda:0'), tensor(0.1305, device='cuda:0'), tensor(0.0798, device='cuda:0'), tensor(0.0971, device='cuda:0'), tensor(0.0646, device='cuda:0'), tensor(0.0705, device='cuda:0')]"
97,"[tensor(0.3021, device='cuda:0'), tensor(0.0305, device='cuda:0'), tensor(0.0674, device='cuda:0'), tensor(0.0289, device='cuda:0'), tensor(0.0395, device='cuda:0'), tensor(0.0677, device='cuda:0'), tensor(0.0320, device='cuda:0'), tensor(0.0500, device='cuda:0'), tensor(0.0559, device='cuda:0'), tensor(0.0506, device='cuda:0'), tensor(0.0465, device='cuda:0'), tensor(0.0568, device='cuda:0'), tensor(0.0365, device='cuda:0'), tensor(0.0736, device='cuda:0'), tensor(0.0767, device='cuda:0'), tensor(0.0931, device='cuda:0'), tensor(0.0671, device='cuda:0'), tensor(0.0355, device='cuda:0'), tensor(0.0395, device='cuda:0'), tensor(0.0787, device='cuda:0'), tensor(0.0342, device='cuda:0'), tensor(0.0424, device='cuda:0'), tensor(0.0451, device='cuda:0'), tensor(0.1453, device='cuda:0'), tensor(0.0331, device='cuda:0'), tensor(0.0339, device='cuda:0'), tensor(0.0696, device='cuda:0'), tensor(0.0542, device='cuda:0'), tensor(0.0569, device='cuda:0'), tensor(0.0718, device='cuda:0'), tensor(0.0325, device='cuda:0'), tensor(0.1735, device='cuda:0'), tensor(0.0689, device='cuda:0'), tensor(0.1087, device='cuda:0'), tensor(0.0359, device='cuda:0'), tensor(0.1024, device='cuda:0'), tensor(0.0587, device='cuda:0'), tensor(0.0624, device='cuda:0'), tensor(0.0363, device='cuda:0'), tensor(0.0703, device='cuda:0'), tensor(0.0404, device='cuda:0'), tensor(0.0474, device='cuda:0'), tensor(0.0387, device='cuda:0'), tensor(0.0655, device='cuda:0'), tensor(0.0550, device='cuda:0'), tensor(0.0359, device='cuda:0'), tensor(0.0552, device='cuda:0'), tensor(0.0358, device='cuda:0'), tensor(0.0453, device='cuda:0'), tensor(0.0708, device='cuda:0'), tensor(0.0833, device='cuda:0'), tensor(0.0339, device='cuda:0'), tensor(0.1447, device='cuda:0'), tensor(0.0328, device='cuda:0'), tensor(0.0326, device='cuda:0'), tensor(0.0708, device='cuda:0'), tensor(0.0473, device='cuda:0'), tensor(0.0722, device='cuda:0'), tensor(0.0642, device='cuda:0'), tensor(0.0683, device='cuda:0'), tensor(0.0667, device='cuda:0'), tensor(0.0499, device='cuda:0'), tensor(0.0678, device='cuda:0'), tensor(0.0360, device='cuda:0'), tensor(0.0912, device='cuda:0'), tensor(0.0619, device='cuda:0'), tensor(0.0477, device='cuda:0'), tensor(0.0839, device='cuda:0'), tensor(0.0369, device='cuda:0'), tensor(0.0356, device='cuda:0'), tensor(0.0983, device='cuda:0'), tensor(0.0434, device='cuda:0'), tensor(0.0878, device='cuda:0'), tensor(0.0482, device='cuda:0'), tensor(0.0371, device='cuda:0'), tensor(0.0402, device='cuda:0'), tensor(0.0521, device='cuda:0'), tensor(0.0660, device='cuda:0'), tensor(0.0683, device='cuda:0'), tensor(0.0721, device='cuda:0'), tensor(0.0426, device='cuda:0'), tensor(0.0621, device='cuda:0'), tensor(0.0427, device='cuda:0'), tensor(0.0908, device='cuda:0'), tensor(0.0350, device='cuda:0'), tensor(0.0396, device='cuda:0'), tensor(0.0645, device='cuda:0'), tensor(0.0397, device='cuda:0'), tensor(0.1375, device='cuda:0'), tensor(0.0546, device='cuda:0'), tensor(0.1359, device='cuda:0'), tensor(0.0374, device='cuda:0'), tensor(0.0404, device='cuda:0'), tensor(0.0819, device='cuda:0'), tensor(0.0368, device='cuda:0'), tensor(0.0358, device='cuda:0'), tensor(0.0739, device='cuda:0'), tensor(0.0337, device='cuda:0'), tensor(0.0711, device='cuda:0'), tensor(0.0385, device='cuda:0'), tensor(0.0314, device='cuda:0'), tensor(0.0528, device='cuda:0'), tensor(0.0420, device='cuda:0'), tensor(0.0911, device='cuda:0'), tensor(0.0546, device='cuda:0'), tensor(0.0608, device='cuda:0'), tensor(0.1332, device='cuda:0'), tensor(0.0633, device='cuda:0'), tensor(0.0436, device='cuda:0'), tensor(0.1730, device='cuda:0'), tensor(0.0563, device='cuda:0'), tensor(0.0329, device='cuda:0'), tensor(0.0567, device='cuda:0'), tensor(0.0572, device='cuda:0'), tensor(0.0954, device='cuda:0'), tensor(0.0887, device='cuda:0'), tensor(0.0832, device='cuda:0'), tensor(0.0453, device='cuda:0'), tensor(0.0430, device='cuda:0'), tensor(0.0402, device='cuda:0'), tensor(0.0626, device='cuda:0'), tensor(0.0585, device='cuda:0')]"
98,"[tensor(0.0350, device='cuda:0'), tensor(0.1316, device='cuda:0'), tensor(0.0375, device='cuda:0'), tensor(0.0288, device='cuda:0'), tensor(0.0909, device='cuda:0'), tensor(0.0540, device='cuda:0'), tensor(0.0287, device='cuda:0'), tensor(0.0530, device='cuda:0'), tensor(0.0889, device='cuda:0'), tensor(0.0564, device='cuda:0'), tensor(0.0346, device='cuda:0'), tensor(0.0430, device='cuda:0'), tensor(0.0864, device='cuda:0'), tensor(0.0367, device='cuda:0'), tensor(0.0862, device='cuda:0'), tensor(0.0554, device='cuda:0'), tensor(0.0596, device='cuda:0'), tensor(0.3200, device='cuda:0'), tensor(0.0909, device='cuda:0'), tensor(0.0684, device='cuda:0'), tensor(0.1316, device='cuda:0'), tensor(0.0768, device='cuda:0'), tensor(0.1150, device='cuda:0'), tensor(0.0479, device='cuda:0'), tensor(0.0724, device='cuda:0'), tensor(0.0323, device='cuda:0'), tensor(0.0559, device='cuda:0'), tensor(0.0640, device='cuda:0'), tensor(0.0620, device='cuda:0'), tensor(0.0714, device='cuda:0'), tensor(0.0652, device='cuda:0'), tensor(0.0508, device='cuda:0'), tensor(0.0892, device='cuda:0'), tensor(0.0680, device='cuda:0'), tensor(0.2914, device='cuda:0'), tensor(0.0414, device='cuda:0'), tensor(0.1029, device='cuda:0'), tensor(0.0890, device='cuda:0'), tensor(0.1357, device='cuda:0'), tensor(0.1264, device='cuda:0'), tensor(0.1078, device='cuda:0'), tensor(0.0835, device='cuda:0'), tensor(0.0736, device='cuda:0'), tensor(0.0747, device='cuda:0'), tensor(0.0587, device='cuda:0'), tensor(0.1056, device='cuda:0'), tensor(0.0441, device='cuda:0'), tensor(0.0810, device='cuda:0'), tensor(0.0630, device='cuda:0'), tensor(0.0640, device='cuda:0'), tensor(0.0980, device='cuda:0'), tensor(0.0772, device='cuda:0'), tensor(0.0684, device='cuda:0'), tensor(0.0765, device='cuda:0'), tensor(0.0694, device='cuda:0'), tensor(0.0339, device='cuda:0'), tensor(0.0718, device='cuda:0'), tensor(0.0314, device='cuda:0'), tensor(0.0692, device='cuda:0'), tensor(0.0433, device='cuda:0'), tensor(0.0422, device='cuda:0'), tensor(0.0608, device='cuda:0'), tensor(0.1042, device='cuda:0'), tensor(0.0523, device='cuda:0'), tensor(0.0417, device='cuda:0'), tensor(0.0377, device='cuda:0'), tensor(0.0624, device='cuda:0'), tensor(0.0592, device='cuda:0'), tensor(0.0979, device='cuda:0'), tensor(0.1045, device='cuda:0'), tensor(0.0552, device='cuda:0'), tensor(0.0805, device='cuda:0'), tensor(0.0416, device='cuda:0'), tensor(0.0571, device='cuda:0'), tensor(0.0720, device='cuda:0'), tensor(0.0887, device='cuda:0'), tensor(0.0707, device='cuda:0'), tensor(0.1304, device='cuda:0'), tensor(0.0661, device='cuda:0'), tensor(0.0686, device='cuda:0'), tensor(0.0640, device='cuda:0'), tensor(0.0965, device='cuda:0'), tensor(0.0879, device='cuda:0'), tensor(0.0621, device='cuda:0'), tensor(0.0712, device='cuda:0'), tensor(0.0559, device='cuda:0'), tensor(0.0619, device='cuda:0'), tensor(0.0977, device='cuda:0'), tensor(0.0754, device='cuda:0'), tensor(0.0450, device='cuda:0'), tensor(0.0465, device='cuda:0'), tensor(0.0875, device='cuda:0'), tensor(0.0585, device='cuda:0'), tensor(0.0493, device='cuda:0'), tensor(0.1042, device='cuda:0'), tensor(0.0693, device='cuda:0'), tensor(0.0908, device='cuda:0'), tensor(0.0554, device='cuda:0'), tensor(0.0608, device='cuda:0'), tensor(0.0710, device='cuda:0'), tensor(0.0932, device='cuda:0'), tensor(0.0504, device='cuda:0'), tensor(0.0833, device='cuda:0'), tensor(0.0438, device='cuda:0'), tensor(0.0955, device='cuda:0'), tensor(0.0502, device='cuda:0'), tensor(0.0465, device='cuda:0'), tensor(0.0985, device='cuda:0'), tensor(0.0924, device='cuda:0'), tensor(0.0983, device='cuda:0'), tensor(0.0441, device='cuda:0'), tensor(0.1302, device='cuda:0'), tensor(0.1029, device='cuda:0'), tensor(0.0468, device='cuda:0'), tensor(0.0668, device='cuda:0'), tensor(0.1082, device='cuda:0'), tensor(0.0728, device='cuda:0'), tensor(0.1148, device='cuda:0'), tensor(0.0804, device='cuda:0'), tensor(0.0691, device='cuda:0'), tensor(0.0713, device='cuda:0'), tensor(0.0783, device='cuda:0')]"
99,"[tensor(0.2863, device='cuda:0'), tensor(0.0314, device='cuda:0'), tensor(0.0715, device='cuda:0'), tensor(0.0290, device='cuda:0'), tensor(0.0403, device='cuda:0'), tensor(0.0642, device='cuda:0'), tensor(0.0304, device='cuda:0'), tensor(0.0576, device='cuda:0'), tensor(0.0533, device='cuda:0'), tensor(0.0432, device='cuda:0'), tensor(0.0479, device='cuda:0'), tensor(0.0626, device='cuda:0'), tensor(0.0345, device='cuda:0'), tensor(0.0761, device='cuda:0'), tensor(0.0890, device='cuda:0'), tensor(0.0770, device='cuda:0'), tensor(0.0591, device='cuda:0'), tensor(0.0354, device='cuda:0'), tensor(0.0370, device='cuda:0'), tensor(0.0883, device='cuda:0'), tensor(0.0351, device='cuda:0'), tensor(0.0418, device='cuda:0'), tensor(0.0454, device='cuda:0'), tensor(0.1376, device='cuda:0'), tensor(0.0344, device='cuda:0'), tensor(0.0347, device='cuda:0'), tensor(0.0788, device='cuda:0'), tensor(0.0628, device='cuda:0'), tensor(0.0509, device='cuda:0'), tensor(0.0659, device='cuda:0'), tensor(0.0319, device='cuda:0'), tensor(0.1720, device='cuda:0'), tensor(0.0828, device='cuda:0'), tensor(0.1022, device='cuda:0'), tensor(0.0338, device='cuda:0'), tensor(0.0985, device='cuda:0'), tensor(0.0586, device='cuda:0'), tensor(0.0474, device='cuda:0'), tensor(0.0367, device='cuda:0'), tensor(0.0856, device='cuda:0'), tensor(0.0392, device='cuda:0'), tensor(0.0403, device='cuda:0'), tensor(0.0383, device='cuda:0'), tensor(0.0688, device='cuda:0'), tensor(0.0669, device='cuda:0'), tensor(0.0372, device='cuda:0'), tensor(0.0597, device='cuda:0'), tensor(0.0343, device='cuda:0'), tensor(0.0481, device='cuda:0'), tensor(0.0575, device='cuda:0'), tensor(0.0488, device='cuda:0'), tensor(0.0369, device='cuda:0'), tensor(0.1574, device='cuda:0'), tensor(0.0319, device='cuda:0'), tensor(0.0372, device='cuda:0'), tensor(0.0697, device='cuda:0'), tensor(0.0511, device='cuda:0'), tensor(0.0694, device='cuda:0'), tensor(0.0734, device='cuda:0'), tensor(0.0709, device='cuda:0'), tensor(0.0716, device='cuda:0'), tensor(0.0432, device='cuda:0'), tensor(0.0674, device='cuda:0'), tensor(0.0341, device='cuda:0'), tensor(0.0844, device='cuda:0'), tensor(0.0635, device='cuda:0'), tensor(0.0416, device='cuda:0'), tensor(0.0837, device='cuda:0'), tensor(0.0389, device='cuda:0'), tensor(0.0357, device='cuda:0'), tensor(0.0752, device='cuda:0'), tensor(0.0520, device='cuda:0'), tensor(0.0903, device='cuda:0'), tensor(0.0473, device='cuda:0'), tensor(0.0350, device='cuda:0'), tensor(0.0380, device='cuda:0'), tensor(0.0591, device='cuda:0'), tensor(0.0599, device='cuda:0'), tensor(0.0604, device='cuda:0'), tensor(0.0775, device='cuda:0'), tensor(0.0417, device='cuda:0'), tensor(0.0599, device='cuda:0'), tensor(0.0497, device='cuda:0'), tensor(0.1085, device='cuda:0'), tensor(0.0344, device='cuda:0'), tensor(0.0394, device='cuda:0'), tensor(0.0577, device='cuda:0'), tensor(0.0385, device='cuda:0'), tensor(0.0787, device='cuda:0'), tensor(0.0703, device='cuda:0'), tensor(0.1127, device='cuda:0'), tensor(0.0356, device='cuda:0'), tensor(0.0423, device='cuda:0'), tensor(0.0874, device='cuda:0'), tensor(0.0365, device='cuda:0'), tensor(0.0343, device='cuda:0'), tensor(0.0728, device='cuda:0'), tensor(0.0338, device='cuda:0'), tensor(0.0659, device='cuda:0'), tensor(0.0402, device='cuda:0'), tensor(0.0326, device='cuda:0'), tensor(0.0505, device='cuda:0'), tensor(0.0406, device='cuda:0'), tensor(0.1044, device='cuda:0'), tensor(0.0752, device='cuda:0'), tensor(0.0565, device='cuda:0'), tensor(0.1339, device='cuda:0'), tensor(0.0668, device='cuda:0'), tensor(0.0451, device='cuda:0'), tensor(0.1678, device='cuda:0'), tensor(0.0604, device='cuda:0'), tensor(0.0328, device='cuda:0'), tensor(0.0476, device='cuda:0'), tensor(0.0622, device='cuda:0'), tensor(0.1028, device='cuda:0'), tensor(0.0896, device='cuda:0'), tensor(0.0868, device='cuda:0'), tensor(0.0538, device='cuda:0'), tensor(0.0435, device='cuda:0'), tensor(0.0398, device='cuda:0'), tensor(0.0748, device='cuda:0'), tensor(0.0575, device='cuda:0')]"
