out_deg_centrality,[19  6 12 17]
0,"[tensor(0.0046, device='cuda:5'), tensor(0.0046, device='cuda:5'), tensor(0.0046, device='cuda:5'), tensor(0.0046, device='cuda:5'), tensor(0.0046, device='cuda:5'), tensor(0.0046, device='cuda:5'), tensor(0.0046, device='cuda:5'), tensor(0.0046, device='cuda:5'), tensor(0.0046, device='cuda:5'), tensor(0.0046, device='cuda:5'), tensor(0.0046, device='cuda:5'), tensor(0.0046, device='cuda:5'), tensor(0.0046, device='cuda:5'), tensor(0.0046, device='cuda:5'), tensor(0.0046, device='cuda:5'), tensor(0.0046, device='cuda:5'), tensor(0.0046, device='cuda:5'), tensor(0.0046, device='cuda:5'), tensor(0.0046, device='cuda:5'), tensor(0.0046, device='cuda:5')]"
1,"[tensor(0.0046, device='cuda:5'), tensor(0.0046, device='cuda:5'), tensor(0.0046, device='cuda:5'), tensor(0.0046, device='cuda:5'), tensor(0.0046, device='cuda:5'), tensor(0.0046, device='cuda:5'), tensor(0.0046, device='cuda:5'), tensor(0.0046, device='cuda:5'), tensor(0.0046, device='cuda:5'), tensor(0.0046, device='cuda:5'), tensor(0.0046, device='cuda:5'), tensor(0.0046, device='cuda:5'), tensor(0.0046, device='cuda:5'), tensor(0.0046, device='cuda:5'), tensor(0.0046, device='cuda:5'), tensor(0.0046, device='cuda:5'), tensor(0.0046, device='cuda:5'), tensor(0.0046, device='cuda:5'), tensor(0.0046, device='cuda:5'), tensor(0.0046, device='cuda:5')]"
2,"[tensor(0.0046, device='cuda:5'), tensor(0.0046, device='cuda:5'), tensor(0.0046, device='cuda:5'), tensor(0.0046, device='cuda:5'), tensor(0.0046, device='cuda:5'), tensor(0.0046, device='cuda:5'), tensor(0.0046, device='cuda:5'), tensor(0.0046, device='cuda:5'), tensor(0.0046, device='cuda:5'), tensor(0.0046, device='cuda:5'), tensor(0.0046, device='cuda:5'), tensor(0.0046, device='cuda:5'), tensor(0.0046, device='cuda:5'), tensor(0.0046, device='cuda:5'), tensor(0.0046, device='cuda:5'), tensor(0.0046, device='cuda:5'), tensor(0.0046, device='cuda:5'), tensor(0.0046, device='cuda:5'), tensor(0.0046, device='cuda:5'), tensor(0.0046, device='cuda:5')]"
3,"[tensor(0.0046, device='cuda:5'), tensor(0.0046, device='cuda:5'), tensor(0.0046, device='cuda:5'), tensor(0.0046, device='cuda:5'), tensor(0.0046, device='cuda:5'), tensor(0.0046, device='cuda:5'), tensor(0.0046, device='cuda:5'), tensor(0.0046, device='cuda:5'), tensor(0.0046, device='cuda:5'), tensor(0.0046, device='cuda:5'), tensor(0.0046, device='cuda:5'), tensor(0.0046, device='cuda:5'), tensor(0.0046, device='cuda:5'), tensor(0.0046, device='cuda:5'), tensor(0.0046, device='cuda:5'), tensor(0.0046, device='cuda:5'), tensor(0.0046, device='cuda:5'), tensor(0.0046, device='cuda:5'), tensor(0.0046, device='cuda:5'), tensor(0.0046, device='cuda:5')]"
4,"[tensor(0.0046, device='cuda:5'), tensor(0.0046, device='cuda:5'), tensor(0.0046, device='cuda:5'), tensor(0.0046, device='cuda:5'), tensor(0.0046, device='cuda:5'), tensor(0.0046, device='cuda:5'), tensor(0.0046, device='cuda:5'), tensor(0.0046, device='cuda:5'), tensor(0.0046, device='cuda:5'), tensor(0.0046, device='cuda:5'), tensor(0.0046, device='cuda:5'), tensor(0.0046, device='cuda:5'), tensor(0.0046, device='cuda:5'), tensor(0.0046, device='cuda:5'), tensor(0.0046, device='cuda:5'), tensor(0.0045, device='cuda:5'), tensor(0.0046, device='cuda:5'), tensor(0.0046, device='cuda:5'), tensor(0.0046, device='cuda:5'), tensor(0.0046, device='cuda:5')]"
5,"[tensor(0.0046, device='cuda:5'), tensor(0.0046, device='cuda:5'), tensor(0.0046, device='cuda:5'), tensor(0.0046, device='cuda:5'), tensor(0.0046, device='cuda:5'), tensor(0.0046, device='cuda:5'), tensor(0.0046, device='cuda:5'), tensor(0.0046, device='cuda:5'), tensor(0.0046, device='cuda:5'), tensor(0.0046, device='cuda:5'), tensor(0.0046, device='cuda:5'), tensor(0.0046, device='cuda:5'), tensor(0.0046, device='cuda:5'), tensor(0.0046, device='cuda:5'), tensor(0.0046, device='cuda:5'), tensor(0.0045, device='cuda:5'), tensor(0.0046, device='cuda:5'), tensor(0.0046, device='cuda:5'), tensor(0.0046, device='cuda:5'), tensor(0.0046, device='cuda:5')]"
6,"[tensor(0.0046, device='cuda:5'), tensor(0.0045, device='cuda:5'), tensor(0.0046, device='cuda:5'), tensor(0.0046, device='cuda:5'), tensor(0.0045, device='cuda:5'), tensor(0.0045, device='cuda:5'), tensor(0.0046, device='cuda:5'), tensor(0.0046, device='cuda:5'), tensor(0.0046, device='cuda:5'), tensor(0.0046, device='cuda:5'), tensor(0.0046, device='cuda:5'), tensor(0.0046, device='cuda:5'), tensor(0.0046, device='cuda:5'), tensor(0.0046, device='cuda:5'), tensor(0.0046, device='cuda:5'), tensor(0.0045, device='cuda:5'), tensor(0.0045, device='cuda:5'), tensor(0.0046, device='cuda:5'), tensor(0.0046, device='cuda:5'), tensor(0.0046, device='cuda:5')]"
7,"[tensor(0.0045, device='cuda:5'), tensor(0.0045, device='cuda:5'), tensor(0.0045, device='cuda:5'), tensor(0.0045, device='cuda:5'), tensor(0.0045, device='cuda:5'), tensor(0.0045, device='cuda:5'), tensor(0.0045, device='cuda:5'), tensor(0.0045, device='cuda:5'), tensor(0.0045, device='cuda:5'), tensor(0.0045, device='cuda:5'), tensor(0.0045, device='cuda:5'), tensor(0.0045, device='cuda:5'), tensor(0.0045, device='cuda:5'), tensor(0.0045, device='cuda:5'), tensor(0.0045, device='cuda:5'), tensor(0.0045, device='cuda:5'), tensor(0.0045, device='cuda:5'), tensor(0.0045, device='cuda:5'), tensor(0.0045, device='cuda:5'), tensor(0.0045, device='cuda:5')]"
8,"[tensor(0.0045, device='cuda:5'), tensor(0.0044, device='cuda:5'), tensor(0.0045, device='cuda:5'), tensor(0.0045, device='cuda:5'), tensor(0.0045, device='cuda:5'), tensor(0.0045, device='cuda:5'), tensor(0.0045, device='cuda:5'), tensor(0.0045, device='cuda:5'), tensor(0.0045, device='cuda:5'), tensor(0.0045, device='cuda:5'), tensor(0.0045, device='cuda:5'), tensor(0.0045, device='cuda:5'), tensor(0.0045, device='cuda:5'), tensor(0.0045, device='cuda:5'), tensor(0.0045, device='cuda:5'), tensor(0.0045, device='cuda:5'), tensor(0.0044, device='cuda:5'), tensor(0.0045, device='cuda:5'), tensor(0.0045, device='cuda:5'), tensor(0.0045, device='cuda:5')]"
9,"[tensor(0.0044, device='cuda:5'), tensor(0.0044, device='cuda:5'), tensor(0.0044, device='cuda:5'), tensor(0.0044, device='cuda:5'), tensor(0.0044, device='cuda:5'), tensor(0.0044, device='cuda:5'), tensor(0.0044, device='cuda:5'), tensor(0.0044, device='cuda:5'), tensor(0.0044, device='cuda:5'), tensor(0.0044, device='cuda:5'), tensor(0.0045, device='cuda:5'), tensor(0.0044, device='cuda:5'), tensor(0.0044, device='cuda:5'), tensor(0.0044, device='cuda:5'), tensor(0.0045, device='cuda:5'), tensor(0.0045, device='cuda:5'), tensor(0.0044, device='cuda:5'), tensor(0.0044, device='cuda:5'), tensor(0.0044, device='cuda:5'), tensor(0.0044, device='cuda:5')]"
10,"[tensor(0.0044, device='cuda:5'), tensor(0.0043, device='cuda:5'), tensor(0.0043, device='cuda:5'), tensor(0.0044, device='cuda:5'), tensor(0.0044, device='cuda:5'), tensor(0.0044, device='cuda:5'), tensor(0.0043, device='cuda:5'), tensor(0.0043, device='cuda:5'), tensor(0.0043, device='cuda:5'), tensor(0.0043, device='cuda:5'), tensor(0.0044, device='cuda:5'), tensor(0.0043, device='cuda:5'), tensor(0.0043, device='cuda:5'), tensor(0.0043, device='cuda:5'), tensor(0.0044, device='cuda:5'), tensor(0.0044, device='cuda:5'), tensor(0.0043, device='cuda:5'), tensor(0.0043, device='cuda:5'), tensor(0.0043, device='cuda:5'), tensor(0.0043, device='cuda:5')]"
11,"[tensor(0.0043, device='cuda:5'), tensor(0.0043, device='cuda:5'), tensor(0.0042, device='cuda:5'), tensor(0.0043, device='cuda:5'), tensor(0.0043, device='cuda:5'), tensor(0.0043, device='cuda:5'), tensor(0.0042, device='cuda:5'), tensor(0.0043, device='cuda:5'), tensor(0.0042, device='cuda:5'), tensor(0.0043, device='cuda:5'), tensor(0.0043, device='cuda:5'), tensor(0.0043, device='cuda:5'), tensor(0.0042, device='cuda:5'), tensor(0.0042, device='cuda:5'), tensor(0.0044, device='cuda:5'), tensor(0.0044, device='cuda:5'), tensor(0.0043, device='cuda:5'), tensor(0.0042, device='cuda:5'), tensor(0.0043, device='cuda:5'), tensor(0.0042, device='cuda:5')]"
12,"[tensor(0.0042, device='cuda:5'), tensor(0.0042, device='cuda:5'), tensor(0.0041, device='cuda:5'), tensor(0.0044, device='cuda:5'), tensor(0.0044, device='cuda:5'), tensor(0.0043, device='cuda:5'), tensor(0.0041, device='cuda:5'), tensor(0.0041, device='cuda:5'), tensor(0.0042, device='cuda:5'), tensor(0.0042, device='cuda:5'), tensor(0.0043, device='cuda:5'), tensor(0.0043, device='cuda:5'), tensor(0.0042, device='cuda:5'), tensor(0.0042, device='cuda:5'), tensor(0.0042, device='cuda:5'), tensor(0.0043, device='cuda:5'), tensor(0.0042, device='cuda:5'), tensor(0.0041, device='cuda:5'), tensor(0.0041, device='cuda:5'), tensor(0.0041, device='cuda:5')]"
13,"[tensor(0.0042, device='cuda:5'), tensor(0.0042, device='cuda:5'), tensor(0.0041, device='cuda:5'), tensor(0.0043, device='cuda:5'), tensor(0.0042, device='cuda:5'), tensor(0.0043, device='cuda:5'), tensor(0.0042, device='cuda:5'), tensor(0.0042, device='cuda:5'), tensor(0.0041, device='cuda:5'), tensor(0.0042, device='cuda:5'), tensor(0.0042, device='cuda:5'), tensor(0.0042, device='cuda:5'), tensor(0.0041, device='cuda:5'), tensor(0.0041, device='cuda:5'), tensor(0.0042, device='cuda:5'), tensor(0.0043, device='cuda:5'), tensor(0.0043, device='cuda:5'), tensor(0.0042, device='cuda:5'), tensor(0.0041, device='cuda:5'), tensor(0.0040, device='cuda:5')]"
14,"[tensor(0.0041, device='cuda:5'), tensor(0.0042, device='cuda:5'), tensor(0.0040, device='cuda:5'), tensor(0.0043, device='cuda:5'), tensor(0.0043, device='cuda:5'), tensor(0.0043, device='cuda:5'), tensor(0.0041, device='cuda:5'), tensor(0.0040, device='cuda:5'), tensor(0.0042, device='cuda:5'), tensor(0.0042, device='cuda:5'), tensor(0.0042, device='cuda:5'), tensor(0.0043, device='cuda:5'), tensor(0.0042, device='cuda:5'), tensor(0.0042, device='cuda:5'), tensor(0.0041, device='cuda:5'), tensor(0.0042, device='cuda:5'), tensor(0.0041, device='cuda:5'), tensor(0.0041, device='cuda:5'), tensor(0.0040, device='cuda:5'), tensor(0.0041, device='cuda:5')]"
15,"[tensor(0.0042, device='cuda:5'), tensor(0.0042, device='cuda:5'), tensor(0.0041, device='cuda:5'), tensor(0.0043, device='cuda:5'), tensor(0.0042, device='cuda:5'), tensor(0.0043, device='cuda:5'), tensor(0.0042, device='cuda:5'), tensor(0.0042, device='cuda:5'), tensor(0.0041, device='cuda:5'), tensor(0.0042, device='cuda:5'), tensor(0.0040, device='cuda:5'), tensor(0.0042, device='cuda:5'), tensor(0.0041, device='cuda:5'), tensor(0.0040, device='cuda:5'), tensor(0.0042, device='cuda:5'), tensor(0.0042, device='cuda:5'), tensor(0.0043, device='cuda:5'), tensor(0.0042, device='cuda:5'), tensor(0.0040, device='cuda:5'), tensor(0.0040, device='cuda:5')]"
16,"[tensor(0.0042, device='cuda:5'), tensor(0.0042, device='cuda:5'), tensor(0.0040, device='cuda:5'), tensor(0.0043, device='cuda:5'), tensor(0.0043, device='cuda:5'), tensor(0.0043, device='cuda:5'), tensor(0.0041, device='cuda:5'), tensor(0.0040, device='cuda:5'), tensor(0.0041, device='cuda:5'), tensor(0.0041, device='cuda:5'), tensor(0.0042, device='cuda:5'), tensor(0.0043, device='cuda:5'), tensor(0.0042, device='cuda:5'), tensor(0.0042, device='cuda:5'), tensor(0.0040, device='cuda:5'), tensor(0.0041, device='cuda:5'), tensor(0.0041, device='cuda:5'), tensor(0.0041, device='cuda:5'), tensor(0.0040, device='cuda:5'), tensor(0.0041, device='cuda:5')]"
17,"[tensor(0.0043, device='cuda:5'), tensor(0.0042, device='cuda:5'), tensor(0.0041, device='cuda:5'), tensor(0.0043, device='cuda:5'), tensor(0.0041, device='cuda:5'), tensor(0.0042, device='cuda:5'), tensor(0.0042, device='cuda:5'), tensor(0.0042, device='cuda:5'), tensor(0.0040, device='cuda:5'), tensor(0.0042, device='cuda:5'), tensor(0.0040, device='cuda:5'), tensor(0.0042, device='cuda:5'), tensor(0.0041, device='cuda:5'), tensor(0.0040, device='cuda:5'), tensor(0.0042, device='cuda:5'), tensor(0.0042, device='cuda:5'), tensor(0.0043, device='cuda:5'), tensor(0.0041, device='cuda:5'), tensor(0.0040, device='cuda:5'), tensor(0.0040, device='cuda:5')]"
18,"[tensor(0.0042, device='cuda:5'), tensor(0.0042, device='cuda:5'), tensor(0.0040, device='cuda:5'), tensor(0.0043, device='cuda:5'), tensor(0.0043, device='cuda:5'), tensor(0.0043, device='cuda:5'), tensor(0.0041, device='cuda:5'), tensor(0.0039, device='cuda:5'), tensor(0.0041, device='cuda:5'), tensor(0.0041, device='cuda:5'), tensor(0.0042, device='cuda:5'), tensor(0.0043, device='cuda:5'), tensor(0.0042, device='cuda:5'), tensor(0.0042, device='cuda:5'), tensor(0.0040, device='cuda:5'), tensor(0.0040, device='cuda:5'), tensor(0.0041, device='cuda:5'), tensor(0.0040, device='cuda:5'), tensor(0.0041, device='cuda:5'), tensor(0.0041, device='cuda:5')]"
19,"[tensor(0.0043, device='cuda:5'), tensor(0.0041, device='cuda:5'), tensor(0.0041, device='cuda:5'), tensor(0.0043, device='cuda:5'), tensor(0.0041, device='cuda:5'), tensor(0.0042, device='cuda:5'), tensor(0.0042, device='cuda:5'), tensor(0.0042, device='cuda:5'), tensor(0.0040, device='cuda:5'), tensor(0.0042, device='cuda:5'), tensor(0.0039, device='cuda:5'), tensor(0.0042, device='cuda:5'), tensor(0.0040, device='cuda:5'), tensor(0.0040, device='cuda:5'), tensor(0.0042, device='cuda:5'), tensor(0.0041, device='cuda:5'), tensor(0.0042, device='cuda:5'), tensor(0.0041, device='cuda:5'), tensor(0.0041, device='cuda:5'), tensor(0.0040, device='cuda:5')]"
20,"[tensor(0.0042, device='cuda:5'), tensor(0.0042, device='cuda:5'), tensor(0.0040, device='cuda:5'), tensor(0.0043, device='cuda:5'), tensor(0.0042, device='cuda:5'), tensor(0.0042, device='cuda:5'), tensor(0.0041, device='cuda:5'), tensor(0.0039, device='cuda:5'), tensor(0.0041, device='cuda:5'), tensor(0.0040, device='cuda:5'), tensor(0.0041, device='cuda:5'), tensor(0.0042, device='cuda:5'), tensor(0.0042, device='cuda:5'), tensor(0.0041, device='cuda:5'), tensor(0.0040, device='cuda:5'), tensor(0.0040, device='cuda:5'), tensor(0.0041, device='cuda:5'), tensor(0.0040, device='cuda:5'), tensor(0.0041, device='cuda:5'), tensor(0.0041, device='cuda:5')]"
21,"[tensor(0.0043, device='cuda:5'), tensor(0.0041, device='cuda:5'), tensor(0.0041, device='cuda:5'), tensor(0.0043, device='cuda:5'), tensor(0.0041, device='cuda:5'), tensor(0.0042, device='cuda:5'), tensor(0.0042, device='cuda:5'), tensor(0.0041, device='cuda:5'), tensor(0.0040, device='cuda:5'), tensor(0.0041, device='cuda:5'), tensor(0.0039, device='cuda:5'), tensor(0.0042, device='cuda:5'), tensor(0.0040, device='cuda:5'), tensor(0.0040, device='cuda:5'), tensor(0.0042, device='cuda:5'), tensor(0.0041, device='cuda:5'), tensor(0.0042, device='cuda:5'), tensor(0.0041, device='cuda:5'), tensor(0.0041, device='cuda:5'), tensor(0.0040, device='cuda:5')]"
22,"[tensor(0.0042, device='cuda:5'), tensor(0.0041, device='cuda:5'), tensor(0.0041, device='cuda:5'), tensor(0.0043, device='cuda:5'), tensor(0.0042, device='cuda:5'), tensor(0.0042, device='cuda:5'), tensor(0.0041, device='cuda:5'), tensor(0.0039, device='cuda:5'), tensor(0.0041, device='cuda:5'), tensor(0.0040, device='cuda:5'), tensor(0.0041, device='cuda:5'), tensor(0.0042, device='cuda:5'), tensor(0.0042, device='cuda:5'), tensor(0.0041, device='cuda:5'), tensor(0.0040, device='cuda:5'), tensor(0.0039, device='cuda:5'), tensor(0.0041, device='cuda:5'), tensor(0.0040, device='cuda:5'), tensor(0.0041, device='cuda:5'), tensor(0.0041, device='cuda:5')]"
23,"[tensor(0.0042, device='cuda:5'), tensor(0.0041, device='cuda:5'), tensor(0.0041, device='cuda:5'), tensor(0.0042, device='cuda:5'), tensor(0.0041, device='cuda:5'), tensor(0.0042, device='cuda:5'), tensor(0.0041, device='cuda:5'), tensor(0.0041, device='cuda:5'), tensor(0.0040, device='cuda:5'), tensor(0.0041, device='cuda:5'), tensor(0.0039, device='cuda:5'), tensor(0.0042, device='cuda:5'), tensor(0.0040, device='cuda:5'), tensor(0.0040, device='cuda:5'), tensor(0.0042, device='cuda:5'), tensor(0.0041, device='cuda:5'), tensor(0.0041, device='cuda:5'), tensor(0.0041, device='cuda:5'), tensor(0.0040, device='cuda:5'), tensor(0.0040, device='cuda:5')]"
24,"[tensor(0.0042, device='cuda:5'), tensor(0.0041, device='cuda:5'), tensor(0.0040, device='cuda:5'), tensor(0.0043, device='cuda:5'), tensor(0.0041, device='cuda:5'), tensor(0.0042, device='cuda:5'), tensor(0.0041, device='cuda:5'), tensor(0.0039, device='cuda:5'), tensor(0.0041, device='cuda:5'), tensor(0.0040, device='cuda:5'), tensor(0.0041, device='cuda:5'), tensor(0.0041, device='cuda:5'), tensor(0.0042, device='cuda:5'), tensor(0.0041, device='cuda:5'), tensor(0.0040, device='cuda:5'), tensor(0.0039, device='cuda:5'), tensor(0.0041, device='cuda:5'), tensor(0.0039, device='cuda:5'), tensor(0.0041, device='cuda:5'), tensor(0.0041, device='cuda:5')]"
25,"[tensor(0.0042, device='cuda:5'), tensor(0.0041, device='cuda:5'), tensor(0.0041, device='cuda:5'), tensor(0.0042, device='cuda:5'), tensor(0.0041, device='cuda:5'), tensor(0.0041, device='cuda:5'), tensor(0.0041, device='cuda:5'), tensor(0.0041, device='cuda:5'), tensor(0.0040, device='cuda:5'), tensor(0.0041, device='cuda:5'), tensor(0.0039, device='cuda:5'), tensor(0.0042, device='cuda:5'), tensor(0.0040, device='cuda:5'), tensor(0.0039, device='cuda:5'), tensor(0.0041, device='cuda:5'), tensor(0.0040, device='cuda:5'), tensor(0.0041, device='cuda:5'), tensor(0.0040, device='cuda:5'), tensor(0.0040, device='cuda:5'), tensor(0.0039, device='cuda:5')]"
26,"[tensor(0.0041, device='cuda:5'), tensor(0.0041, device='cuda:5'), tensor(0.0040, device='cuda:5'), tensor(0.0043, device='cuda:5'), tensor(0.0041, device='cuda:5'), tensor(0.0042, device='cuda:5'), tensor(0.0039, device='cuda:5'), tensor(0.0039, device='cuda:5'), tensor(0.0040, device='cuda:5'), tensor(0.0040, device='cuda:5'), tensor(0.0040, device='cuda:5'), tensor(0.0041, device='cuda:5'), tensor(0.0042, device='cuda:5'), tensor(0.0040, device='cuda:5'), tensor(0.0040, device='cuda:5'), tensor(0.0039, device='cuda:5'), tensor(0.0041, device='cuda:5'), tensor(0.0038, device='cuda:5'), tensor(0.0040, device='cuda:5'), tensor(0.0041, device='cuda:5')]"
27,"[tensor(0.0042, device='cuda:5'), tensor(0.0041, device='cuda:5'), tensor(0.0041, device='cuda:5'), tensor(0.0041, device='cuda:5'), tensor(0.0041, device='cuda:5'), tensor(0.0041, device='cuda:5'), tensor(0.0041, device='cuda:5'), tensor(0.0041, device='cuda:5'), tensor(0.0039, device='cuda:5'), tensor(0.0040, device='cuda:5'), tensor(0.0039, device='cuda:5'), tensor(0.0042, device='cuda:5'), tensor(0.0038, device='cuda:5'), tensor(0.0037, device='cuda:5'), tensor(0.0041, device='cuda:5'), tensor(0.0039, device='cuda:5'), tensor(0.0040, device='cuda:5'), tensor(0.0041, device='cuda:5'), tensor(0.0039, device='cuda:5'), tensor(0.0041, device='cuda:5')]"
28,"[tensor(0.0040, device='cuda:5'), tensor(0.0041, device='cuda:5'), tensor(0.0041, device='cuda:5'), tensor(0.0042, device='cuda:5'), tensor(0.0041, device='cuda:5'), tensor(0.0042, device='cuda:5'), tensor(0.0039, device='cuda:5'), tensor(0.0039, device='cuda:5'), tensor(0.0041, device='cuda:5'), tensor(0.0038, device='cuda:5'), tensor(0.0039, device='cuda:5'), tensor(0.0041, device='cuda:5'), tensor(0.0042, device='cuda:5'), tensor(0.0041, device='cuda:5'), tensor(0.0039, device='cuda:5'), tensor(0.0039, device='cuda:5'), tensor(0.0041, device='cuda:5'), tensor(0.0039, device='cuda:5'), tensor(0.0041, device='cuda:5'), tensor(0.0039, device='cuda:5')]"
29,"[tensor(0.0042, device='cuda:5'), tensor(0.0041, device='cuda:5'), tensor(0.0040, device='cuda:5'), tensor(0.0041, device='cuda:5'), tensor(0.0041, device='cuda:5'), tensor(0.0041, device='cuda:5'), tensor(0.0042, device='cuda:5'), tensor(0.0041, device='cuda:5'), tensor(0.0038, device='cuda:5'), tensor(0.0041, device='cuda:5'), tensor(0.0040, device='cuda:5'), tensor(0.0041, device='cuda:5'), tensor(0.0038, device='cuda:5'), tensor(0.0037, device='cuda:5'), tensor(0.0041, device='cuda:5'), tensor(0.0039, device='cuda:5'), tensor(0.0040, device='cuda:5'), tensor(0.0040, device='cuda:5'), tensor(0.0038, device='cuda:5'), tensor(0.0041, device='cuda:5')]"
30,"[tensor(0.0040, device='cuda:5'), tensor(0.0040, device='cuda:5'), tensor(0.0041, device='cuda:5'), tensor(0.0042, device='cuda:5'), tensor(0.0040, device='cuda:5'), tensor(0.0042, device='cuda:5'), tensor(0.0039, device='cuda:5'), tensor(0.0038, device='cuda:5'), tensor(0.0041, device='cuda:5'), tensor(0.0038, device='cuda:5'), tensor(0.0038, device='cuda:5'), tensor(0.0040, device='cuda:5'), tensor(0.0042, device='cuda:5'), tensor(0.0041, device='cuda:5'), tensor(0.0039, device='cuda:5'), tensor(0.0039, device='cuda:5'), tensor(0.0041, device='cuda:5'), tensor(0.0040, device='cuda:5'), tensor(0.0042, device='cuda:5'), tensor(0.0038, device='cuda:5')]"
31,"[tensor(0.0042, device='cuda:5'), tensor(0.0041, device='cuda:5'), tensor(0.0038, device='cuda:5'), tensor(0.0041, device='cuda:5'), tensor(0.0041, device='cuda:5'), tensor(0.0040, device='cuda:5'), tensor(0.0042, device='cuda:5'), tensor(0.0041, device='cuda:5'), tensor(0.0038, device='cuda:5'), tensor(0.0041, device='cuda:5'), tensor(0.0040, device='cuda:5'), tensor(0.0041, device='cuda:5'), tensor(0.0038, device='cuda:5'), tensor(0.0038, device='cuda:5'), tensor(0.0041, device='cuda:5'), tensor(0.0038, device='cuda:5'), tensor(0.0040, device='cuda:5'), tensor(0.0038, device='cuda:5'), tensor(0.0038, device='cuda:5'), tensor(0.0041, device='cuda:5')]"
32,"[tensor(0.0040, device='cuda:5'), tensor(0.0040, device='cuda:5'), tensor(0.0042, device='cuda:5'), tensor(0.0042, device='cuda:5'), tensor(0.0040, device='cuda:5'), tensor(0.0042, device='cuda:5'), tensor(0.0038, device='cuda:5'), tensor(0.0038, device='cuda:5'), tensor(0.0041, device='cuda:5'), tensor(0.0038, device='cuda:5'), tensor(0.0038, device='cuda:5'), tensor(0.0040, device='cuda:5'), tensor(0.0042, device='cuda:5'), tensor(0.0040, device='cuda:5'), tensor(0.0039, device='cuda:5'), tensor(0.0040, device='cuda:5'), tensor(0.0041, device='cuda:5'), tensor(0.0041, device='cuda:5'), tensor(0.0042, device='cuda:5'), tensor(0.0038, device='cuda:5')]"
33,"[tensor(0.0041, device='cuda:5'), tensor(0.0041, device='cuda:5'), tensor(0.0038, device='cuda:5'), tensor(0.0041, device='cuda:5'), tensor(0.0041, device='cuda:5'), tensor(0.0040, device='cuda:5'), tensor(0.0042, device='cuda:5'), tensor(0.0041, device='cuda:5'), tensor(0.0038, device='cuda:5'), tensor(0.0040, device='cuda:5'), tensor(0.0040, device='cuda:5'), tensor(0.0040, device='cuda:5'), tensor(0.0038, device='cuda:5'), tensor(0.0039, device='cuda:5'), tensor(0.0041, device='cuda:5'), tensor(0.0038, device='cuda:5'), tensor(0.0039, device='cuda:5'), tensor(0.0038, device='cuda:5'), tensor(0.0037, device='cuda:5'), tensor(0.0042, device='cuda:5')]"
34,"[tensor(0.0040, device='cuda:5'), tensor(0.0040, device='cuda:5'), tensor(0.0042, device='cuda:5'), tensor(0.0041, device='cuda:5'), tensor(0.0040, device='cuda:5'), tensor(0.0042, device='cuda:5'), tensor(0.0038, device='cuda:5'), tensor(0.0038, device='cuda:5'), tensor(0.0041, device='cuda:5'), tensor(0.0038, device='cuda:5'), tensor(0.0038, device='cuda:5'), tensor(0.0041, device='cuda:5'), tensor(0.0041, device='cuda:5'), tensor(0.0038, device='cuda:5'), tensor(0.0038, device='cuda:5'), tensor(0.0040, device='cuda:5'), tensor(0.0040, device='cuda:5'), tensor(0.0041, device='cuda:5'), tensor(0.0042, device='cuda:5'), tensor(0.0037, device='cuda:5')]"
35,"[tensor(0.0040, device='cuda:5'), tensor(0.0041, device='cuda:5'), tensor(0.0037, device='cuda:5'), tensor(0.0041, device='cuda:5'), tensor(0.0040, device='cuda:5'), tensor(0.0040, device='cuda:5'), tensor(0.0042, device='cuda:5'), tensor(0.0041, device='cuda:5'), tensor(0.0038, device='cuda:5'), tensor(0.0039, device='cuda:5'), tensor(0.0040, device='cuda:5'), tensor(0.0040, device='cuda:5'), tensor(0.0038, device='cuda:5'), tensor(0.0040, device='cuda:5'), tensor(0.0041, device='cuda:5'), tensor(0.0038, device='cuda:5'), tensor(0.0039, device='cuda:5'), tensor(0.0037, device='cuda:5'), tensor(0.0037, device='cuda:5'), tensor(0.0042, device='cuda:5')]"
36,"[tensor(0.0040, device='cuda:5'), tensor(0.0039, device='cuda:5'), tensor(0.0041, device='cuda:5'), tensor(0.0040, device='cuda:5'), tensor(0.0039, device='cuda:5'), tensor(0.0041, device='cuda:5'), tensor(0.0038, device='cuda:5'), tensor(0.0038, device='cuda:5'), tensor(0.0041, device='cuda:5'), tensor(0.0039, device='cuda:5'), tensor(0.0037, device='cuda:5'), tensor(0.0041, device='cuda:5'), tensor(0.0041, device='cuda:5'), tensor(0.0038, device='cuda:5'), tensor(0.0038, device='cuda:5'), tensor(0.0040, device='cuda:5'), tensor(0.0040, device='cuda:5'), tensor(0.0041, device='cuda:5'), tensor(0.0042, device='cuda:5'), tensor(0.0037, device='cuda:5')]"
37,"[tensor(0.0039, device='cuda:5'), tensor(0.0040, device='cuda:5'), tensor(0.0037, device='cuda:5'), tensor(0.0041, device='cuda:5'), tensor(0.0040, device='cuda:5'), tensor(0.0039, device='cuda:5'), tensor(0.0041, device='cuda:5'), tensor(0.0040, device='cuda:5'), tensor(0.0038, device='cuda:5'), tensor(0.0039, device='cuda:5'), tensor(0.0040, device='cuda:5'), tensor(0.0039, device='cuda:5'), tensor(0.0038, device='cuda:5'), tensor(0.0040, device='cuda:5'), tensor(0.0040, device='cuda:5'), tensor(0.0038, device='cuda:5'), tensor(0.0039, device='cuda:5'), tensor(0.0037, device='cuda:5'), tensor(0.0036, device='cuda:5'), tensor(0.0041, device='cuda:5')]"
38,"[tensor(0.0040, device='cuda:5'), tensor(0.0039, device='cuda:5'), tensor(0.0041, device='cuda:5'), tensor(0.0040, device='cuda:5'), tensor(0.0039, device='cuda:5'), tensor(0.0041, device='cuda:5'), tensor(0.0038, device='cuda:5'), tensor(0.0038, device='cuda:5'), tensor(0.0040, device='cuda:5'), tensor(0.0039, device='cuda:5'), tensor(0.0037, device='cuda:5'), tensor(0.0040, device='cuda:5'), tensor(0.0039, device='cuda:5'), tensor(0.0037, device='cuda:5'), tensor(0.0038, device='cuda:5'), tensor(0.0039, device='cuda:5'), tensor(0.0039, device='cuda:5'), tensor(0.0041, device='cuda:5'), tensor(0.0041, device='cuda:5'), tensor(0.0037, device='cuda:5')]"
39,"[tensor(0.0039, device='cuda:5'), tensor(0.0040, device='cuda:5'), tensor(0.0036, device='cuda:5'), tensor(0.0041, device='cuda:5'), tensor(0.0040, device='cuda:5'), tensor(0.0039, device='cuda:5'), tensor(0.0041, device='cuda:5'), tensor(0.0039, device='cuda:5'), tensor(0.0038, device='cuda:5'), tensor(0.0038, device='cuda:5'), tensor(0.0039, device='cuda:5'), tensor(0.0039, device='cuda:5'), tensor(0.0039, device='cuda:5'), tensor(0.0040, device='cuda:5'), tensor(0.0040, device='cuda:5'), tensor(0.0037, device='cuda:5'), tensor(0.0039, device='cuda:5'), tensor(0.0037, device='cuda:5'), tensor(0.0036, device='cuda:5'), tensor(0.0041, device='cuda:5')]"
40,"[tensor(0.0040, device='cuda:5'), tensor(0.0038, device='cuda:5'), tensor(0.0041, device='cuda:5'), tensor(0.0039, device='cuda:5'), tensor(0.0039, device='cuda:5'), tensor(0.0041, device='cuda:5'), tensor(0.0038, device='cuda:5'), tensor(0.0038, device='cuda:5'), tensor(0.0039, device='cuda:5'), tensor(0.0039, device='cuda:5'), tensor(0.0037, device='cuda:5'), tensor(0.0040, device='cuda:5'), tensor(0.0038, device='cuda:5'), tensor(0.0037, device='cuda:5'), tensor(0.0038, device='cuda:5'), tensor(0.0039, device='cuda:5'), tensor(0.0038, device='cuda:5'), tensor(0.0041, device='cuda:5'), tensor(0.0041, device='cuda:5'), tensor(0.0036, device='cuda:5')]"
41,"[tensor(0.0038, device='cuda:5'), tensor(0.0039, device='cuda:5'), tensor(0.0036, device='cuda:5'), tensor(0.0040, device='cuda:5'), tensor(0.0039, device='cuda:5'), tensor(0.0038, device='cuda:5'), tensor(0.0040, device='cuda:5'), tensor(0.0038, device='cuda:5'), tensor(0.0038, device='cuda:5'), tensor(0.0037, device='cuda:5'), tensor(0.0039, device='cuda:5'), tensor(0.0038, device='cuda:5'), tensor(0.0040, device='cuda:5'), tensor(0.0040, device='cuda:5'), tensor(0.0039, device='cuda:5'), tensor(0.0037, device='cuda:5'), tensor(0.0038, device='cuda:5'), tensor(0.0036, device='cuda:5'), tensor(0.0036, device='cuda:5'), tensor(0.0041, device='cuda:5')]"
42,"[tensor(0.0040, device='cuda:5'), tensor(0.0038, device='cuda:5'), tensor(0.0040, device='cuda:5'), tensor(0.0038, device='cuda:5'), tensor(0.0038, device='cuda:5'), tensor(0.0040, device='cuda:5'), tensor(0.0039, device='cuda:5'), tensor(0.0038, device='cuda:5'), tensor(0.0038, device='cuda:5'), tensor(0.0039, device='cuda:5'), tensor(0.0037, device='cuda:5'), tensor(0.0040, device='cuda:5'), tensor(0.0037, device='cuda:5'), tensor(0.0036, device='cuda:5'), tensor(0.0038, device='cuda:5'), tensor(0.0039, device='cuda:5'), tensor(0.0037, device='cuda:5'), tensor(0.0041, device='cuda:5'), tensor(0.0040, device='cuda:5'), tensor(0.0036, device='cuda:5')]"
43,"[tensor(0.0037, device='cuda:5'), tensor(0.0038, device='cuda:5'), tensor(0.0036, device='cuda:5'), tensor(0.0040, device='cuda:5'), tensor(0.0038, device='cuda:5'), tensor(0.0038, device='cuda:5'), tensor(0.0038, device='cuda:5'), tensor(0.0037, device='cuda:5'), tensor(0.0038, device='cuda:5'), tensor(0.0036, device='cuda:5'), tensor(0.0039, device='cuda:5'), tensor(0.0038, device='cuda:5'), tensor(0.0040, device='cuda:5'), tensor(0.0039, device='cuda:5'), tensor(0.0039, device='cuda:5'), tensor(0.0037, device='cuda:5'), tensor(0.0038, device='cuda:5'), tensor(0.0035, device='cuda:5'), tensor(0.0036, device='cuda:5'), tensor(0.0041, device='cuda:5')]"
44,"[tensor(0.0040, device='cuda:5'), tensor(0.0037, device='cuda:5'), tensor(0.0040, device='cuda:5'), tensor(0.0038, device='cuda:5'), tensor(0.0038, device='cuda:5'), tensor(0.0040, device='cuda:5'), tensor(0.0040, device='cuda:5'), tensor(0.0038, device='cuda:5'), tensor(0.0037, device='cuda:5'), tensor(0.0039, device='cuda:5'), tensor(0.0036, device='cuda:5'), tensor(0.0039, device='cuda:5'), tensor(0.0036, device='cuda:5'), tensor(0.0035, device='cuda:5'), tensor(0.0037, device='cuda:5'), tensor(0.0038, device='cuda:5'), tensor(0.0037, device='cuda:5'), tensor(0.0040, device='cuda:5'), tensor(0.0039, device='cuda:5'), tensor(0.0035, device='cuda:5')]"
45,"[tensor(0.0036, device='cuda:5'), tensor(0.0038, device='cuda:5'), tensor(0.0035, device='cuda:5'), tensor(0.0039, device='cuda:5'), tensor(0.0037, device='cuda:5'), tensor(0.0037, device='cuda:5'), tensor(0.0037, device='cuda:5'), tensor(0.0036, device='cuda:5'), tensor(0.0038, device='cuda:5'), tensor(0.0035, device='cuda:5'), tensor(0.0038, device='cuda:5'), tensor(0.0037, device='cuda:5'), tensor(0.0040, device='cuda:5'), tensor(0.0039, device='cuda:5'), tensor(0.0038, device='cuda:5'), tensor(0.0036, device='cuda:5'), tensor(0.0038, device='cuda:5'), tensor(0.0035, device='cuda:5'), tensor(0.0036, device='cuda:5'), tensor(0.0040, device='cuda:5')]"
46,"[tensor(0.0040, device='cuda:5'), tensor(0.0037, device='cuda:5'), tensor(0.0039, device='cuda:5'), tensor(0.0037, device='cuda:5'), tensor(0.0038, device='cuda:5'), tensor(0.0039, device='cuda:5'), tensor(0.0040, device='cuda:5'), tensor(0.0038, device='cuda:5'), tensor(0.0036, device='cuda:5'), tensor(0.0039, device='cuda:5'), tensor(0.0036, device='cuda:5'), tensor(0.0039, device='cuda:5'), tensor(0.0035, device='cuda:5'), tensor(0.0034, device='cuda:5'), tensor(0.0037, device='cuda:5'), tensor(0.0038, device='cuda:5'), tensor(0.0036, device='cuda:5'), tensor(0.0040, device='cuda:5'), tensor(0.0038, device='cuda:5'), tensor(0.0035, device='cuda:5')]"
47,"[tensor(0.0035, device='cuda:5'), tensor(0.0037, device='cuda:5'), tensor(0.0035, device='cuda:5'), tensor(0.0039, device='cuda:5'), tensor(0.0036, device='cuda:5'), tensor(0.0037, device='cuda:5'), tensor(0.0036, device='cuda:5'), tensor(0.0035, device='cuda:5'), tensor(0.0038, device='cuda:5'), tensor(0.0035, device='cuda:5'), tensor(0.0037, device='cuda:5'), tensor(0.0037, device='cuda:5'), tensor(0.0040, device='cuda:5'), tensor(0.0039, device='cuda:5'), tensor(0.0037, device='cuda:5'), tensor(0.0036, device='cuda:5'), tensor(0.0037, device='cuda:5'), tensor(0.0034, device='cuda:5'), tensor(0.0036, device='cuda:5'), tensor(0.0040, device='cuda:5')]"
48,"[tensor(0.0040, device='cuda:5'), tensor(0.0036, device='cuda:5'), tensor(0.0039, device='cuda:5'), tensor(0.0036, device='cuda:5'), tensor(0.0037, device='cuda:5'), tensor(0.0038, device='cuda:5'), tensor(0.0040, device='cuda:5'), tensor(0.0038, device='cuda:5'), tensor(0.0035, device='cuda:5'), tensor(0.0039, device='cuda:5'), tensor(0.0036, device='cuda:5'), tensor(0.0038, device='cuda:5'), tensor(0.0034, device='cuda:5'), tensor(0.0033, device='cuda:5'), tensor(0.0036, device='cuda:5'), tensor(0.0037, device='cuda:5'), tensor(0.0036, device='cuda:5'), tensor(0.0040, device='cuda:5'), tensor(0.0036, device='cuda:5'), tensor(0.0034, device='cuda:5')]"
49,"[tensor(0.0034, device='cuda:5'), tensor(0.0037, device='cuda:5'), tensor(0.0035, device='cuda:5'), tensor(0.0038, device='cuda:5'), tensor(0.0036, device='cuda:5'), tensor(0.0036, device='cuda:5'), tensor(0.0035, device='cuda:5'), tensor(0.0034, device='cuda:5'), tensor(0.0038, device='cuda:5'), tensor(0.0034, device='cuda:5'), tensor(0.0035, device='cuda:5'), tensor(0.0036, device='cuda:5'), tensor(0.0040, device='cuda:5'), tensor(0.0039, device='cuda:5'), tensor(0.0036, device='cuda:5'), tensor(0.0036, device='cuda:5'), tensor(0.0036, device='cuda:5'), tensor(0.0034, device='cuda:5'), tensor(0.0036, device='cuda:5'), tensor(0.0039, device='cuda:5')]"
50,"[tensor(0.0039, device='cuda:5'), tensor(0.0036, device='cuda:5'), tensor(0.0038, device='cuda:5'), tensor(0.0035, device='cuda:5'), tensor(0.0036, device='cuda:5'), tensor(0.0038, device='cuda:5'), tensor(0.0039, device='cuda:5'), tensor(0.0038, device='cuda:5'), tensor(0.0034, device='cuda:5'), tensor(0.0038, device='cuda:5'), tensor(0.0035, device='cuda:5'), tensor(0.0037, device='cuda:5'), tensor(0.0033, device='cuda:5'), tensor(0.0033, device='cuda:5'), tensor(0.0035, device='cuda:5'), tensor(0.0036, device='cuda:5'), tensor(0.0035, device='cuda:5'), tensor(0.0039, device='cuda:5'), tensor(0.0035, device='cuda:5'), tensor(0.0034, device='cuda:5')]"
51,"[tensor(0.0034, device='cuda:5'), tensor(0.0036, device='cuda:5'), tensor(0.0035, device='cuda:5'), tensor(0.0038, device='cuda:5'), tensor(0.0036, device='cuda:5'), tensor(0.0035, device='cuda:5'), tensor(0.0035, device='cuda:5'), tensor(0.0034, device='cuda:5'), tensor(0.0038, device='cuda:5'), tensor(0.0033, device='cuda:5'), tensor(0.0034, device='cuda:5'), tensor(0.0036, device='cuda:5'), tensor(0.0040, device='cuda:5'), tensor(0.0039, device='cuda:5'), tensor(0.0036, device='cuda:5'), tensor(0.0035, device='cuda:5'), tensor(0.0036, device='cuda:5'), tensor(0.0034, device='cuda:5'), tensor(0.0035, device='cuda:5'), tensor(0.0039, device='cuda:5')]"
52,"[tensor(0.0039, device='cuda:5'), tensor(0.0035, device='cuda:5'), tensor(0.0037, device='cuda:5'), tensor(0.0035, device='cuda:5'), tensor(0.0036, device='cuda:5'), tensor(0.0037, device='cuda:5'), tensor(0.0039, device='cuda:5'), tensor(0.0038, device='cuda:5'), tensor(0.0034, device='cuda:5'), tensor(0.0038, device='cuda:5'), tensor(0.0035, device='cuda:5'), tensor(0.0037, device='cuda:5'), tensor(0.0033, device='cuda:5'), tensor(0.0032, device='cuda:5'), tensor(0.0035, device='cuda:5'), tensor(0.0034, device='cuda:5'), tensor(0.0035, device='cuda:5'), tensor(0.0039, device='cuda:5'), tensor(0.0035, device='cuda:5'), tensor(0.0034, device='cuda:5')]"
53,"[tensor(0.0033, device='cuda:5'), tensor(0.0036, device='cuda:5'), tensor(0.0034, device='cuda:5'), tensor(0.0037, device='cuda:5'), tensor(0.0035, device='cuda:5'), tensor(0.0035, device='cuda:5'), tensor(0.0034, device='cuda:5'), tensor(0.0033, device='cuda:5'), tensor(0.0038, device='cuda:5'), tensor(0.0033, device='cuda:5'), tensor(0.0033, device='cuda:5'), tensor(0.0035, device='cuda:5'), tensor(0.0039, device='cuda:5'), tensor(0.0039, device='cuda:5'), tensor(0.0035, device='cuda:5'), tensor(0.0035, device='cuda:5'), tensor(0.0035, device='cuda:5'), tensor(0.0034, device='cuda:5'), tensor(0.0035, device='cuda:5'), tensor(0.0038, device='cuda:5')]"
54,"[tensor(0.0038, device='cuda:5'), tensor(0.0035, device='cuda:5'), tensor(0.0037, device='cuda:5'), tensor(0.0034, device='cuda:5'), tensor(0.0036, device='cuda:5'), tensor(0.0037, device='cuda:5'), tensor(0.0039, device='cuda:5'), tensor(0.0038, device='cuda:5'), tensor(0.0034, device='cuda:5'), tensor(0.0038, device='cuda:5'), tensor(0.0035, device='cuda:5'), tensor(0.0036, device='cuda:5'), tensor(0.0033, device='cuda:5'), tensor(0.0032, device='cuda:5'), tensor(0.0034, device='cuda:5'), tensor(0.0033, device='cuda:5'), tensor(0.0034, device='cuda:5'), tensor(0.0039, device='cuda:5'), tensor(0.0034, device='cuda:5'), tensor(0.0033, device='cuda:5')]"
55,"[tensor(0.0033, device='cuda:5'), tensor(0.0035, device='cuda:5'), tensor(0.0034, device='cuda:5'), tensor(0.0037, device='cuda:5'), tensor(0.0035, device='cuda:5'), tensor(0.0034, device='cuda:5'), tensor(0.0034, device='cuda:5'), tensor(0.0033, device='cuda:5'), tensor(0.0038, device='cuda:5'), tensor(0.0033, device='cuda:5'), tensor(0.0032, device='cuda:5'), tensor(0.0034, device='cuda:5'), tensor(0.0039, device='cuda:5'), tensor(0.0038, device='cuda:5'), tensor(0.0035, device='cuda:5'), tensor(0.0035, device='cuda:5'), tensor(0.0035, device='cuda:5'), tensor(0.0033, device='cuda:5'), tensor(0.0035, device='cuda:5'), tensor(0.0038, device='cuda:5')]"
56,"[tensor(0.0038, device='cuda:5'), tensor(0.0035, device='cuda:5'), tensor(0.0037, device='cuda:5'), tensor(0.0034, device='cuda:5'), tensor(0.0035, device='cuda:5'), tensor(0.0036, device='cuda:5'), tensor(0.0039, device='cuda:5'), tensor(0.0038, device='cuda:5'), tensor(0.0034, device='cuda:5'), tensor(0.0038, device='cuda:5'), tensor(0.0036, device='cuda:5'), tensor(0.0036, device='cuda:5'), tensor(0.0033, device='cuda:5'), tensor(0.0032, device='cuda:5'), tensor(0.0034, device='cuda:5'), tensor(0.0033, device='cuda:5'), tensor(0.0034, device='cuda:5'), tensor(0.0038, device='cuda:5'), tensor(0.0034, device='cuda:5'), tensor(0.0033, device='cuda:5')]"
57,"[tensor(0.0033, device='cuda:5'), tensor(0.0035, device='cuda:5'), tensor(0.0034, device='cuda:5'), tensor(0.0036, device='cuda:5'), tensor(0.0034, device='cuda:5'), tensor(0.0034, device='cuda:5'), tensor(0.0034, device='cuda:5'), tensor(0.0033, device='cuda:5'), tensor(0.0038, device='cuda:5'), tensor(0.0033, device='cuda:5'), tensor(0.0032, device='cuda:5'), tensor(0.0034, device='cuda:5'), tensor(0.0039, device='cuda:5'), tensor(0.0038, device='cuda:5'), tensor(0.0035, device='cuda:5'), tensor(0.0036, device='cuda:5'), tensor(0.0035, device='cuda:5'), tensor(0.0033, device='cuda:5'), tensor(0.0036, device='cuda:5'), tensor(0.0038, device='cuda:5')]"
58,"[tensor(0.0038, device='cuda:5'), tensor(0.0034, device='cuda:5'), tensor(0.0036, device='cuda:5'), tensor(0.0033, device='cuda:5'), tensor(0.0035, device='cuda:5'), tensor(0.0036, device='cuda:5'), tensor(0.0039, device='cuda:5'), tensor(0.0038, device='cuda:5'), tensor(0.0034, device='cuda:5'), tensor(0.0038, device='cuda:5'), tensor(0.0036, device='cuda:5'), tensor(0.0035, device='cuda:5'), tensor(0.0032, device='cuda:5'), tensor(0.0032, device='cuda:5'), tensor(0.0034, device='cuda:5'), tensor(0.0033, device='cuda:5'), tensor(0.0034, device='cuda:5'), tensor(0.0038, device='cuda:5'), tensor(0.0034, device='cuda:5'), tensor(0.0033, device='cuda:5')]"
59,"[tensor(0.0033, device='cuda:5'), tensor(0.0034, device='cuda:5'), tensor(0.0034, device='cuda:5'), tensor(0.0036, device='cuda:5'), tensor(0.0034, device='cuda:5'), tensor(0.0034, device='cuda:5'), tensor(0.0034, device='cuda:5'), tensor(0.0033, device='cuda:5'), tensor(0.0038, device='cuda:5'), tensor(0.0033, device='cuda:5'), tensor(0.0032, device='cuda:5'), tensor(0.0033, device='cuda:5'), tensor(0.0039, device='cuda:5'), tensor(0.0039, device='cuda:5'), tensor(0.0035, device='cuda:5'), tensor(0.0036, device='cuda:5'), tensor(0.0035, device='cuda:5'), tensor(0.0033, device='cuda:5'), tensor(0.0036, device='cuda:5'), tensor(0.0038, device='cuda:5')]"
60,"[tensor(0.0038, device='cuda:5'), tensor(0.0034, device='cuda:5'), tensor(0.0036, device='cuda:5'), tensor(0.0033, device='cuda:5'), tensor(0.0035, device='cuda:5'), tensor(0.0036, device='cuda:5'), tensor(0.0039, device='cuda:5'), tensor(0.0038, device='cuda:5'), tensor(0.0034, device='cuda:5'), tensor(0.0038, device='cuda:5'), tensor(0.0036, device='cuda:5'), tensor(0.0035, device='cuda:5'), tensor(0.0032, device='cuda:5'), tensor(0.0032, device='cuda:5'), tensor(0.0034, device='cuda:5'), tensor(0.0033, device='cuda:5'), tensor(0.0033, device='cuda:5'), tensor(0.0038, device='cuda:5'), tensor(0.0033, device='cuda:5'), tensor(0.0033, device='cuda:5')]"
61,"[tensor(0.0033, device='cuda:5'), tensor(0.0034, device='cuda:5'), tensor(0.0033, device='cuda:5'), tensor(0.0036, device='cuda:5'), tensor(0.0034, device='cuda:5'), tensor(0.0034, device='cuda:5'), tensor(0.0034, device='cuda:5'), tensor(0.0033, device='cuda:5'), tensor(0.0037, device='cuda:5'), tensor(0.0033, device='cuda:5'), tensor(0.0032, device='cuda:5'), tensor(0.0033, device='cuda:5'), tensor(0.0039, device='cuda:5'), tensor(0.0038, device='cuda:5'), tensor(0.0035, device='cuda:5'), tensor(0.0036, device='cuda:5'), tensor(0.0035, device='cuda:5'), tensor(0.0033, device='cuda:5'), tensor(0.0036, device='cuda:5'), tensor(0.0038, device='cuda:5')]"
62,"[tensor(0.0038, device='cuda:5'), tensor(0.0034, device='cuda:5'), tensor(0.0035, device='cuda:5'), tensor(0.0033, device='cuda:5'), tensor(0.0035, device='cuda:5'), tensor(0.0035, device='cuda:5'), tensor(0.0038, device='cuda:5'), tensor(0.0037, device='cuda:5'), tensor(0.0033, device='cuda:5'), tensor(0.0038, device='cuda:5'), tensor(0.0036, device='cuda:5'), tensor(0.0035, device='cuda:5'), tensor(0.0032, device='cuda:5'), tensor(0.0032, device='cuda:5'), tensor(0.0034, device='cuda:5'), tensor(0.0033, device='cuda:5'), tensor(0.0033, device='cuda:5'), tensor(0.0038, device='cuda:5'), tensor(0.0033, device='cuda:5'), tensor(0.0033, device='cuda:5')]"
63,"[tensor(0.0033, device='cuda:5'), tensor(0.0033, device='cuda:5'), tensor(0.0033, device='cuda:5'), tensor(0.0036, device='cuda:5'), tensor(0.0033, device='cuda:5'), tensor(0.0034, device='cuda:5'), tensor(0.0034, device='cuda:5'), tensor(0.0033, device='cuda:5'), tensor(0.0037, device='cuda:5'), tensor(0.0033, device='cuda:5'), tensor(0.0032, device='cuda:5'), tensor(0.0032, device='cuda:5'), tensor(0.0039, device='cuda:5'), tensor(0.0038, device='cuda:5'), tensor(0.0034, device='cuda:5'), tensor(0.0036, device='cuda:5'), tensor(0.0034, device='cuda:5'), tensor(0.0033, device='cuda:5'), tensor(0.0036, device='cuda:5'), tensor(0.0037, device='cuda:5')]"
64,"[tensor(0.0037, device='cuda:5'), tensor(0.0034, device='cuda:5'), tensor(0.0034, device='cuda:5'), tensor(0.0033, device='cuda:5'), tensor(0.0035, device='cuda:5'), tensor(0.0034, device='cuda:5'), tensor(0.0038, device='cuda:5'), tensor(0.0037, device='cuda:5'), tensor(0.0033, device='cuda:5'), tensor(0.0038, device='cuda:5'), tensor(0.0036, device='cuda:5'), tensor(0.0034, device='cuda:5'), tensor(0.0032, device='cuda:5'), tensor(0.0032, device='cuda:5'), tensor(0.0033, device='cuda:5'), tensor(0.0032, device='cuda:5'), tensor(0.0032, device='cuda:5'), tensor(0.0037, device='cuda:5'), tensor(0.0033, device='cuda:5'), tensor(0.0033, device='cuda:5')]"
65,"[tensor(0.0033, device='cuda:5'), tensor(0.0033, device='cuda:5'), tensor(0.0033, device='cuda:5'), tensor(0.0035, device='cuda:5'), tensor(0.0033, device='cuda:5'), tensor(0.0033, device='cuda:5'), tensor(0.0034, device='cuda:5'), tensor(0.0033, device='cuda:5'), tensor(0.0036, device='cuda:5'), tensor(0.0033, device='cuda:5'), tensor(0.0032, device='cuda:5'), tensor(0.0032, device='cuda:5'), tensor(0.0038, device='cuda:5'), tensor(0.0038, device='cuda:5'), tensor(0.0034, device='cuda:5'), tensor(0.0035, device='cuda:5'), tensor(0.0034, device='cuda:5'), tensor(0.0033, device='cuda:5'), tensor(0.0036, device='cuda:5'), tensor(0.0036, device='cuda:5')]"
66,"[tensor(0.0037, device='cuda:5'), tensor(0.0034, device='cuda:5'), tensor(0.0034, device='cuda:5'), tensor(0.0033, device='cuda:5'), tensor(0.0034, device='cuda:5'), tensor(0.0034, device='cuda:5'), tensor(0.0038, device='cuda:5'), tensor(0.0036, device='cuda:5'), tensor(0.0033, device='cuda:5'), tensor(0.0037, device='cuda:5'), tensor(0.0036, device='cuda:5'), tensor(0.0034, device='cuda:5'), tensor(0.0032, device='cuda:5'), tensor(0.0032, device='cuda:5'), tensor(0.0033, device='cuda:5'), tensor(0.0032, device='cuda:5'), tensor(0.0032, device='cuda:5'), tensor(0.0037, device='cuda:5'), tensor(0.0033, device='cuda:5'), tensor(0.0033, device='cuda:5')]"
67,"[tensor(0.0033, device='cuda:5'), tensor(0.0032, device='cuda:5'), tensor(0.0034, device='cuda:5'), tensor(0.0035, device='cuda:5'), tensor(0.0032, device='cuda:5'), tensor(0.0033, device='cuda:5'), tensor(0.0034, device='cuda:5'), tensor(0.0033, device='cuda:5'), tensor(0.0036, device='cuda:5'), tensor(0.0033, device='cuda:5'), tensor(0.0032, device='cuda:5'), tensor(0.0031, device='cuda:5'), tensor(0.0038, device='cuda:5'), tensor(0.0037, device='cuda:5'), tensor(0.0033, device='cuda:5'), tensor(0.0035, device='cuda:5'), tensor(0.0034, device='cuda:5'), tensor(0.0033, device='cuda:5'), tensor(0.0036, device='cuda:5'), tensor(0.0035, device='cuda:5')]"
68,"[tensor(0.0037, device='cuda:5'), tensor(0.0033, device='cuda:5'), tensor(0.0033, device='cuda:5'), tensor(0.0033, device='cuda:5'), tensor(0.0034, device='cuda:5'), tensor(0.0033, device='cuda:5'), tensor(0.0037, device='cuda:5'), tensor(0.0036, device='cuda:5'), tensor(0.0033, device='cuda:5'), tensor(0.0037, device='cuda:5'), tensor(0.0035, device='cuda:5'), tensor(0.0034, device='cuda:5'), tensor(0.0032, device='cuda:5'), tensor(0.0032, device='cuda:5'), tensor(0.0033, device='cuda:5'), tensor(0.0032, device='cuda:5'), tensor(0.0031, device='cuda:5'), tensor(0.0036, device='cuda:5'), tensor(0.0033, device='cuda:5'), tensor(0.0035, device='cuda:5')]"
69,"[tensor(0.0033, device='cuda:5'), tensor(0.0032, device='cuda:5'), tensor(0.0034, device='cuda:5'), tensor(0.0035, device='cuda:5'), tensor(0.0032, device='cuda:5'), tensor(0.0033, device='cuda:5'), tensor(0.0034, device='cuda:5'), tensor(0.0033, device='cuda:5'), tensor(0.0036, device='cuda:5'), tensor(0.0033, device='cuda:5'), tensor(0.0031, device='cuda:5'), tensor(0.0031, device='cuda:5'), tensor(0.0038, device='cuda:5'), tensor(0.0037, device='cuda:5'), tensor(0.0033, device='cuda:5'), tensor(0.0035, device='cuda:5'), tensor(0.0034, device='cuda:5'), tensor(0.0035, device='cuda:5'), tensor(0.0036, device='cuda:5'), tensor(0.0034, device='cuda:5')]"
70,"[tensor(0.0036, device='cuda:5'), tensor(0.0033, device='cuda:5'), tensor(0.0032, device='cuda:5'), tensor(0.0033, device='cuda:5'), tensor(0.0034, device='cuda:5'), tensor(0.0033, device='cuda:5'), tensor(0.0037, device='cuda:5'), tensor(0.0036, device='cuda:5'), tensor(0.0033, device='cuda:5'), tensor(0.0037, device='cuda:5'), tensor(0.0035, device='cuda:5'), tensor(0.0033, device='cuda:5'), tensor(0.0033, device='cuda:5'), tensor(0.0033, device='cuda:5'), tensor(0.0033, device='cuda:5'), tensor(0.0032, device='cuda:5'), tensor(0.0031, device='cuda:5'), tensor(0.0034, device='cuda:5'), tensor(0.0032, device='cuda:5'), tensor(0.0036, device='cuda:5')]"
71,"[tensor(0.0034, device='cuda:5'), tensor(0.0032, device='cuda:5'), tensor(0.0035, device='cuda:5'), tensor(0.0035, device='cuda:5'), tensor(0.0032, device='cuda:5'), tensor(0.0033, device='cuda:5'), tensor(0.0034, device='cuda:5'), tensor(0.0034, device='cuda:5'), tensor(0.0036, device='cuda:5'), tensor(0.0033, device='cuda:5'), tensor(0.0031, device='cuda:5'), tensor(0.0031, device='cuda:5'), tensor(0.0037, device='cuda:5'), tensor(0.0036, device='cuda:5'), tensor(0.0033, device='cuda:5'), tensor(0.0035, device='cuda:5'), tensor(0.0034, device='cuda:5'), tensor(0.0036, device='cuda:5'), tensor(0.0036, device='cuda:5'), tensor(0.0033, device='cuda:5')]"
72,"[tensor(0.0036, device='cuda:5'), tensor(0.0033, device='cuda:5'), tensor(0.0032, device='cuda:5'), tensor(0.0033, device='cuda:5'), tensor(0.0034, device='cuda:5'), tensor(0.0033, device='cuda:5'), tensor(0.0037, device='cuda:5'), tensor(0.0036, device='cuda:5'), tensor(0.0034, device='cuda:5'), tensor(0.0037, device='cuda:5'), tensor(0.0035, device='cuda:5'), tensor(0.0033, device='cuda:5'), tensor(0.0033, device='cuda:5'), tensor(0.0034, device='cuda:5'), tensor(0.0033, device='cuda:5'), tensor(0.0032, device='cuda:5'), tensor(0.0031, device='cuda:5'), tensor(0.0033, device='cuda:5'), tensor(0.0032, device='cuda:5'), tensor(0.0036, device='cuda:5')]"
73,"[tensor(0.0035, device='cuda:5'), tensor(0.0032, device='cuda:5'), tensor(0.0035, device='cuda:5'), tensor(0.0035, device='cuda:5'), tensor(0.0032, device='cuda:5'), tensor(0.0033, device='cuda:5'), tensor(0.0034, device='cuda:5'), tensor(0.0034, device='cuda:5'), tensor(0.0036, device='cuda:5'), tensor(0.0034, device='cuda:5'), tensor(0.0031, device='cuda:5'), tensor(0.0031, device='cuda:5'), tensor(0.0037, device='cuda:5'), tensor(0.0036, device='cuda:5'), tensor(0.0033, device='cuda:5'), tensor(0.0035, device='cuda:5'), tensor(0.0034, device='cuda:5'), tensor(0.0036, device='cuda:5'), tensor(0.0036, device='cuda:5'), tensor(0.0032, device='cuda:5')]"
74,"[tensor(0.0036, device='cuda:5'), tensor(0.0033, device='cuda:5'), tensor(0.0032, device='cuda:5'), tensor(0.0033, device='cuda:5'), tensor(0.0034, device='cuda:5'), tensor(0.0033, device='cuda:5'), tensor(0.0037, device='cuda:5'), tensor(0.0036, device='cuda:5'), tensor(0.0034, device='cuda:5'), tensor(0.0037, device='cuda:5'), tensor(0.0036, device='cuda:5'), tensor(0.0033, device='cuda:5'), tensor(0.0033, device='cuda:5'), tensor(0.0035, device='cuda:5'), tensor(0.0033, device='cuda:5'), tensor(0.0032, device='cuda:5'), tensor(0.0031, device='cuda:5'), tensor(0.0032, device='cuda:5'), tensor(0.0032, device='cuda:5'), tensor(0.0036, device='cuda:5')]"
75,"[tensor(0.0035, device='cuda:5'), tensor(0.0032, device='cuda:5'), tensor(0.0035, device='cuda:5'), tensor(0.0035, device='cuda:5'), tensor(0.0032, device='cuda:5'), tensor(0.0033, device='cuda:5'), tensor(0.0034, device='cuda:5'), tensor(0.0034, device='cuda:5'), tensor(0.0036, device='cuda:5'), tensor(0.0035, device='cuda:5'), tensor(0.0031, device='cuda:5'), tensor(0.0031, device='cuda:5'), tensor(0.0037, device='cuda:5'), tensor(0.0035, device='cuda:5'), tensor(0.0033, device='cuda:5'), tensor(0.0035, device='cuda:5'), tensor(0.0034, device='cuda:5'), tensor(0.0036, device='cuda:5'), tensor(0.0037, device='cuda:5'), tensor(0.0032, device='cuda:5')]"
76,"[tensor(0.0036, device='cuda:5'), tensor(0.0032, device='cuda:5'), tensor(0.0032, device='cuda:5'), tensor(0.0033, device='cuda:5'), tensor(0.0034, device='cuda:5'), tensor(0.0033, device='cuda:5'), tensor(0.0037, device='cuda:5'), tensor(0.0036, device='cuda:5'), tensor(0.0034, device='cuda:5'), tensor(0.0036, device='cuda:5'), tensor(0.0036, device='cuda:5'), tensor(0.0033, device='cuda:5'), tensor(0.0034, device='cuda:5'), tensor(0.0035, device='cuda:5'), tensor(0.0033, device='cuda:5'), tensor(0.0032, device='cuda:5'), tensor(0.0031, device='cuda:5'), tensor(0.0032, device='cuda:5'), tensor(0.0032, device='cuda:5'), tensor(0.0036, device='cuda:5')]"
77,"[tensor(0.0035, device='cuda:5'), tensor(0.0032, device='cuda:5'), tensor(0.0036, device='cuda:5'), tensor(0.0035, device='cuda:5'), tensor(0.0032, device='cuda:5'), tensor(0.0033, device='cuda:5'), tensor(0.0034, device='cuda:5'), tensor(0.0034, device='cuda:5'), tensor(0.0036, device='cuda:5'), tensor(0.0035, device='cuda:5'), tensor(0.0032, device='cuda:5'), tensor(0.0031, device='cuda:5'), tensor(0.0037, device='cuda:5'), tensor(0.0035, device='cuda:5'), tensor(0.0033, device='cuda:5'), tensor(0.0035, device='cuda:5'), tensor(0.0034, device='cuda:5'), tensor(0.0037, device='cuda:5'), tensor(0.0037, device='cuda:5'), tensor(0.0032, device='cuda:5')]"
78,"[tensor(0.0036, device='cuda:5'), tensor(0.0032, device='cuda:5'), tensor(0.0032, device='cuda:5'), tensor(0.0033, device='cuda:5'), tensor(0.0034, device='cuda:5'), tensor(0.0033, device='cuda:5'), tensor(0.0038, device='cuda:5'), tensor(0.0036, device='cuda:5'), tensor(0.0034, device='cuda:5'), tensor(0.0036, device='cuda:5'), tensor(0.0036, device='cuda:5'), tensor(0.0033, device='cuda:5'), tensor(0.0033, device='cuda:5'), tensor(0.0035, device='cuda:5'), tensor(0.0034, device='cuda:5'), tensor(0.0032, device='cuda:5'), tensor(0.0031, device='cuda:5'), tensor(0.0032, device='cuda:5'), tensor(0.0032, device='cuda:5'), tensor(0.0037, device='cuda:5')]"
79,"[tensor(0.0034, device='cuda:5'), tensor(0.0032, device='cuda:5'), tensor(0.0036, device='cuda:5'), tensor(0.0035, device='cuda:5'), tensor(0.0032, device='cuda:5'), tensor(0.0033, device='cuda:5'), tensor(0.0034, device='cuda:5'), tensor(0.0033, device='cuda:5'), tensor(0.0037, device='cuda:5'), tensor(0.0035, device='cuda:5'), tensor(0.0032, device='cuda:5'), tensor(0.0031, device='cuda:5'), tensor(0.0037, device='cuda:5'), tensor(0.0035, device='cuda:5'), tensor(0.0033, device='cuda:5'), tensor(0.0036, device='cuda:5'), tensor(0.0034, device='cuda:5'), tensor(0.0037, device='cuda:5'), tensor(0.0037, device='cuda:5'), tensor(0.0032, device='cuda:5')]"
80,"[tensor(0.0036, device='cuda:5'), tensor(0.0032, device='cuda:5'), tensor(0.0031, device='cuda:5'), tensor(0.0033, device='cuda:5'), tensor(0.0034, device='cuda:5'), tensor(0.0033, device='cuda:5'), tensor(0.0038, device='cuda:5'), tensor(0.0036, device='cuda:5'), tensor(0.0034, device='cuda:5'), tensor(0.0036, device='cuda:5'), tensor(0.0036, device='cuda:5'), tensor(0.0034, device='cuda:5'), tensor(0.0033, device='cuda:5'), tensor(0.0035, device='cuda:5'), tensor(0.0034, device='cuda:5'), tensor(0.0033, device='cuda:5'), tensor(0.0031, device='cuda:5'), tensor(0.0031, device='cuda:5'), tensor(0.0032, device='cuda:5'), tensor(0.0037, device='cuda:5')]"
81,"[tensor(0.0034, device='cuda:5'), tensor(0.0032, device='cuda:5'), tensor(0.0036, device='cuda:5'), tensor(0.0035, device='cuda:5'), tensor(0.0032, device='cuda:5'), tensor(0.0032, device='cuda:5'), tensor(0.0034, device='cuda:5'), tensor(0.0032, device='cuda:5'), tensor(0.0037, device='cuda:5'), tensor(0.0035, device='cuda:5'), tensor(0.0032, device='cuda:5'), tensor(0.0031, device='cuda:5'), tensor(0.0037, device='cuda:5'), tensor(0.0035, device='cuda:5'), tensor(0.0033, device='cuda:5'), tensor(0.0036, device='cuda:5'), tensor(0.0034, device='cuda:5'), tensor(0.0037, device='cuda:5'), tensor(0.0038, device='cuda:5'), tensor(0.0031, device='cuda:5')]"
82,"[tensor(0.0036, device='cuda:5'), tensor(0.0032, device='cuda:5'), tensor(0.0031, device='cuda:5'), tensor(0.0032, device='cuda:5'), tensor(0.0034, device='cuda:5'), tensor(0.0033, device='cuda:5'), tensor(0.0038, device='cuda:5'), tensor(0.0036, device='cuda:5'), tensor(0.0033, device='cuda:5'), tensor(0.0036, device='cuda:5'), tensor(0.0036, device='cuda:5'), tensor(0.0034, device='cuda:5'), tensor(0.0032, device='cuda:5'), tensor(0.0035, device='cuda:5'), tensor(0.0034, device='cuda:5'), tensor(0.0033, device='cuda:5'), tensor(0.0031, device='cuda:5'), tensor(0.0031, device='cuda:5'), tensor(0.0032, device='cuda:5'), tensor(0.0037, device='cuda:5')]"
83,"[tensor(0.0034, device='cuda:5'), tensor(0.0032, device='cuda:5'), tensor(0.0036, device='cuda:5'), tensor(0.0035, device='cuda:5'), tensor(0.0032, device='cuda:5'), tensor(0.0032, device='cuda:5'), tensor(0.0033, device='cuda:5'), tensor(0.0032, device='cuda:5'), tensor(0.0037, device='cuda:5'), tensor(0.0034, device='cuda:5'), tensor(0.0032, device='cuda:5'), tensor(0.0031, device='cuda:5'), tensor(0.0037, device='cuda:5'), tensor(0.0034, device='cuda:5'), tensor(0.0033, device='cuda:5'), tensor(0.0036, device='cuda:5'), tensor(0.0034, device='cuda:5'), tensor(0.0037, device='cuda:5'), tensor(0.0038, device='cuda:5'), tensor(0.0031, device='cuda:5')]"
84,"[tensor(0.0037, device='cuda:5'), tensor(0.0032, device='cuda:5'), tensor(0.0031, device='cuda:5'), tensor(0.0032, device='cuda:5'), tensor(0.0034, device='cuda:5'), tensor(0.0033, device='cuda:5'), tensor(0.0038, device='cuda:5'), tensor(0.0036, device='cuda:5'), tensor(0.0033, device='cuda:5'), tensor(0.0036, device='cuda:5'), tensor(0.0037, device='cuda:5'), tensor(0.0034, device='cuda:5'), tensor(0.0032, device='cuda:5'), tensor(0.0034, device='cuda:5'), tensor(0.0034, device='cuda:5'), tensor(0.0032, device='cuda:5'), tensor(0.0031, device='cuda:5'), tensor(0.0031, device='cuda:5'), tensor(0.0032, device='cuda:5'), tensor(0.0037, device='cuda:5')]"
85,"[tensor(0.0033, device='cuda:5'), tensor(0.0032, device='cuda:5'), tensor(0.0036, device='cuda:5'), tensor(0.0035, device='cuda:5'), tensor(0.0032, device='cuda:5'), tensor(0.0032, device='cuda:5'), tensor(0.0033, device='cuda:5'), tensor(0.0032, device='cuda:5'), tensor(0.0037, device='cuda:5'), tensor(0.0034, device='cuda:5'), tensor(0.0032, device='cuda:5'), tensor(0.0031, device='cuda:5'), tensor(0.0037, device='cuda:5'), tensor(0.0034, device='cuda:5'), tensor(0.0032, device='cuda:5'), tensor(0.0036, device='cuda:5'), tensor(0.0034, device='cuda:5'), tensor(0.0036, device='cuda:5'), tensor(0.0038, device='cuda:5'), tensor(0.0031, device='cuda:5')]"
86,"[tensor(0.0037, device='cuda:5'), tensor(0.0032, device='cuda:5'), tensor(0.0030, device='cuda:5'), tensor(0.0032, device='cuda:5'), tensor(0.0033, device='cuda:5'), tensor(0.0033, device='cuda:5'), tensor(0.0038, device='cuda:5'), tensor(0.0036, device='cuda:5'), tensor(0.0032, device='cuda:5'), tensor(0.0036, device='cuda:5'), tensor(0.0036, device='cuda:5'), tensor(0.0034, device='cuda:5'), tensor(0.0032, device='cuda:5'), tensor(0.0034, device='cuda:5'), tensor(0.0034, device='cuda:5'), tensor(0.0033, device='cuda:5'), tensor(0.0031, device='cuda:5'), tensor(0.0031, device='cuda:5'), tensor(0.0031, device='cuda:5'), tensor(0.0037, device='cuda:5')]"
87,"[tensor(0.0033, device='cuda:5'), tensor(0.0031, device='cuda:5'), tensor(0.0036, device='cuda:5'), tensor(0.0036, device='cuda:5'), tensor(0.0032, device='cuda:5'), tensor(0.0032, device='cuda:5'), tensor(0.0033, device='cuda:5'), tensor(0.0031, device='cuda:5'), tensor(0.0037, device='cuda:5'), tensor(0.0033, device='cuda:5'), tensor(0.0031, device='cuda:5'), tensor(0.0031, device='cuda:5'), tensor(0.0037, device='cuda:5'), tensor(0.0034, device='cuda:5'), tensor(0.0032, device='cuda:5'), tensor(0.0036, device='cuda:5'), tensor(0.0034, device='cuda:5'), tensor(0.0036, device='cuda:5'), tensor(0.0038, device='cuda:5'), tensor(0.0031, device='cuda:5')]"
88,"[tensor(0.0037, device='cuda:5'), tensor(0.0032, device='cuda:5'), tensor(0.0030, device='cuda:5'), tensor(0.0032, device='cuda:5'), tensor(0.0033, device='cuda:5'), tensor(0.0033, device='cuda:5'), tensor(0.0038, device='cuda:5'), tensor(0.0036, device='cuda:5'), tensor(0.0032, device='cuda:5'), tensor(0.0036, device='cuda:5'), tensor(0.0036, device='cuda:5'), tensor(0.0034, device='cuda:5'), tensor(0.0031, device='cuda:5'), tensor(0.0034, device='cuda:5'), tensor(0.0034, device='cuda:5'), tensor(0.0032, device='cuda:5'), tensor(0.0031, device='cuda:5'), tensor(0.0031, device='cuda:5'), tensor(0.0031, device='cuda:5'), tensor(0.0037, device='cuda:5')]"
89,"[tensor(0.0033, device='cuda:5'), tensor(0.0031, device='cuda:5'), tensor(0.0036, device='cuda:5'), tensor(0.0036, device='cuda:5'), tensor(0.0032, device='cuda:5'), tensor(0.0031, device='cuda:5'), tensor(0.0033, device='cuda:5'), tensor(0.0031, device='cuda:5'), tensor(0.0037, device='cuda:5'), tensor(0.0033, device='cuda:5'), tensor(0.0031, device='cuda:5'), tensor(0.0031, device='cuda:5'), tensor(0.0037, device='cuda:5'), tensor(0.0035, device='cuda:5'), tensor(0.0032, device='cuda:5'), tensor(0.0036, device='cuda:5'), tensor(0.0034, device='cuda:5'), tensor(0.0036, device='cuda:5'), tensor(0.0038, device='cuda:5'), tensor(0.0031, device='cuda:5')]"
90,"[tensor(0.0037, device='cuda:5'), tensor(0.0032, device='cuda:5'), tensor(0.0030, device='cuda:5'), tensor(0.0032, device='cuda:5'), tensor(0.0033, device='cuda:5'), tensor(0.0033, device='cuda:5'), tensor(0.0038, device='cuda:5'), tensor(0.0037, device='cuda:5'), tensor(0.0032, device='cuda:5'), tensor(0.0036, device='cuda:5'), tensor(0.0036, device='cuda:5'), tensor(0.0034, device='cuda:5'), tensor(0.0031, device='cuda:5'), tensor(0.0034, device='cuda:5'), tensor(0.0034, device='cuda:5'), tensor(0.0032, device='cuda:5'), tensor(0.0031, device='cuda:5'), tensor(0.0030, device='cuda:5'), tensor(0.0031, device='cuda:5'), tensor(0.0037, device='cuda:5')]"
91,"[tensor(0.0032, device='cuda:5'), tensor(0.0032, device='cuda:5'), tensor(0.0036, device='cuda:5'), tensor(0.0036, device='cuda:5'), tensor(0.0032, device='cuda:5'), tensor(0.0031, device='cuda:5'), tensor(0.0033, device='cuda:5'), tensor(0.0031, device='cuda:5'), tensor(0.0037, device='cuda:5'), tensor(0.0033, device='cuda:5'), tensor(0.0031, device='cuda:5'), tensor(0.0031, device='cuda:5'), tensor(0.0037, device='cuda:5'), tensor(0.0035, device='cuda:5'), tensor(0.0032, device='cuda:5'), tensor(0.0036, device='cuda:5'), tensor(0.0035, device='cuda:5'), tensor(0.0036, device='cuda:5'), tensor(0.0038, device='cuda:5'), tensor(0.0031, device='cuda:5')]"
92,"[tensor(0.0037, device='cuda:5'), tensor(0.0032, device='cuda:5'), tensor(0.0030, device='cuda:5'), tensor(0.0031, device='cuda:5'), tensor(0.0033, device='cuda:5'), tensor(0.0033, device='cuda:5'), tensor(0.0038, device='cuda:5'), tensor(0.0037, device='cuda:5'), tensor(0.0032, device='cuda:5'), tensor(0.0037, device='cuda:5'), tensor(0.0036, device='cuda:5'), tensor(0.0034, device='cuda:5'), tensor(0.0031, device='cuda:5'), tensor(0.0034, device='cuda:5'), tensor(0.0034, device='cuda:5'), tensor(0.0032, device='cuda:5'), tensor(0.0031, device='cuda:5'), tensor(0.0030, device='cuda:5'), tensor(0.0031, device='cuda:5'), tensor(0.0037, device='cuda:5')]"
93,"[tensor(0.0032, device='cuda:5'), tensor(0.0031, device='cuda:5'), tensor(0.0036, device='cuda:5'), tensor(0.0036, device='cuda:5'), tensor(0.0032, device='cuda:5'), tensor(0.0031, device='cuda:5'), tensor(0.0032, device='cuda:5'), tensor(0.0031, device='cuda:5'), tensor(0.0037, device='cuda:5'), tensor(0.0033, device='cuda:5'), tensor(0.0031, device='cuda:5'), tensor(0.0031, device='cuda:5'), tensor(0.0037, device='cuda:5'), tensor(0.0034, device='cuda:5'), tensor(0.0031, device='cuda:5'), tensor(0.0036, device='cuda:5'), tensor(0.0035, device='cuda:5'), tensor(0.0036, device='cuda:5'), tensor(0.0038, device='cuda:5'), tensor(0.0031, device='cuda:5')]"
94,"[tensor(0.0037, device='cuda:5'), tensor(0.0032, device='cuda:5'), tensor(0.0030, device='cuda:5'), tensor(0.0031, device='cuda:5'), tensor(0.0033, device='cuda:5'), tensor(0.0033, device='cuda:5'), tensor(0.0038, device='cuda:5'), tensor(0.0037, device='cuda:5'), tensor(0.0032, device='cuda:5'), tensor(0.0037, device='cuda:5'), tensor(0.0036, device='cuda:5'), tensor(0.0034, device='cuda:5'), tensor(0.0031, device='cuda:5'), tensor(0.0033, device='cuda:5'), tensor(0.0034, device='cuda:5'), tensor(0.0032, device='cuda:5'), tensor(0.0031, device='cuda:5'), tensor(0.0030, device='cuda:5'), tensor(0.0031, device='cuda:5'), tensor(0.0036, device='cuda:5')]"
95,"[tensor(0.0032, device='cuda:5'), tensor(0.0031, device='cuda:5'), tensor(0.0036, device='cuda:5'), tensor(0.0036, device='cuda:5'), tensor(0.0032, device='cuda:5'), tensor(0.0031, device='cuda:5'), tensor(0.0032, device='cuda:5'), tensor(0.0031, device='cuda:5'), tensor(0.0037, device='cuda:5'), tensor(0.0033, device='cuda:5'), tensor(0.0031, device='cuda:5'), tensor(0.0031, device='cuda:5'), tensor(0.0037, device='cuda:5'), tensor(0.0034, device='cuda:5'), tensor(0.0031, device='cuda:5'), tensor(0.0036, device='cuda:5'), tensor(0.0035, device='cuda:5'), tensor(0.0036, device='cuda:5'), tensor(0.0039, device='cuda:5'), tensor(0.0030, device='cuda:5')]"
96,"[tensor(0.0037, device='cuda:5'), tensor(0.0032, device='cuda:5'), tensor(0.0030, device='cuda:5'), tensor(0.0031, device='cuda:5'), tensor(0.0033, device='cuda:5'), tensor(0.0033, device='cuda:5'), tensor(0.0038, device='cuda:5'), tensor(0.0036, device='cuda:5'), tensor(0.0031, device='cuda:5'), tensor(0.0036, device='cuda:5'), tensor(0.0036, device='cuda:5'), tensor(0.0034, device='cuda:5'), tensor(0.0031, device='cuda:5'), tensor(0.0032, device='cuda:5'), tensor(0.0034, device='cuda:5'), tensor(0.0032, device='cuda:5'), tensor(0.0031, device='cuda:5'), tensor(0.0030, device='cuda:5'), tensor(0.0031, device='cuda:5'), tensor(0.0036, device='cuda:5')]"
97,"[tensor(0.0032, device='cuda:5'), tensor(0.0031, device='cuda:5'), tensor(0.0036, device='cuda:5'), tensor(0.0036, device='cuda:5'), tensor(0.0031, device='cuda:5'), tensor(0.0031, device='cuda:5'), tensor(0.0032, device='cuda:5'), tensor(0.0030, device='cuda:5'), tensor(0.0036, device='cuda:5'), tensor(0.0032, device='cuda:5'), tensor(0.0031, device='cuda:5'), tensor(0.0031, device='cuda:5'), tensor(0.0037, device='cuda:5'), tensor(0.0033, device='cuda:5'), tensor(0.0031, device='cuda:5'), tensor(0.0035, device='cuda:5'), tensor(0.0035, device='cuda:5'), tensor(0.0036, device='cuda:5'), tensor(0.0039, device='cuda:5'), tensor(0.0030, device='cuda:5')]"
98,"[tensor(0.0037, device='cuda:5'), tensor(0.0032, device='cuda:5'), tensor(0.0030, device='cuda:5'), tensor(0.0031, device='cuda:5'), tensor(0.0033, device='cuda:5'), tensor(0.0033, device='cuda:5'), tensor(0.0038, device='cuda:5'), tensor(0.0036, device='cuda:5'), tensor(0.0031, device='cuda:5'), tensor(0.0035, device='cuda:5'), tensor(0.0036, device='cuda:5'), tensor(0.0034, device='cuda:5'), tensor(0.0031, device='cuda:5'), tensor(0.0032, device='cuda:5'), tensor(0.0033, device='cuda:5'), tensor(0.0032, device='cuda:5'), tensor(0.0031, device='cuda:5'), tensor(0.0030, device='cuda:5'), tensor(0.0031, device='cuda:5'), tensor(0.0036, device='cuda:5')]"
99,"[tensor(0.0032, device='cuda:5'), tensor(0.0031, device='cuda:5'), tensor(0.0036, device='cuda:5'), tensor(0.0036, device='cuda:5'), tensor(0.0031, device='cuda:5'), tensor(0.0031, device='cuda:5'), tensor(0.0032, device='cuda:5'), tensor(0.0030, device='cuda:5'), tensor(0.0036, device='cuda:5'), tensor(0.0031, device='cuda:5'), tensor(0.0030, device='cuda:5'), tensor(0.0030, device='cuda:5'), tensor(0.0037, device='cuda:5'), tensor(0.0033, device='cuda:5'), tensor(0.0030, device='cuda:5'), tensor(0.0035, device='cuda:5'), tensor(0.0035, device='cuda:5'), tensor(0.0035, device='cuda:5'), tensor(0.0038, device='cuda:5'), tensor(0.0030, device='cuda:5')]"
