eigenvector_centrality,"[16, 17, 23, 13, 12]"
0,"[0.10972568578553615, 0.1525, 0.11, 0.1025, 0.1075, 0.1025, 0.1275, 0.095, 0.185, 0.1375, 0.1225, 0.23, 0.1075, 0.0925, 0.11, 0.0925, 0.12189169932312074, 0.11, 0.12189169932312074, 0.12189169932312074, 0.1975, 0.09, 0.09, 0.0875, 0.12189169932312074]"
1,"[0.11970074812967581, 0.1025, 0.1375, 0.095, 0.2625, 0.08, 0.1775, 0.1675, 0.085, 0.09, 0.2125, 0.0925, 0.085, 0.0925, 0.155, 0.0775, 0.12427146419665125, 0.12, 0.12427146419665125, 0.12427146419665125, 0.185, 0.09, 0.095, 0.0875, 0.12427146419665125]"
2,"[0.16458852867830423, 0.1, 0.095, 0.0925, 0.135, 0.1225, 0.23, 0.2225, 0.12, 0.09, 0.1125, 0.09, 0.085, 0.16, 0.2225, 0.1775, 0.133194691841824, 0.1, 0.133194691841824, 0.133194691841824, 0.15, 0.09, 0.0725, 0.165, 0.133194691841824]"
3,"[0.19201995012468828, 0.1, 0.095, 0.22, 0.1, 0.08, 0.23, 0.1175, 0.195, 0.1975, 0.1725, 0.09, 0.1825, 0.0875, 0.12, 0.0775, 0.13711999762498517, 0.1, 0.13711999762498517, 0.13711999762498517, 0.105, 0.1625, 0.165, 0.09, 0.13711999762498517]"
4,"[0.20448877805486285, 0.1, 0.095, 0.0925, 0.1825, 0.16, 0.1875, 0.1175, 0.195, 0.2025, 0.11, 0.0975, 0.1075, 0.105, 0.12, 0.0775, 0.1386661322883268, 0.18, 0.1386661322883268, 0.1386661322883268, 0.1725, 0.1525, 0.165, 0.0875, 0.1386661322883268]"
5,"[0.08229426433915212, 0.1025, 0.2375, 0.125, 0.19, 0.1393647132169576, 0.2225, 0.125, 0.1675, 0.1925, 0.215, 0.09, 0.1075, 0.0875, 0.1393647132169576, 0.0775, 0.1393647132169576, 0.1, 0.1393647132169576, 0.1125, 0.1025, 0.1225, 0.1725, 0.155, 0.1393647132169576]"
6,"[0.22194513715710723, 0.1, 0.2075, 0.1775, 0.175, 0.17684725685785538, 0.1925, 0.21, 0.2275, 0.2025, 0.1825, 0.185, 0.1875, 0.0875, 0.17684725685785538, 0.17, 0.17684725685785538, 0.24, 0.17684725685785538, 0.135, 0.1775, 0.195, 0.16, 0.1025, 0.17684725685785538]"
7,"[0.20448877805486285, 0.175, 0.2875, 0.1925, 0.3, 0.20572443890274314, 0.2925, 0.29, 0.1925, 0.115, 0.23, 0.1875, 0.18, 0.1525, 0.20572443890274314, 0.145, 0.20572443890274314, 0.165, 0.20572443890274314, 0.275, 0.165, 0.155, 0.2075, 0.2025, 0.20572443890274314]"
8,"[0.23690773067331672, 0.22, 0.3475, 0.185, 0.34, 0.26997038653366584, 0.1625, 0.3425, 0.39, 0.3825, 0.165, 0.32, 0.29, 0.1525, 0.26997038653366584, 0.195, 0.26997038653366584, 0.4175, 0.26997038653366584, 0.1975, 0.445, 0.235, 0.1625, 0.2125, 0.26997038653366584]"
9,"[0.286783042394015, 0.3925, 0.3925, 0.3475, 0.3825, 0.3450891521197007, 0.405, 0.3875, 0.23, 0.225, 0.43, 0.29, 0.375, 0.375, 0.3450891521197007, 0.3675, 0.3450891521197007, 0.175, 0.3450891521197007, 0.4025, 0.395, 0.2825, 0.3475, 0.4125, 0.3450891521197007]"
10,"[0.48129675810473815, 0.275, 0.3220164865613744, 0.3975, 0.3425, 0.3220164865613744, 0.3220164865613744, 0.2375, 0.3775, 0.085, 0.2875, 0.3220164865613744, 0.275, 0.4375, 0.3220164865613744, 0.18, 0.3220164865613744, 0.4325, 0.25, 0.2025, 0.1875, 0.4475, 0.41, 0.49, 0.3220164865613744]"
11,"[0.48877805486284287, 0.37, 0.35257100304793565, 0.4875, 0.355, 0.35257100304793565, 0.35257100304793565, 0.35, 0.2325, 0.1025, 0.3325, 0.35257100304793565, 0.4275, 0.5225, 0.35257100304793565, 0.195, 0.35257100304793565, 0.2675, 0.3075, 0.4575, 0.2225, 0.3825, 0.4525, 0.3925, 0.35257100304793565]"
12,"[0.47381546134663344, 0.3175, 0.34479530340814635, 0.45, 0.3125, 0.34479530340814635, 0.34479530340814635, 0.415, 0.345, 0.25, 0.3275, 0.34479530340814635, 0.17, 0.45, 0.34479530340814635, 0.2975, 0.34479530340814635, 0.4, 0.22, 0.17, 0.4475, 0.405, 0.3425, 0.4125, 0.34479530340814635]"
13,"[0.42144638403990026, 0.2925, 0.33799702133555004, 0.545, 0.325, 0.33799702133555004, 0.33799702133555004, 0.4325, 0.3025, 0.1975, 0.2175, 0.33799702133555004, 0.415, 0.485, 0.33799702133555004, 0.245, 0.33799702133555004, 0.3875, 0.415, 0.3775, 0.205, 0.26, 0.3375, 0.2225, 0.33799702133555004]"
14,"[0.20448877805486285, 0.295, 0.32774937655860353, 0.505, 0.36, 0.32774937655860353, 0.32774937655860353, 0.35, 0.3125, 0.3775, 0.3075, 0.32774937655860353, 0.26, 0.3775, 0.32774937655860353, 0.3675, 0.32774937655860353, 0.4, 0.215, 0.1625, 0.44, 0.3775, 0.28, 0.3075, 0.32774937655860353]"
15,"[0.40648379052369077, 0.3275, 0.31987330595158325, 0.31987330595158325, 0.1575, 0.27, 0.31987330595158325, 0.31987330595158325, 0.31, 0.3225, 0.205, 0.31987330595158325, 0.465, 0.3675, 0.475, 0.265, 0.31987330595158325, 0.3025, 0.395, 0.3075, 0.2475, 0.3075, 0.305, 0.1975, 0.44360902255639095]"
16,"[0.3740648379052369, 0.2575, 0.321948538494155, 0.321948538494155, 0.325, 0.3975, 0.321948538494155, 0.321948538494155, 0.2925, 0.4, 0.385, 0.321948538494155, 0.3525, 0.38, 0.36, 0.34, 0.321948538494155, 0.2925, 0.3375, 0.2025, 0.3275, 0.4575, 0.1575, 0.295, 0.18295739348370926]"
17,"[0.3566084788029925, 0.255, 0.3400055115476051, 0.3400055115476051, 0.29, 0.285, 0.3400055115476051, 0.3400055115476051, 0.2725, 0.345, 0.2875, 0.3400055115476051, 0.48, 0.2725, 0.3425, 0.2425, 0.3400055115476051, 0.4525, 0.33, 0.3775, 0.3, 0.4425, 0.405, 0.325, 0.39849624060150374]"
18,"[0.29925187032418954, 0.2975, 0.32710809870193264, 0.32710809870193264, 0.305, 0.375, 0.32710809870193264, 0.32710809870193264, 0.2925, 0.36, 0.3875, 0.32710809870193264, 0.4325, 0.3325, 0.155, 0.2875, 0.32710809870193264, 0.43, 0.3, 0.245, 0.2775, 0.4975, 0.3325, 0.2875, 0.3208020050125313]"
19,"[0.34413965087281795, 0.35, 0.33421734872685055, 0.33421734872685055, 0.3075, 0.275, 0.33421734872685055, 0.33421734872685055, 0.2275, 0.3175, 0.32, 0.33421734872685055, 0.435, 0.2725, 0.3525, 0.23, 0.33421734872685055, 0.4625, 0.3325, 0.255, 0.2825, 0.4575, 0.3975, 0.335, 0.39598997493734334]"
20,"[0.29925187032418954, 0.23, 0.3321732588274329, 0.53, 0.2625, 0.3725, 0.5725, 0.43, 0.255, 0.3175, 0.345, 0.3321732588274329, 0.4325, 0.295, 0.3925, 0.375, 0.1775, 0.18, 0.28, 0.32, 0.3125, 0.415, 0.3375, 0.215, 0.2932330827067669]"
21,"[0.24189526184538654, 0.3325, 0.3277469444781856, 0.5525, 0.32, 0.2725, 0.39, 0.2225, 0.2125, 0.28, 0.255, 0.3277469444781856, 0.41, 0.2675, 0.3825, 0.26, 0.275, 0.385, 0.335, 0.2175, 0.25, 0.4975, 0.37, 0.295, 0.5137844611528822]"
22,"[0.2543640897755611, 0.2975, 0.33871486017439784, 0.5975, 0.23, 0.3525, 0.4825, 0.3575, 0.2975, 0.3225, 0.335, 0.33871486017439784, 0.42, 0.3475, 0.3425, 0.3725, 0.2925, 0.3075, 0.285, 0.2475, 0.3025, 0.4, 0.33, 0.185, 0.43107769423558895]"
23,"[0.30174563591022446, 0.3875, 0.32260858763519445, 0.6, 0.2875, 0.3275, 0.3775, 0.2125, 0.2475, 0.2475, 0.3075, 0.32260858763519445, 0.32, 0.295, 0.33, 0.265, 0.2775, 0.3475, 0.315, 0.41, 0.2225, 0.3925, 0.3525, 0.295, 0.3007518796992481]"
24,"[0.28428927680798005, 0.325, 0.34457436214954595, 0.5875, 0.23, 0.3575, 0.5675, 0.3125, 0.3025, 0.2975, 0.36, 0.34457436214954595, 0.48, 0.43, 0.2725, 0.3875, 0.3175, 0.31, 0.285, 0.2875, 0.2925, 0.3525, 0.3175, 0.2, 0.3684210526315789]"
25,"[0.44139650872817954, 0.415, 0.4098716680967352, 0.595, 0.495, 0.44, 0.4175, 0.4098716680967352, 0.4098716680967352, 0.255, 0.33, 0.495, 0.56, 0.5325, 0.36, 0.23, 0.42, 0.4098716680967352, 0.35, 0.4725, 0.315, 0.395, 0.41, 0.315, 0.3634085213032581]"
26,"[0.3566084788029925, 0.305, 0.4231202151858687, 0.56, 0.2975, 0.465, 0.45, 0.4231202151858687, 0.4231202151858687, 0.495, 0.3525, 0.4, 0.5875, 0.575, 0.3975, 0.445, 0.4725, 0.4231202151858687, 0.3075, 0.3925, 0.35, 0.3725, 0.3675, 0.37, 0.5664160401002506]"
27,"[0.42643391521197005, 0.4575, 0.4154707760078263, 0.535, 0.5125, 0.465, 0.28, 0.4154707760078263, 0.4154707760078263, 0.2275, 0.3825, 0.3725, 0.425, 0.545, 0.515, 0.28, 0.4875, 0.4154707760078263, 0.43, 0.3825, 0.295, 0.4225, 0.4125, 0.49, 0.38095238095238093]"
28,"[0.3790523690773067, 0.31, 0.38596096136315133, 0.58, 0.2825, 0.3475, 0.3625, 0.38596096136315133, 0.38596096136315133, 0.5, 0.3325, 0.4525, 0.49, 0.3875, 0.3425, 0.405, 0.475, 0.38596096136315133, 0.3125, 0.31, 0.3925, 0.375, 0.25, 0.3675, 0.45112781954887216]"
29,"[0.38902743142144636, 0.4225, 0.4010647983216562, 0.565, 0.52, 0.45, 0.2175, 0.4010647983216562, 0.4010647983216562, 0.2325, 0.3975, 0.2875, 0.3575, 0.4175, 0.5625, 0.3125, 0.495, 0.4010647983216562, 0.4375, 0.3975, 0.295, 0.425, 0.4175, 0.49, 0.3333333333333333]"
30,"[0.2967581047381546, 0.3225, 0.41409991871659724, 0.57, 0.445, 0.385, 0.41409991871659724, 0.3, 0.41409991871659724, 0.41409991871659724, 0.3725, 0.41409991871659724, 0.54, 0.485, 0.54, 0.4575, 0.3575, 0.41409991871659724, 0.36, 0.285, 0.5775, 0.4225, 0.2875, 0.4075, 0.45614035087719296]"
31,"[0.5187032418952618, 0.5025, 0.42496901378659935, 0.45, 0.385, 0.47, 0.42496901378659935, 0.48, 0.42496901378659935, 0.42496901378659935, 0.3825, 0.42496901378659935, 0.35, 0.385, 0.2, 0.3425, 0.57, 0.42496901378659935, 0.385, 0.385, 0.2825, 0.5325, 0.5975, 0.5725, 0.2832080200501253]"
32,"[0.35910224438902744, 0.3175, 0.39434761845551014, 0.5175, 0.3775, 0.26, 0.39434761845551014, 0.385, 0.39434761845551014, 0.39434761845551014, 0.49, 0.39434761845551014, 0.525, 0.52, 0.5225, 0.4225, 0.3475, 0.39434761845551014, 0.35, 0.2025, 0.4825, 0.2925, 0.45, 0.27, 0.40100250626566414]"
33,"[0.3690773067331671, 0.5425, 0.39564296865671195, 0.49, 0.245, 0.44, 0.39564296865671195, 0.385, 0.39564296865671195, 0.39564296865671195, 0.2925, 0.39564296865671195, 0.33, 0.3575, 0.3, 0.265, 0.57, 0.39564296865671195, 0.3875, 0.4875, 0.295, 0.46, 0.55, 0.495, 0.2556390977443609]"
34,"[0.43640897755610975, 0.36, 0.376964738430931, 0.5275, 0.3975, 0.2025, 0.376964738430931, 0.375, 0.376964738430931, 0.376964738430931, 0.4775, 0.376964738430931, 0.56, 0.5125, 0.36, 0.405, 0.3425, 0.376964738430931, 0.37, 0.265, 0.2725, 0.1625, 0.44, 0.3275, 0.3684210526315789]"
35,"[0.486284289276808, 0.515, 0.41384585606785046, 0.285, 0.1475, 0.4725, 0.555, 0.38, 0.41384585606785046, 0.41384585606785046, 0.2225, 0.5025, 0.375, 0.405, 0.4725, 0.1575, 0.5275, 0.41384585606785046, 0.47, 0.485, 0.5125, 0.41384585606785046, 0.5125, 0.54, 0.2531328320802005]"
36,"[0.3192019950124688, 0.165, 0.36161768120425747, 0.4475, 0.435, 0.125, 0.4425, 0.3625, 0.36161768120425747, 0.36161768120425747, 0.4925, 0.36, 0.56, 0.5225, 0.275, 0.35, 0.3525, 0.36161768120425747, 0.3975, 0.495, 0.2725, 0.36161768120425747, 0.265, 0.3325, 0.2606516290726817]"
37,"[0.5012468827930174, 0.4075, 0.36921240679629247, 0.2225, 0.115, 0.41, 0.375, 0.3075, 0.36921240679629247, 0.36921240679629247, 0.205, 0.4475, 0.415, 0.405, 0.475, 0.1675, 0.5725, 0.36921240679629247, 0.3225, 0.3, 0.54, 0.36921240679629247, 0.445, 0.55, 0.20050125313283207]"
38,"[0.20947630922693267, 0.16, 0.3425035773661086, 0.41, 0.4075, 0.115, 0.445, 0.335, 0.3425035773661086, 0.3425035773661086, 0.5175, 0.3325, 0.5875, 0.6, 0.1725, 0.255, 0.35, 0.3425035773661086, 0.4725, 0.525, 0.1675, 0.3425035773661086, 0.2025, 0.3475, 0.23809523809523808]"
39,"[0.5211970074812967, 0.3275, 0.3639574067650423, 0.18, 0.18, 0.41, 0.325, 0.295, 0.3639574067650423, 0.3639574067650423, 0.2025, 0.3675, 0.4025, 0.3875, 0.5275, 0.35, 0.5775, 0.3639574067650423, 0.1775, 0.3025, 0.505, 0.3639574067650423, 0.465, 0.595, 0.18045112781954886]"
40,"[0.2194513715710723, 0.3275, 0.5475, 0.3925, 0.3775, 0.135, 0.3975, 0.3825, 0.3457168035871653, 0.3457168035871653, 0.5025, 0.325, 0.6075, 0.59, 0.14, 0.22, 0.3275, 0.3457168035871653, 0.415, 0.4425, 0.1125, 0.3457168035871653, 0.195, 0.3625, 0.24060150375939848]"
41,"[0.4763092269326683, 0.295, 0.27, 0.19, 0.2075, 0.3725, 0.3075, 0.4, 0.3459174581150656, 0.3459174581150656, 0.1925, 0.3325, 0.41, 0.39, 0.435, 0.3275, 0.5875, 0.3459174581150656, 0.16, 0.19, 0.48, 0.3459174581150656, 0.515, 0.5425, 0.18295739348370926]"
42,"[0.14713216957605985, 0.3925, 0.375, 0.515, 0.3625, 0.165, 0.2325, 0.4275, 0.3329897046975591, 0.3329897046975591, 0.465, 0.2775, 0.6075, 0.615, 0.185, 0.225, 0.315, 0.3329897046975591, 0.38, 0.3925, 0.095, 0.3329897046975591, 0.1925, 0.365, 0.2606516290726817]"
43,"[0.4937655860349127, 0.2225, 0.205, 0.1725, 0.15, 0.34, 0.28, 0.47, 0.33091687180187734, 0.33091687180187734, 0.1475, 0.33, 0.4125, 0.365, 0.44, 0.2975, 0.6075, 0.33091687180187734, 0.145, 0.205, 0.5, 0.33091687180187734, 0.4325, 0.5375, 0.19548872180451127]"
44,"[0.11471321695760599, 0.35, 0.4625, 0.48, 0.3725, 0.235, 0.2125, 0.3225, 0.3320549079324603, 0.3320549079324603, 0.4925, 0.2525, 0.59, 0.5775, 0.1975, 0.195, 0.32, 0.3320549079324603, 0.3175, 0.4475, 0.09, 0.3320549079324603, 0.1575, 0.41, 0.37593984962406013]"
45,"[0.35346843671679196, 0.35346843671679196, 0.2125, 0.1625, 0.1625, 0.345, 0.35346843671679196, 0.39, 0.57, 0.35346843671679196, 0.35346843671679196, 0.35346843671679196, 0.35346843671679196, 0.395, 0.5525, 0.2825, 0.5625, 0.35346843671679196, 0.2075, 0.2125, 0.43, 0.35346843671679196, 0.47, 0.5025, 0.19799498746867167]"
46,"[0.3352001096491228, 0.3352001096491228, 0.415, 0.4225, 0.485, 0.2125, 0.3352001096491228, 0.1825, 0.28, 0.3352001096491228, 0.3352001096491228, 0.3352001096491228, 0.3352001096491228, 0.5125, 0.455, 0.1975, 0.34, 0.3352001096491228, 0.295, 0.53, 0.1325, 0.3352001096491228, 0.1975, 0.425, 0.2807017543859649]"
47,"[0.328937969924812, 0.328937969924812, 0.21, 0.33, 0.14, 0.4525, 0.328937969924812, 0.33, 0.3875, 0.328937969924812, 0.328937969924812, 0.328937969924812, 0.328937969924812, 0.405, 0.4425, 0.225, 0.555, 0.328937969924812, 0.14, 0.215, 0.425, 0.328937969924812, 0.3725, 0.43, 0.20300751879699247]"
48,"[0.32879385964912283, 0.32879385964912283, 0.3275, 0.5575, 0.4575, 0.18, 0.32879385964912283, 0.1825, 0.24, 0.32879385964912283, 0.32879385964912283, 0.32879385964912283, 0.32879385964912283, 0.4575, 0.4825, 0.1825, 0.375, 0.32879385964912283, 0.26, 0.535, 0.155, 0.32879385964912283, 0.23, 0.3575, 0.2807017543859649]"
49,"[0.2989371867167919, 0.2989371867167919, 0.1225, 0.48, 0.1625, 0.405, 0.2989371867167919, 0.3275, 0.2225, 0.2989371867167919, 0.2989371867167919, 0.2989371867167919, 0.2989371867167919, 0.4125, 0.3725, 0.1975, 0.5325, 0.2989371867167919, 0.115, 0.2225, 0.4025, 0.2989371867167919, 0.3325, 0.2775, 0.19799498746867167]"
50,"[0.47381546134663344, 0.3739619700748129, 0.3739619700748129, 0.5275, 0.3625, 0.2325, 0.3739619700748129, 0.195, 0.1975, 0.5975, 0.3739619700748129, 0.3739619700748129, 0.4175, 0.38, 0.5425, 0.1825, 0.385, 0.3739619700748129, 0.345, 0.505, 0.2075, 0.445, 0.36, 0.375, 0.3739619700748129]"
51,"[0.19950124688279303, 0.3680278470490441, 0.3680278470490441, 0.21, 0.21, 0.4175, 0.3680278470490441, 0.4725, 0.2125, 0.475, 0.3680278470490441, 0.3680278470490441, 0.5975, 0.405, 0.3825, 0.205, 0.5075, 0.3680278470490441, 0.1675, 0.5275, 0.375, 0.5025, 0.3475, 0.41, 0.3680278470490441]"
52,"[0.39900249376558605, 0.3675834718758659, 0.3675834718758659, 0.465, 0.38, 0.2, 0.3675834718758659, 0.545, 0.1725, 0.2975, 0.3675834718758659, 0.3675834718758659, 0.4275, 0.435, 0.5375, 0.18, 0.3725, 0.3675834718758659, 0.465, 0.48, 0.2225, 0.145, 0.53, 0.3625, 0.3675834718758659]"
53,"[0.38403990024937656, 0.39008555001385425, 0.39008555001385425, 0.2575, 0.225, 0.4125, 0.39008555001385425, 0.3325, 0.3075, 0.5175, 0.39008555001385425, 0.39008555001385425, 0.605, 0.4125, 0.335, 0.2775, 0.48, 0.39008555001385425, 0.17, 0.58, 0.375, 0.4775, 0.375, 0.4975, 0.39008555001385425]"
54,"[0.32169576059850374, 0.3407886533665835, 0.3407886533665835, 0.48, 0.365, 0.1075, 0.3407886533665835, 0.4425, 0.205, 0.2275, 0.3407886533665835, 0.3407886533665835, 0.44, 0.4475, 0.545, 0.2, 0.3625, 0.3407886533665835, 0.4425, 0.4075, 0.22, 0.1225, 0.4475, 0.35, 0.3407886533665835]"
55,"[0.5461346633416458, 0.26, 0.37145024272878985, 0.2775, 0.1775, 0.47, 0.235, 0.3575, 0.4, 0.54, 0.37145024272878985, 0.29, 0.5875, 0.4075, 0.1775, 0.3375, 0.37145024272878985, 0.3625, 0.1975, 0.605, 0.4675, 0.4225, 0.2, 0.545, 0.3082706766917293]"
56,"[0.2194513715710723, 0.4225, 0.34739958957129846, 0.545, 0.4, 0.14, 0.2675, 0.45, 0.22, 0.1875, 0.34739958957129846, 0.27, 0.4375, 0.4075, 0.53, 0.225, 0.34739958957129846, 0.4825, 0.46, 0.465, 0.0875, 0.2475, 0.4875, 0.355, 0.3358395989974937]"
57,"[0.49625935162094764, 0.2225, 0.38077124416686703, 0.155, 0.0825, 0.3975, 0.5375, 0.39, 0.5175, 0.485, 0.38077124416686703, 0.3125, 0.5875, 0.4225, 0.165, 0.36, 0.38077124416686703, 0.5625, 0.195, 0.525, 0.5125, 0.45, 0.1625, 0.555, 0.2832080200501253]"
58,"[0.20448877805486285, 0.2725, 0.3068242791574265, 0.3775, 0.4875, 0.1325, 0.2575, 0.3325, 0.165, 0.2325, 0.3068242791574265, 0.16, 0.44, 0.36, 0.48, 0.2125, 0.3068242791574265, 0.38, 0.35, 0.5025, 0.1, 0.18, 0.505, 0.36, 0.2581453634085213]"
59,"[0.4912718204488778, 0.17, 0.3636018975118595, 0.1275, 0.0825, 0.4425, 0.5325, 0.3225, 0.4725, 0.4625, 0.3636018975118595, 0.41, 0.57, 0.4275, 0.18, 0.2975, 0.3636018975118595, 0.555, 0.1675, 0.4275, 0.5175, 0.415, 0.21, 0.53, 0.18796992481203006]"
60,"[0.38154613466334164, 0.27, 0.29641000211608465, 0.2575, 0.465, 0.105, 0.29641000211608465, 0.29641000211608465, 0.1675, 0.155, 0.3, 0.18, 0.4425, 0.3625, 0.5125, 0.2325, 0.29641000211608465, 0.3975, 0.2775, 0.4625, 0.0925, 0.2275, 0.3375, 0.3725, 0.22556390977443608]"
61,"[0.4389027431421446, 0.175, 0.344971917235197, 0.2775, 0.09, 0.4025, 0.344971917235197, 0.344971917235197, 0.3675, 0.485, 0.3375, 0.44, 0.545, 0.45, 0.1125, 0.285, 0.344971917235197, 0.5, 0.1675, 0.425, 0.4975, 0.3425, 0.1875, 0.515, 0.20300751879699247]"
62,"[0.2194513715710723, 0.24, 0.2655932804937174, 0.22, 0.42, 0.1225, 0.2655932804937174, 0.2655932804937174, 0.18, 0.155, 0.1825, 0.185, 0.4425, 0.33, 0.5225, 0.1925, 0.2655932804937174, 0.3925, 0.1925, 0.3275, 0.1, 0.1225, 0.4, 0.4275, 0.20300751879699247]"
63,"[0.33665835411471323, 0.1725, 0.35022009586964675, 0.245, 0.095, 0.415, 0.35022009586964675, 0.35022009586964675, 0.3475, 0.4475, 0.5225, 0.4175, 0.5525, 0.475, 0.11, 0.31, 0.35022009586964675, 0.4975, 0.1975, 0.4675, 0.45, 0.4525, 0.155, 0.5025, 0.18546365914786966]"
64,"[0.1970074812967581, 0.2425, 0.26011737498954607, 0.2025, 0.455, 0.1225, 0.26011737498954607, 0.26011737498954607, 0.175, 0.17, 0.205, 0.18, 0.4475, 0.4, 0.5075, 0.1875, 0.26011737498954607, 0.3875, 0.145, 0.2125, 0.0925, 0.145, 0.3875, 0.4175, 0.18295739348370926]"
65,"[0.26184538653366585, 0.1825, 0.47, 0.245, 0.145, 0.51, 0.3465115298274962, 0.3465115298274962, 0.31, 0.44, 0.495, 0.365, 0.54, 0.5225, 0.11, 0.3325, 0.3425, 0.4825, 0.2, 0.4575, 0.4175, 0.425, 0.1175, 0.43, 0.16791979949874686]"
66,"[0.16708229426433915, 0.3125, 0.2125, 0.225, 0.4675, 0.215, 0.2664150414527048, 0.2664150414527048, 0.125, 0.12, 0.23, 0.245, 0.4325, 0.3825, 0.4325, 0.2875, 0.375, 0.4, 0.1825, 0.165, 0.1, 0.13, 0.3775, 0.3575, 0.18546365914786966]"
67,"[0.26932668329177056, 0.23, 0.3725, 0.24, 0.19, 0.325, 0.3386835400058207, 0.3386835400058207, 0.3825, 0.48, 0.5225, 0.2225, 0.555, 0.5325, 0.1125, 0.2975, 0.43, 0.51, 0.2125, 0.51, 0.415, 0.325, 0.1375, 0.36, 0.15789473684210525]"
68,"[0.14713216957605985, 0.385, 0.1925, 0.21, 0.4325, 0.215, 0.27305091376929796, 0.27305091376929796, 0.145, 0.1375, 0.2325, 0.22, 0.4175, 0.3625, 0.4625, 0.31, 0.355, 0.405, 0.1875, 0.1725, 0.1025, 0.185, 0.4125, 0.375, 0.21553884711779447]"
69,"[0.3491271820448878, 0.2425, 0.4, 0.2875, 0.175, 0.375, 0.3568289468928746, 0.3568289468928746, 0.405, 0.525, 0.49, 0.2025, 0.5575, 0.56, 0.125, 0.28, 0.515, 0.5125, 0.22, 0.495, 0.45, 0.3325, 0.1525, 0.38, 0.17543859649122806]"
70,"[0.11471321695760599, 0.3061479415496347, 0.2425, 0.235, 0.4425, 0.245, 0.3061479415496347, 0.3061479415496347, 0.1325, 0.1425, 0.35, 0.3061479415496347, 0.405, 0.3725, 0.5525, 0.3061479415496347, 0.365, 0.415, 0.2975, 0.29, 0.1975, 0.1375, 0.5, 0.3875, 0.2982456140350877]"
71,"[0.2144638403990025, 0.3125161118194489, 0.16, 0.2475, 0.1725, 0.195, 0.3125161118194489, 0.3125161118194489, 0.3775, 0.5275, 0.5125, 0.3125161118194489, 0.5625, 0.575, 0.13, 0.3125161118194489, 0.5225, 0.4775, 0.0925, 0.295, 0.1, 0.1775, 0.18, 0.3875, 0.3433583959899749]"
72,"[0.24189526184538654, 0.32488548990931193, 0.46, 0.165, 0.45, 0.3825, 0.32488548990931193, 0.32488548990931193, 0.13, 0.1425, 0.2575, 0.32488548990931193, 0.405, 0.3825, 0.5525, 0.32488548990931193, 0.32, 0.425, 0.3825, 0.3475, 0.2375, 0.18, 0.3325, 0.3775, 0.3258145363408521]"
73,"[0.14962593516209477, 0.3146517228232676, 0.225, 0.2975, 0.115, 0.195, 0.3146517228232676, 0.3146517228232676, 0.3925, 0.535, 0.5075, 0.3146517228232676, 0.56, 0.5625, 0.135, 0.3146517228232676, 0.4875, 0.4125, 0.19, 0.295, 0.1, 0.135, 0.2325, 0.4025, 0.3634085213032581]"
74,"[0.30423940149625933, 0.3483773836086475, 0.49, 0.23, 0.4575, 0.3925, 0.3483773836086475, 0.3483773836086475, 0.13, 0.1325, 0.2675, 0.3483773836086475, 0.405, 0.4625, 0.545, 0.3483773836086475, 0.3075, 0.41, 0.2025, 0.3575, 0.245, 0.5375, 0.4025, 0.365, 0.3233082706766917]"
75,"[0.2194513715710723, 0.30370448918566617, 0.245, 0.2475, 0.0975, 0.1825, 0.2075, 0.3625, 0.435, 0.5325, 0.5075, 0.1975, 0.57, 0.4375, 0.12, 0.2825, 0.4675, 0.30370448918566617, 0.195, 0.2375, 0.1275, 0.1325, 0.385, 0.495, 0.3007518796992481]"
76,"[0.256857855361596, 0.3213047601927947, 0.32, 0.2475, 0.455, 0.495, 0.3075, 0.305, 0.255, 0.1175, 0.295, 0.235, 0.405, 0.4225, 0.5575, 0.2725, 0.375, 0.3213047601927947, 0.25, 0.205, 0.425, 0.325, 0.26, 0.3425, 0.2606516290726817]"
77,"[0.19451371571072318, 0.27946589000420385, 0.2175, 0.25, 0.2, 0.17, 0.2825, 0.31, 0.23, 0.375, 0.505, 0.1975, 0.5775, 0.25, 0.115, 0.345, 0.4525, 0.27946589000420385, 0.21, 0.2, 0.1025, 0.1275, 0.2925, 0.5425, 0.2807017543859649]"
78,"[0.18952618453865336, 0.2827240326502041, 0.26, 0.2425, 0.2575, 0.5175, 0.1675, 0.25, 0.23, 0.1125, 0.285, 0.2175, 0.3925, 0.3725, 0.3625, 0.255, 0.48, 0.2827240326502041, 0.24, 0.195, 0.34, 0.2925, 0.255, 0.3375, 0.2506265664160401]"
79,"[0.2119700748129676, 0.2694579993298872, 0.195, 0.24, 0.2175, 0.1725, 0.2975, 0.325, 0.2275, 0.235, 0.5, 0.21, 0.5725, 0.2275, 0.11, 0.3225, 0.38, 0.2694579993298872, 0.1975, 0.2125, 0.085, 0.2225, 0.28, 0.53, 0.22556390977443608]"
80,"[0.2194513715710723, 0.31, 0.295, 0.1925, 0.235, 0.26785578198554216, 0.215, 0.235, 0.2075, 0.1475, 0.1225, 0.205, 0.405, 0.4, 0.3025, 0.2125, 0.5375, 0.26785578198554216, 0.26785578198554216, 0.3375, 0.26785578198554216, 0.2525, 0.2175, 0.3675, 0.20802005012531327]"
81,"[0.20947630922693267, 0.21, 0.2275, 0.265, 0.205, 0.2804688563529712, 0.2375, 0.3025, 0.2325, 0.2225, 0.3775, 0.27, 0.5575, 0.4275, 0.23, 0.245, 0.33, 0.2804688563529712, 0.2804688563529712, 0.21, 0.2804688563529712, 0.2475, 0.2375, 0.4975, 0.14786967418546365]"
82,"[0.17955112219451372, 0.235, 0.2475, 0.19, 0.2375, 0.2666664754452334, 0.1475, 0.25, 0.3275, 0.16, 0.2625, 0.2525, 0.41, 0.415, 0.2325, 0.23, 0.5, 0.2666664754452334, 0.2666664754452334, 0.2775, 0.2666664754452334, 0.215, 0.245, 0.4075, 0.17794486215538846]"
83,"[0.20448877805486285, 0.2225, 0.1975, 0.3225, 0.2125, 0.26927807882132593, 0.265, 0.26, 0.18, 0.225, 0.305, 0.305, 0.585, 0.465, 0.195, 0.2275, 0.3125, 0.26927807882132593, 0.26927807882132593, 0.1925, 0.26927807882132593, 0.2025, 0.255, 0.38, 0.14035087719298245]"
84,"[0.1770573566084788, 0.2425, 0.235, 0.1975, 0.2325, 0.2609536800676433, 0.1325, 0.24, 0.3025, 0.13, 0.2275, 0.2425, 0.395, 0.4275, 0.24, 0.215, 0.5175, 0.2609536800676433, 0.2609536800676433, 0.31, 0.2609536800676433, 0.255, 0.2375, 0.335, 0.18796992481203006]"
85,"[0.19451371571072318, 0.23, 0.17, 0.26317423929922285, 0.135, 0.26317423929922285, 0.3075, 0.3, 0.225, 0.2875, 0.3525, 0.27, 0.5875, 0.4625, 0.1525, 0.215, 0.3125, 0.3325, 0.26317423929922285, 0.1475, 0.2075, 0.1725, 0.205, 0.395, 0.12781954887218044]"
86,"[0.2144638403990025, 0.3275, 0.22, 0.2903322023603556, 0.3025, 0.2903322023603556, 0.17, 0.2225, 0.3575, 0.1075, 0.3625, 0.1875, 0.4425, 0.415, 0.2775, 0.2025, 0.535, 0.4375, 0.2903322023603556, 0.25, 0.2275, 0.2875, 0.25, 0.4525, 0.13784461152882205]"
87,"[0.18952618453865336, 0.2325, 0.1675, 0.26215207879140157, 0.1975, 0.26215207879140157, 0.3475, 0.33, 0.2325, 0.2875, 0.305, 0.24, 0.54, 0.475, 0.1475, 0.1975, 0.3075, 0.315, 0.26215207879140157, 0.1875, 0.205, 0.1725, 0.2, 0.3625, 0.12781954887218044]"
88,"[0.23690773067331672, 0.295, 0.18, 0.28521345232839523, 0.37, 0.28521345232839523, 0.195, 0.215, 0.34, 0.13, 0.2975, 0.145, 0.5025, 0.42, 0.2925, 0.1725, 0.545, 0.45, 0.28521345232839523, 0.2125, 0.2225, 0.265, 0.2425, 0.43, 0.11528822055137844]"
89,"[0.19950124688279303, 0.2025, 0.125, 0.27271770306518966, 0.1925, 0.27271770306518966, 0.3775, 0.3075, 0.245, 0.2975, 0.3025, 0.205, 0.5125, 0.5125, 0.1775, 0.235, 0.29, 0.5075, 0.27271770306518966, 0.2675, 0.1875, 0.1675, 0.205, 0.3675, 0.11528822055137844]"
90,"[0.2593516209476309, 0.2625, 0.19, 0.2843670171376071, 0.22, 0.27, 0.195, 0.2843670171376071, 0.3525, 0.165, 0.32, 0.2843670171376071, 0.4425, 0.2843670171376071, 0.2825, 0.2025, 0.5075, 0.3575, 0.2843670171376071, 0.21, 0.2775, 0.205, 0.3225, 0.45, 0.19548872180451127]"
91,"[0.20698254364089774, 0.205, 0.16, 0.25987231013943835, 0.1925, 0.1075, 0.3225, 0.25987231013943835, 0.18, 0.3525, 0.29, 0.25987231013943835, 0.535, 0.25987231013943835, 0.18, 0.3425, 0.28, 0.4825, 0.25987231013943835, 0.2075, 0.185, 0.2275, 0.185, 0.37, 0.18546365914786966]"
92,"[0.29177057356608477, 0.2675, 0.1975, 0.2796173507334421, 0.2275, 0.295, 0.1925, 0.2796173507334421, 0.3375, 0.1675, 0.3125, 0.2796173507334421, 0.41, 0.2796173507334421, 0.275, 0.17, 0.395, 0.3725, 0.2796173507334421, 0.2075, 0.295, 0.2125, 0.285, 0.45, 0.23057644110275688]"
93,"[0.14713216957605985, 0.2075, 0.14, 0.2648810445690286, 0.1925, 0.11, 0.265, 0.2648810445690286, 0.1825, 0.2875, 0.3225, 0.2648810445690286, 0.54, 0.2648810445690286, 0.1725, 0.39, 0.405, 0.535, 0.2648810445690286, 0.1875, 0.175, 0.285, 0.1825, 0.375, 0.19548872180451127]"
94,"[0.3316708229426434, 0.215, 0.15, 0.271236736635854, 0.2175, 0.33, 0.1925, 0.271236736635854, 0.3025, 0.1725, 0.3125, 0.271236736635854, 0.4175, 0.271236736635854, 0.27, 0.2325, 0.325, 0.3675, 0.271236736635854, 0.2075, 0.325, 0.175, 0.235, 0.42, 0.22556390977443608]"
95,"[0.17206982543640897, 0.26, 0.2801330115221115, 0.2801330115221115, 0.2801330115221115, 0.1325, 0.24, 0.2801330115221115, 0.2075, 0.2375, 0.3375, 0.2801330115221115, 0.54, 0.2801330115221115, 0.1775, 0.4175, 0.4625, 0.58, 0.1875, 0.1675, 0.175, 0.3125, 0.1775, 0.355, 0.18295739348370926]"
96,"[0.3341645885286783, 0.19, 0.26880018082349855, 0.26880018082349855, 0.26880018082349855, 0.27, 0.2075, 0.26880018082349855, 0.2275, 0.16, 0.3175, 0.26880018082349855, 0.3875, 0.26880018082349855, 0.25, 0.2925, 0.2825, 0.375, 0.18, 0.3, 0.2575, 0.2, 0.225, 0.435, 0.21553884711779447]"
97,"[0.16209476309226933, 0.2775, 0.2861839876630808, 0.2861839876630808, 0.2861839876630808, 0.23, 0.2, 0.2861839876630808, 0.21, 0.225, 0.35, 0.2861839876630808, 0.565, 0.2861839876630808, 0.1875, 0.2675, 0.42, 0.5775, 0.1725, 0.505, 0.18, 0.275, 0.1925, 0.28, 0.16040100250626566]"
98,"[0.30673316708229426, 0.205, 0.26577714465978564, 0.26577714465978564, 0.26577714465978564, 0.2775, 0.2175, 0.26577714465978564, 0.2425, 0.1625, 0.27, 0.26577714465978564, 0.3725, 0.26577714465978564, 0.2375, 0.235, 0.295, 0.3925, 0.235, 0.33, 0.2625, 0.2375, 0.2025, 0.355, 0.21303258145363407]"
99,"[0.16209476309226933, 0.2325, 0.2950014259957545, 0.2950014259957545, 0.2950014259957545, 0.3075, 0.1925, 0.2950014259957545, 0.185, 0.225, 0.45, 0.2950014259957545, 0.5775, 0.2950014259957545, 0.1775, 0.275, 0.3825, 0.5075, 0.2, 0.445, 0.1825, 0.2775, 0.2, 0.4525, 0.17293233082706766]"
