none,[]
0,"[0.08229426433915212, 0.115, 0.075, 0.095, 0.0825, 0.115, 0.125, 0.1225, 0.1125, 0.0875, 0.1425, 0.22, 0.2325, 0.1025, 0.225, 0.1125, 0.12, 0.1, 0.08, 0.1875, 0.1075, 0.07, 0.1025, 0.1275, 0.09273182957393483]"
1,"[0.10473815461346633, 0.115, 0.1375, 0.085, 0.095, 0.0875, 0.08, 0.1225, 0.095, 0.0875, 0.095, 0.1175, 0.095, 0.1025, 0.105, 0.0875, 0.1075, 0.085, 0.1125, 0.1025, 0.1075, 0.105, 0.1025, 0.0925, 0.09774436090225563]"
2,"[0.08229426433915212, 0.115, 0.075, 0.085, 0.0925, 0.115, 0.08, 0.1225, 0.1125, 0.0875, 0.0775, 0.115, 0.105, 0.1, 0.105, 0.0875, 0.1075, 0.0775, 0.13, 0.0875, 0.1075, 0.07, 0.1025, 0.045, 0.09273182957393483]"
3,"[0.09975062344139651, 0.115, 0.0925, 0.085, 0.095, 0.0875, 0.08, 0.1225, 0.095, 0.0875, 0.1225, 0.1175, 0.1025, 0.1025, 0.105, 0.0875, 0.1, 0.0775, 0.13, 0.0875, 0.1075, 0.07, 0.1025, 0.105, 0.09273182957393483]"
4,"[0.09975062344139651, 0.085, 0.075, 0.085, 0.095, 0.13, 0.08, 0.1225, 0.0925, 0.0875, 0.0775, 0.115, 0.105, 0.2125, 0.1775, 0.1, 0.1, 0.0775, 0.1475, 0.0875, 0.1075, 0.11, 0.1025, 0.1125, 0.09273182957393483]"
5,"[0.12967581047381546, 0.0975, 0.17, 0.085, 0.095, 0.21, 0.08, 0.1225, 0.12, 0.0875, 0.175, 0.0975, 0.225, 0.1775, 0.175, 0.0875, 0.1825, 0.17, 0.0925, 0.0875, 0.1075, 0.1025, 0.1025, 0.185, 0.14035087719298245]"
6,"[0.20947630922693267, 0.2325, 0.1725, 0.1375, 0.25, 0.14, 0.1875, 0.1275, 0.14, 0.18, 0.2425, 0.1475, 0.1525, 0.2375, 0.215, 0.1075, 0.32, 0.175, 0.1875, 0.175, 0.2225, 0.2125, 0.1025, 0.1325, 0.19298245614035087]"
7,"[0.314214463840399, 0.25, 0.165, 0.2425, 0.19, 0.2725, 0.2125, 0.21, 0.1625, 0.255, 0.2025, 0.1, 0.2575, 0.12, 0.1775, 0.195, 0.235, 0.18, 0.1875, 0.1625, 0.225, 0.215, 0.17, 0.145, 0.19548872180451127]"
8,"[0.2169576059850374, 0.15, 0.2175, 0.255, 0.155, 0.2025, 0.175, 0.2725, 0.1925, 0.1825, 0.2575, 0.22, 0.2325, 0.2225, 0.2075, 0.1175, 0.21, 0.275, 0.285, 0.2475, 0.3575, 0.29, 0.1825, 0.2225, 0.17293233082706766]"
9,"[0.2119700748129676, 0.185, 0.2675, 0.13, 0.22, 0.3675, 0.2425, 0.1675, 0.2525, 0.1575, 0.2575, 0.175, 0.285, 0.1125, 0.2375, 0.2625, 0.1975, 0.295, 0.24, 0.2325, 0.3275, 0.2975, 0.22, 0.1675, 0.16040100250626566]"
10,"[0.2518703241895262, 0.26, 0.235, 0.2375, 0.23, 0.2875, 0.25, 0.19, 0.28, 0.265, 0.3325, 0.225, 0.23, 0.3425, 0.285, 0.3025, 0.28, 0.185, 0.35, 0.275, 0.345, 0.37, 0.15, 0.25, 0.3308270676691729]"
11,"[0.26683291770573564, 0.2175, 0.3325, 0.185, 0.2725, 0.325, 0.34, 0.1825, 0.26, 0.3, 0.31, 0.205, 0.3725, 0.2175, 0.3075, 0.2725, 0.345, 0.3275, 0.2775, 0.2175, 0.285, 0.3275, 0.2425, 0.2825, 0.3082706766917293]"
12,"[0.2518703241895262, 0.3125, 0.2, 0.2625, 0.1875, 0.2375, 0.28, 0.3725, 0.2275, 0.275, 0.3025, 0.2175, 0.37, 0.31, 0.3075, 0.2475, 0.295, 0.2475, 0.26, 0.235, 0.235, 0.28, 0.1725, 0.2125, 0.3107769423558897]"
13,"[0.3516209476309227, 0.265, 0.23, 0.2, 0.29, 0.3725, 0.26, 0.1725, 0.275, 0.2675, 0.255, 0.1975, 0.32, 0.19, 0.27, 0.2775, 0.275, 0.2925, 0.2475, 0.1775, 0.2775, 0.24, 0.3925, 0.2725, 0.24561403508771928]"
14,"[0.34413965087281795, 0.2475, 0.2825, 0.355, 0.16, 0.2525, 0.275, 0.32, 0.1925, 0.255, 0.3675, 0.3325, 0.3, 0.29, 0.2225, 0.18, 0.2375, 0.35, 0.3325, 0.31, 0.2325, 0.38, 0.19, 0.1725, 0.19548872180451127]"
15,"[0.341645885286783, 0.195, 0.1975, 0.2, 0.32, 0.39, 0.22, 0.185, 0.3, 0.265, 0.2525, 0.19, 0.26, 0.2225, 0.2525, 0.2875, 0.2525, 0.3125, 0.2725, 0.1675, 0.27, 0.255, 0.35, 0.315, 0.24812030075187969]"
16,"[0.3117206982543641, 0.23, 0.2825, 0.3575, 0.18, 0.2575, 0.32, 0.2825, 0.2325, 0.2375, 0.2825, 0.33, 0.3075, 0.3375, 0.2275, 0.2125, 0.2275, 0.3825, 0.335, 0.3075, 0.2175, 0.34, 0.195, 0.2, 0.16040100250626566]"
17,"[0.30174563591022446, 0.23, 0.195, 0.2025, 0.285, 0.39, 0.235, 0.2, 0.2875, 0.2925, 0.2725, 0.1875, 0.2825, 0.21, 0.26, 0.3075, 0.2825, 0.35, 0.275, 0.17, 0.2925, 0.2325, 0.3625, 0.3275, 0.2606516290726817]"
18,"[0.30673316708229426, 0.24, 0.3175, 0.3675, 0.21, 0.2575, 0.315, 0.31, 0.1875, 0.2325, 0.295, 0.34, 0.3375, 0.3425, 0.2175, 0.205, 0.215, 0.365, 0.3225, 0.3, 0.2075, 0.315, 0.195, 0.19, 0.17042606516290726]"
19,"[0.34413965087281795, 0.235, 0.195, 0.1875, 0.29, 0.3775, 0.245, 0.2, 0.3125, 0.315, 0.255, 0.1925, 0.34, 0.235, 0.2775, 0.3175, 0.3025, 0.3625, 0.235, 0.1875, 0.3, 0.1825, 0.36, 0.34, 0.3208020050125313]"
20,"[0.2967581047381546, 0.235, 0.375, 0.38, 0.2225, 0.2375, 0.34, 0.3275, 0.165, 0.2425, 0.3325, 0.36, 0.3775, 0.3375, 0.225, 0.1975, 0.255, 0.37, 0.3375, 0.365, 0.2075, 0.3225, 0.185, 0.18, 0.23057644110275688]"
21,"[0.3541147132169576, 0.2475, 0.19, 0.17, 0.315, 0.395, 0.25, 0.185, 0.33, 0.345, 0.21, 0.2075, 0.3575, 0.235, 0.29, 0.37, 0.315, 0.3675, 0.2275, 0.215, 0.3325, 0.17, 0.38, 0.3725, 0.3283208020050125]"
22,"[0.286783042394015, 0.245, 0.405, 0.365, 0.2375, 0.2275, 0.3525, 0.3375, 0.165, 0.2425, 0.3925, 0.3725, 0.4, 0.295, 0.2375, 0.1975, 0.2525, 0.385, 0.365, 0.38, 0.2125, 0.3525, 0.1725, 0.1925, 0.2807017543859649]"
23,"[0.3341645885286783, 0.2825, 0.1975, 0.19, 0.3225, 0.3875, 0.2675, 0.1725, 0.35, 0.3875, 0.2125, 0.215, 0.35, 0.2475, 0.3425, 0.4, 0.345, 0.38, 0.2275, 0.2325, 0.3375, 0.1725, 0.3775, 0.39, 0.3082706766917293]"
24,"[0.30673316708229426, 0.2775, 0.39, 0.365, 0.2775, 0.23, 0.385, 0.35, 0.155, 0.2475, 0.3975, 0.3825, 0.395, 0.27, 0.2475, 0.195, 0.2825, 0.385, 0.37, 0.3825, 0.2075, 0.34, 0.195, 0.2, 0.3082706766917293]"
25,"[0.3316708229426434, 0.315, 0.205, 0.215, 0.32, 0.3775, 0.295, 0.1825, 0.3425, 0.4025, 0.21, 0.21, 0.36, 0.25, 0.355, 0.3975, 0.3575, 0.36, 0.225, 0.2775, 0.325, 0.175, 0.3875, 0.37, 0.3533834586466165]"
26,"[0.35910224438902744, 0.285, 0.3725, 0.3475, 0.3075, 0.2325, 0.425, 0.355, 0.1575, 0.2575, 0.4025, 0.3825, 0.3825, 0.2825, 0.285, 0.205, 0.31, 0.3975, 0.375, 0.395, 0.2175, 0.3325, 0.22, 0.195, 0.3659147869674185]"
27,"[0.3316708229426434, 0.31, 0.21, 0.2275, 0.3275, 0.3725, 0.335, 0.18, 0.33, 0.4075, 0.225, 0.205, 0.365, 0.255, 0.35, 0.3875, 0.3475, 0.3525, 0.2275, 0.31, 0.335, 0.18, 0.395, 0.3725, 0.37092731829573933]"
28,"[0.3740648379052369, 0.3, 0.3425, 0.3425, 0.33, 0.26, 0.4325, 0.3525, 0.165, 0.2725, 0.405, 0.3625, 0.41, 0.2975, 0.315, 0.2275, 0.3175, 0.3875, 0.3525, 0.395, 0.22, 0.3225, 0.26, 0.2025, 0.38095238095238093]"
29,"[0.33665835411471323, 0.295, 0.22, 0.23, 0.32, 0.36, 0.385, 0.215, 0.305, 0.375, 0.235, 0.215, 0.3825, 0.255, 0.3225, 0.38, 0.33, 0.34, 0.2375, 0.3375, 0.3225, 0.1825, 0.4, 0.365, 0.37593984962406013]"
30,"[0.36658354114713215, 0.315, 0.33, 0.3475, 0.345, 0.2725, 0.4175, 0.3575, 0.17, 0.2925, 0.3975, 0.3475, 0.445, 0.3, 0.3325, 0.245, 0.3225, 0.39, 0.34, 0.4025, 0.22, 0.315, 0.2925, 0.2225, 0.3609022556390977]"
31,"[0.33915211970074816, 0.2875, 0.2325, 0.2475, 0.3075, 0.3475, 0.4325, 0.235, 0.2825, 0.36, 0.2375, 0.2275, 0.385, 0.255, 0.3125, 0.3725, 0.3125, 0.35, 0.255, 0.35, 0.3125, 0.1875, 0.3875, 0.3425, 0.37092731829573933]"
32,"[0.35910224438902744, 0.3075, 0.3325, 0.3375, 0.355, 0.2925, 0.4025, 0.365, 0.1825, 0.3175, 0.405, 0.3275, 0.46, 0.32, 0.355, 0.2725, 0.3325, 0.375, 0.3325, 0.3975, 0.255, 0.31, 0.3075, 0.2375, 0.3558897243107769]"
33,"[0.3566084788029925, 0.2725, 0.2525, 0.2725, 0.32, 0.3525, 0.4775, 0.27, 0.2725, 0.3425, 0.2425, 0.2275, 0.3925, 0.255, 0.305, 0.375, 0.315, 0.3425, 0.275, 0.35, 0.3025, 0.1975, 0.38, 0.35, 0.39598997493734334]"
34,"[0.30673316708229426, 0.325, 0.3325, 0.3425, 0.3625, 0.31, 0.3725, 0.3675, 0.1875, 0.345, 0.4075, 0.335, 0.475, 0.3325, 0.3825, 0.3, 0.375, 0.3925, 0.3325, 0.3975, 0.2875, 0.3125, 0.3475, 0.255, 0.3533834586466165]"
35,"[0.3790523690773067, 0.275, 0.2825, 0.2925, 0.325, 0.3675, 0.495, 0.2875, 0.275, 0.3425, 0.2375, 0.235, 0.395, 0.2625, 0.3075, 0.3775, 0.2975, 0.325, 0.325, 0.355, 0.31, 0.2275, 0.3875, 0.345, 0.40852130325814534]"
36,"[0.30174563591022446, 0.345, 0.3475, 0.3475, 0.3625, 0.3225, 0.375, 0.365, 0.215, 0.3925, 0.43, 0.345, 0.4775, 0.3325, 0.4025, 0.3275, 0.39, 0.4075, 0.32, 0.3925, 0.31, 0.3125, 0.3575, 0.295, 0.3483709273182957]"
37,"[0.3865336658354115, 0.275, 0.305, 0.3125, 0.3175, 0.37, 0.5225, 0.295, 0.275, 0.3425, 0.2425, 0.245, 0.4025, 0.265, 0.305, 0.3725, 0.3025, 0.3325, 0.3475, 0.355, 0.325, 0.2475, 0.385, 0.35, 0.42355889724310775]"
38,"[0.28428927680798005, 0.36, 0.3575, 0.3575, 0.355, 0.3375, 0.3575, 0.37, 0.235, 0.415, 0.425, 0.3525, 0.49, 0.3525, 0.405, 0.3425, 0.4, 0.41, 0.3225, 0.3825, 0.34, 0.3, 0.3475, 0.31, 0.3508771929824561]"
39,"[0.4139650872817955, 0.2775, 0.3325, 0.3175, 0.3075, 0.3775, 0.545, 0.3, 0.27, 0.345, 0.2575, 0.255, 0.425, 0.2675, 0.3025, 0.365, 0.315, 0.3325, 0.3675, 0.3625, 0.3225, 0.28, 0.365, 0.36, 0.42606516290726815]"
40,"[0.26932668329177056, 0.365, 0.365, 0.3525, 0.3575, 0.3825, 0.3625, 0.36, 0.275, 0.4425, 0.4275, 0.3525, 0.515, 0.355, 0.405, 0.3475, 0.41, 0.415, 0.3275, 0.3725, 0.385, 0.32, 0.365, 0.3375, 0.37593984962406013]"
41,"[0.40648379052369077, 0.275, 0.365, 0.3325, 0.3175, 0.375, 0.5525, 0.3175, 0.27, 0.35, 0.2675, 0.27, 0.42, 0.2475, 0.3, 0.3575, 0.3325, 0.355, 0.405, 0.3675, 0.325, 0.3225, 0.355, 0.345, 0.40350877192982454]"
42,"[0.256857855361596, 0.3925, 0.3575, 0.36, 0.36, 0.4075, 0.3775, 0.365, 0.295, 0.455, 0.4225, 0.355, 0.5175, 0.3725, 0.43, 0.35, 0.425, 0.41, 0.3325, 0.38, 0.4125, 0.325, 0.3775, 0.37, 0.3408521303258145]"
43,"[0.4014962593516209, 0.285, 0.39, 0.3525, 0.3175, 0.365, 0.535, 0.3275, 0.275, 0.35, 0.3175, 0.2925, 0.3975, 0.235, 0.33, 0.3775, 0.35, 0.3675, 0.4325, 0.3825, 0.335, 0.3775, 0.365, 0.3325, 0.39849624060150374]"
44,"[0.2543640897755611, 0.3975, 0.3625, 0.37, 0.3675, 0.4175, 0.405, 0.3675, 0.33, 0.465, 0.42, 0.365, 0.5275, 0.36, 0.4425, 0.3575, 0.4325, 0.4025, 0.335, 0.3825, 0.435, 0.315, 0.39, 0.3875, 0.3057644110275689]"
45,"[0.4089775561097257, 0.3025, 0.3975, 0.3725, 0.325, 0.375, 0.515, 0.3475, 0.275, 0.35, 0.3425, 0.31, 0.42, 0.255, 0.3425, 0.37, 0.38, 0.3675, 0.4425, 0.395, 0.345, 0.3975, 0.38, 0.33, 0.39348370927318294]"
46,"[0.2344139650872818, 0.4125, 0.3675, 0.3775, 0.37, 0.41, 0.4, 0.3725, 0.345, 0.4775, 0.41, 0.3775, 0.535, 0.365, 0.445, 0.3575, 0.4425, 0.395, 0.3375, 0.3825, 0.455, 0.32, 0.41, 0.4, 0.3057644110275689]"
47,"[0.40399002493765584, 0.32, 0.4025, 0.3775, 0.33, 0.3775, 0.4575, 0.3575, 0.2775, 0.3475, 0.36, 0.315, 0.455, 0.26, 0.345, 0.385, 0.4, 0.375, 0.4425, 0.4175, 0.3425, 0.4, 0.375, 0.335, 0.38847117794486213]"
48,"[0.23192019950124687, 0.37, 0.375, 0.3875, 0.37, 0.4025, 0.395, 0.3825, 0.36, 0.4475, 0.405, 0.385, 0.54, 0.36, 0.44, 0.3625, 0.435, 0.4025, 0.3375, 0.395, 0.4475, 0.3275, 0.4225, 0.415, 0.2681704260651629]"
49,"[0.39650872817955113, 0.3325, 0.3875, 0.375, 0.3475, 0.3825, 0.41, 0.365, 0.285, 0.365, 0.36, 0.3175, 0.4575, 0.26, 0.3625, 0.3875, 0.415, 0.37, 0.44, 0.415, 0.3475, 0.3975, 0.39, 0.355, 0.39849624060150374]"
50,"[0.22693266832917705, 0.34, 0.39, 0.385, 0.3675, 0.4, 0.3975, 0.39, 0.3625, 0.4275, 0.4075, 0.3875, 0.5525, 0.36, 0.4075, 0.365, 0.4325, 0.405, 0.335, 0.4025, 0.4425, 0.3325, 0.425, 0.4125, 0.2506265664160401]"
51,"[0.3915211970074813, 0.3025, 0.3725, 0.365, 0.3675, 0.3775, 0.485, 0.355, 0.2925, 0.3925, 0.3625, 0.3175, 0.475, 0.26, 0.3675, 0.3925, 0.42, 0.37, 0.4375, 0.41, 0.3525, 0.395, 0.405, 0.3725, 0.40350877192982454]"
52,"[0.24937655860349128, 0.41, 0.3925, 0.39, 0.365, 0.39, 0.3425, 0.4, 0.3575, 0.425, 0.4175, 0.395, 0.5475, 0.3575, 0.395, 0.3575, 0.43, 0.395, 0.34, 0.4075, 0.4225, 0.345, 0.4275, 0.3975, 0.2556390977443609]"
53,"[0.38902743142144636, 0.275, 0.3525, 0.36, 0.3725, 0.3975, 0.4725, 0.3375, 0.3025, 0.4275, 0.36, 0.31, 0.495, 0.255, 0.3775, 0.3875, 0.405, 0.3625, 0.4325, 0.3975, 0.355, 0.3825, 0.4175, 0.385, 0.39849624060150374]"
54,"[0.256857855361596, 0.3925, 0.4075, 0.405, 0.365, 0.3875, 0.3075, 0.4025, 0.3575, 0.46, 0.4425, 0.4, 0.5475, 0.3525, 0.405, 0.345, 0.42, 0.405, 0.345, 0.415, 0.41, 0.35, 0.425, 0.39, 0.2606516290726817]"
55,"[0.3740648379052369, 0.27, 0.345, 0.3575, 0.37, 0.41, 0.465, 0.32, 0.3175, 0.44, 0.36, 0.3, 0.495, 0.2475, 0.3825, 0.395, 0.415, 0.3525, 0.425, 0.38, 0.39, 0.3775, 0.4325, 0.4, 0.40601503759398494]"
56,"[0.24189526184538654, 0.375, 0.4175, 0.4175, 0.3675, 0.375, 0.3475, 0.42, 0.3575, 0.415, 0.46, 0.3925, 0.545, 0.3675, 0.4325, 0.3275, 0.42, 0.4125, 0.3525, 0.43, 0.4, 0.36, 0.415, 0.3675, 0.2556390977443609]"
57,"[0.3740648379052369, 0.2325, 0.335, 0.3575, 0.3525, 0.4225, 0.4475, 0.3, 0.32, 0.4475, 0.36, 0.2975, 0.4925, 0.2225, 0.41, 0.3925, 0.445, 0.3475, 0.4175, 0.35, 0.405, 0.365, 0.435, 0.4, 0.38847117794486213]"
58,"[0.24189526184538654, 0.375, 0.4175, 0.4125, 0.345, 0.3625, 0.36, 0.42, 0.3475, 0.42, 0.465, 0.3975, 0.55, 0.3775, 0.44, 0.3075, 0.425, 0.4075, 0.3575, 0.4325, 0.385, 0.3625, 0.4025, 0.36, 0.23308270676691728]"
59,"[0.3740648379052369, 0.255, 0.315, 0.3525, 0.3475, 0.42, 0.455, 0.2975, 0.34, 0.4875, 0.36, 0.2825, 0.48, 0.2025, 0.43, 0.3875, 0.4675, 0.3275, 0.405, 0.34, 0.405, 0.355, 0.4425, 0.4025, 0.39598997493734334]"
60,"[0.23192019950124687, 0.3775, 0.4075, 0.415, 0.33, 0.3475, 0.365, 0.43, 0.35, 0.435, 0.4625, 0.4, 0.55, 0.3875, 0.4425, 0.295, 0.42, 0.4225, 0.3625, 0.425, 0.3725, 0.3725, 0.4, 0.335, 0.22305764411027568]"
61,"[0.3765586034912718, 0.275, 0.3075, 0.3375, 0.335, 0.4175, 0.4525, 0.2775, 0.34, 0.4925, 0.3525, 0.27, 0.485, 0.195, 0.4525, 0.3875, 0.49, 0.31, 0.415, 0.3275, 0.4, 0.3425, 0.4375, 0.4025, 0.39598997493734334]"
62,"[0.2344139650872818, 0.3875, 0.3975, 0.4225, 0.3175, 0.3475, 0.36, 0.4225, 0.3475, 0.44, 0.4675, 0.3975, 0.5525, 0.4025, 0.44, 0.275, 0.4275, 0.4275, 0.3725, 0.4225, 0.3575, 0.3825, 0.3775, 0.3025, 0.22305764411027568]"
63,"[0.3915211970074813, 0.2925, 0.285, 0.3175, 0.33, 0.43, 0.445, 0.2825, 0.3475, 0.4925, 0.35, 0.2675, 0.4875, 0.195, 0.4675, 0.3725, 0.5175, 0.3025, 0.4025, 0.315, 0.3975, 0.33, 0.4375, 0.3975, 0.40350877192982454]"
64,"[0.23940149625935161, 0.3975, 0.395, 0.4225, 0.2825, 0.3575, 0.3675, 0.415, 0.3475, 0.48, 0.46, 0.39, 0.5475, 0.415, 0.4525, 0.2525, 0.4525, 0.435, 0.38, 0.42, 0.33, 0.3825, 0.3625, 0.2825, 0.23057644110275688]"
65,"[0.4114713216957606, 0.295, 0.2825, 0.31, 0.325, 0.43, 0.445, 0.275, 0.345, 0.5025, 0.3475, 0.2475, 0.505, 0.2, 0.47, 0.3775, 0.52, 0.2975, 0.3925, 0.2975, 0.395, 0.3325, 0.44, 0.38, 0.40852130325814534]"
66,"[0.2543640897755611, 0.395, 0.4025, 0.4175, 0.2625, 0.3575, 0.375, 0.405, 0.345, 0.5025, 0.4625, 0.385, 0.5625, 0.425, 0.46, 0.245, 0.4775, 0.4475, 0.395, 0.4375, 0.305, 0.395, 0.3425, 0.26, 0.24060150375939848]"
67,"[0.4239401496259352, 0.3175, 0.275, 0.2825, 0.325, 0.45, 0.425, 0.2525, 0.3525, 0.4975, 0.35, 0.25, 0.5075, 0.205, 0.4775, 0.3875, 0.515, 0.31, 0.375, 0.2775, 0.3975, 0.32, 0.4275, 0.375, 0.42105263157894735]"
68,"[0.26932668329177056, 0.4025, 0.3975, 0.415, 0.26, 0.36, 0.3875, 0.385, 0.3275, 0.5, 0.47, 0.3825, 0.5575, 0.43, 0.4625, 0.2425, 0.485, 0.4575, 0.405, 0.4475, 0.2925, 0.405, 0.3225, 0.2775, 0.2506265664160401]"
69,"[0.4463840399002494, 0.3325, 0.2725, 0.2725, 0.32, 0.45, 0.4175, 0.245, 0.3575, 0.5075, 0.3575, 0.25, 0.5025, 0.215, 0.48, 0.4, 0.5125, 0.3275, 0.3725, 0.28, 0.4075, 0.3075, 0.4325, 0.37, 0.42857142857142855]"
70,"[0.28428927680798005, 0.415, 0.4075, 0.425, 0.27, 0.325, 0.4025, 0.38, 0.305, 0.4875, 0.46, 0.39, 0.5625, 0.43, 0.4525, 0.25, 0.465, 0.47, 0.4125, 0.4675, 0.295, 0.41, 0.32, 0.2775, 0.2731829573934837]"
71,"[0.4688279301745636, 0.3525, 0.275, 0.2725, 0.335, 0.4575, 0.405, 0.2575, 0.36, 0.5025, 0.36, 0.25, 0.515, 0.23, 0.48, 0.405, 0.5025, 0.3625, 0.365, 0.2775, 0.425, 0.275, 0.4575, 0.3875, 0.44611528822055135]"
72,"[0.2942643391521197, 0.43, 0.4075, 0.44, 0.275, 0.315, 0.4075, 0.3875, 0.295, 0.495, 0.4375, 0.39, 0.565, 0.4275, 0.42, 0.2525, 0.435, 0.47, 0.4225, 0.4675, 0.3, 0.4125, 0.335, 0.29, 0.2857142857142857]"
73,"[0.4763092269326683, 0.38, 0.2825, 0.275, 0.34, 0.465, 0.4125, 0.2625, 0.3725, 0.495, 0.37, 0.26, 0.51, 0.2675, 0.4675, 0.4, 0.5025, 0.3825, 0.355, 0.2875, 0.43, 0.2825, 0.4475, 0.395, 0.45112781954887216]"
74,"[0.32418952618453867, 0.4425, 0.4025, 0.445, 0.285, 0.3225, 0.41, 0.39, 0.3025, 0.49, 0.425, 0.39, 0.555, 0.41, 0.4275, 0.27, 0.435, 0.46, 0.4325, 0.47, 0.305, 0.4175, 0.335, 0.2925, 0.3032581453634085]"
75,"[0.4837905236907731, 0.3825, 0.295, 0.2875, 0.345, 0.4675, 0.405, 0.2625, 0.3725, 0.5, 0.3875, 0.28, 0.51, 0.3025, 0.4625, 0.3975, 0.51, 0.4075, 0.36, 0.2975, 0.415, 0.295, 0.4475, 0.3875, 0.45864661654135336]"
76,"[0.35910224438902744, 0.44, 0.38, 0.4375, 0.2975, 0.3425, 0.43, 0.395, 0.3, 0.4875, 0.415, 0.3875, 0.54, 0.3975, 0.43, 0.29, 0.4325, 0.445, 0.4325, 0.465, 0.31, 0.4125, 0.3475, 0.31, 0.3233082706766917]"
77,"[0.4763092269326683, 0.375, 0.3025, 0.305, 0.35, 0.4575, 0.4, 0.2725, 0.36, 0.5, 0.4075, 0.2825, 0.495, 0.315, 0.45, 0.385, 0.505, 0.4075, 0.37, 0.3075, 0.4025, 0.315, 0.44, 0.375, 0.45112781954887216]"
78,"[0.35910224438902744, 0.44, 0.365, 0.415, 0.3075, 0.355, 0.4225, 0.3775, 0.3075, 0.4825, 0.4175, 0.3825, 0.5475, 0.39, 0.4275, 0.3025, 0.4325, 0.4225, 0.4275, 0.445, 0.3175, 0.415, 0.3675, 0.32, 0.3383458646616541]"
79,"[0.4713216957605985, 0.3725, 0.315, 0.3175, 0.35, 0.4525, 0.39, 0.285, 0.3525, 0.495, 0.3975, 0.2875, 0.515, 0.3225, 0.45, 0.3775, 0.48, 0.4125, 0.39, 0.3125, 0.375, 0.3275, 0.42, 0.3725, 0.43859649122807015]"
80,"[0.3516209476309227, 0.44, 0.365, 0.4075, 0.32, 0.3675, 0.4225, 0.37, 0.3175, 0.47, 0.41, 0.3775, 0.5375, 0.3775, 0.43, 0.3225, 0.4425, 0.425, 0.425, 0.4225, 0.33, 0.415, 0.37, 0.325, 0.3483709273182957]"
81,"[0.46384039900249374, 0.3775, 0.34, 0.3275, 0.345, 0.46, 0.385, 0.29, 0.335, 0.4875, 0.4025, 0.2925, 0.535, 0.3125, 0.445, 0.3725, 0.4925, 0.41, 0.3975, 0.33, 0.3675, 0.33, 0.41, 0.3625, 0.42857142857142855]"
82,"[0.34663341645885287, 0.4375, 0.365, 0.39, 0.34, 0.3675, 0.4225, 0.3775, 0.34, 0.4675, 0.4125, 0.375, 0.535, 0.375, 0.42, 0.34, 0.455, 0.415, 0.4075, 0.415, 0.335, 0.395, 0.3875, 0.33, 0.3609022556390977]"
83,"[0.4538653366583541, 0.385, 0.3625, 0.3425, 0.3525, 0.4575, 0.375, 0.3, 0.3325, 0.4675, 0.405, 0.295, 0.5275, 0.3075, 0.43, 0.375, 0.4875, 0.4175, 0.41, 0.3425, 0.3575, 0.335, 0.3975, 0.3525, 0.40601503759398494]"
84,"[0.3541147132169576, 0.4325, 0.375, 0.385, 0.3675, 0.37, 0.425, 0.3775, 0.3525, 0.4725, 0.435, 0.38, 0.5375, 0.38, 0.4225, 0.3625, 0.4375, 0.4125, 0.4075, 0.415, 0.34, 0.3925, 0.395, 0.34, 0.3634085213032581]"
85,"[0.4513715710723192, 0.3875, 0.3875, 0.345, 0.3625, 0.4525, 0.3925, 0.3125, 0.3225, 0.46, 0.4225, 0.3, 0.5225, 0.3125, 0.4275, 0.385, 0.4725, 0.4125, 0.4, 0.35, 0.3575, 0.33, 0.405, 0.36, 0.40350877192982454]"
86,"[0.36159600997506236, 0.43, 0.39, 0.395, 0.385, 0.3675, 0.43, 0.39, 0.35, 0.485, 0.45, 0.38, 0.5525, 0.39, 0.425, 0.3775, 0.4425, 0.4275, 0.4175, 0.41, 0.37, 0.415, 0.3975, 0.375, 0.37343358395989973]"
87,"[0.4538653366583541, 0.395, 0.41, 0.37, 0.365, 0.45, 0.4125, 0.3325, 0.32, 0.46, 0.42, 0.3175, 0.5225, 0.315, 0.43, 0.3925, 0.4575, 0.425, 0.385, 0.3675, 0.365, 0.34, 0.4025, 0.3675, 0.40852130325814534]"
88,"[0.3740648379052369, 0.4425, 0.395, 0.39, 0.3875, 0.395, 0.4325, 0.3925, 0.3375, 0.49, 0.455, 0.3875, 0.565, 0.395, 0.43, 0.385, 0.445, 0.4475, 0.4175, 0.41, 0.39, 0.41, 0.415, 0.3975, 0.37343358395989973]"
89,"[0.4763092269326683, 0.38, 0.4075, 0.39, 0.3775, 0.45, 0.4225, 0.3375, 0.32, 0.4675, 0.4225, 0.34, 0.5275, 0.325, 0.425, 0.4, 0.455, 0.43, 0.395, 0.395, 0.375, 0.3325, 0.415, 0.37, 0.41854636591478694]"
90,"[0.3765586034912718, 0.4525, 0.395, 0.395, 0.3875, 0.4125, 0.435, 0.41, 0.3425, 0.51, 0.4575, 0.3975, 0.5775, 0.42, 0.44, 0.3975, 0.4625, 0.4625, 0.4075, 0.4125, 0.39, 0.405, 0.4175, 0.41, 0.37844611528822053]"
91,"[0.48877805486284287, 0.3675, 0.4275, 0.4025, 0.3875, 0.455, 0.4425, 0.3625, 0.3175, 0.4775, 0.425, 0.36, 0.5175, 0.3225, 0.4225, 0.415, 0.46, 0.4175, 0.41, 0.4, 0.39, 0.35, 0.4375, 0.395, 0.42355889724310775]"
92,"[0.36159600997506236, 0.475, 0.4, 0.3975, 0.4, 0.43, 0.4275, 0.425, 0.3475, 0.5075, 0.4625, 0.4225, 0.58, 0.4275, 0.455, 0.3975, 0.4825, 0.4725, 0.395, 0.4275, 0.4025, 0.3925, 0.4325, 0.4225, 0.3634085213032581]"
93,"[0.5012468827930174, 0.365, 0.4425, 0.415, 0.3925, 0.4575, 0.4575, 0.3775, 0.3175, 0.48, 0.4275, 0.385, 0.5025, 0.325, 0.425, 0.4225, 0.4625, 0.41, 0.44, 0.4025, 0.4, 0.38, 0.4475, 0.4025, 0.43609022556390975]"
94,"[0.35910224438902744, 0.48, 0.4125, 0.405, 0.4025, 0.4475, 0.4275, 0.4275, 0.365, 0.545, 0.4625, 0.42, 0.575, 0.4325, 0.4575, 0.405, 0.505, 0.4775, 0.3925, 0.44, 0.4225, 0.3825, 0.43, 0.43, 0.3583959899749373]"
95,"[0.5037406483790524, 0.385, 0.475, 0.4175, 0.3875, 0.4475, 0.46, 0.385, 0.33, 0.485, 0.415, 0.3925, 0.495, 0.325, 0.425, 0.4275, 0.4675, 0.415, 0.455, 0.4225, 0.4, 0.3925, 0.4575, 0.42, 0.45363408521303256]"
96,"[0.341645885286783, 0.475, 0.4075, 0.4175, 0.42, 0.455, 0.4275, 0.4325, 0.3775, 0.5675, 0.465, 0.425, 0.5775, 0.435, 0.465, 0.4175, 0.5075, 0.4825, 0.3875, 0.44, 0.45, 0.385, 0.445, 0.45, 0.3483709273182957]"
97,"[0.513715710723192, 0.3825, 0.475, 0.43, 0.39, 0.44, 0.4525, 0.3775, 0.3425, 0.4875, 0.4225, 0.4, 0.4925, 0.335, 0.4225, 0.4275, 0.475, 0.425, 0.4675, 0.425, 0.3975, 0.4, 0.475, 0.4175, 0.46867167919799496]"
98,"[0.34413965087281795, 0.4825, 0.405, 0.4075, 0.4175, 0.455, 0.4325, 0.4325, 0.3925, 0.5775, 0.465, 0.415, 0.5675, 0.4275, 0.4725, 0.42, 0.505, 0.475, 0.3925, 0.4425, 0.4425, 0.3875, 0.4475, 0.4625, 0.3508771929824561]"
99,"[0.513715710723192, 0.39, 0.48, 0.44, 0.385, 0.4375, 0.4625, 0.3725, 0.3425, 0.4825, 0.4275, 0.4025, 0.5075, 0.33, 0.425, 0.4275, 0.47, 0.4175, 0.4725, 0.43, 0.41, 0.41, 0.47, 0.4175, 0.47869674185463656]"
