eigenvector_centrality,"[0, 11]"
0,"[0.10473815461346633, 0.115, 0.0975, 0.095, 0.12, 0.1025, 0.08, 0.085, 0.0925, 0.1125, 0.095, 0.11, 0.125, 0.1025, 0.1225, 0.085, 0.075, 0.1125, 0.0925, 0.0875, 0.08, 0.1175, 0.115, 0.0975, 0.21303258145363407]"
1,"[0.10473815461346633, 0.115, 0.0975, 0.095, 0.085, 0.1025, 0.0875, 0.0725, 0.075, 0.1125, 0.095, 0.1025, 0.125, 0.1025, 0.1225, 0.09, 0.075, 0.1, 0.0925, 0.1, 0.08, 0.1175, 0.125, 0.0975, 0.09273182957393483]"
2,"[0.10473815461346633, 0.115, 0.0975, 0.095, 0.085, 0.1025, 0.0875, 0.085, 0.075, 0.1125, 0.095, 0.11, 0.125, 0.1025, 0.1225, 0.115, 0.0725, 0.1125, 0.0925, 0.1, 0.08, 0.1175, 0.115, 0.0975, 0.10025062656641603]"
3,"[0.10473815461346633, 0.115, 0.0975, 0.095, 0.085, 0.1025, 0.0875, 0.0725, 0.075, 0.1125, 0.095, 0.1025, 0.125, 0.1025, 0.1225, 0.0975, 0.075, 0.1, 0.13, 0.1, 0.08, 0.1175, 0.125, 0.0975, 0.10025062656641603]"
4,"[0.15211970074812967, 0.1175, 0.0975, 0.095, 0.085, 0.1225, 0.17, 0.0725, 0.1425, 0.1125, 0.1, 0.1025, 0.125, 0.1025, 0.1225, 0.115, 0.1275, 0.1125, 0.0825, 0.1, 0.08, 0.1175, 0.115, 0.2075, 0.20802005012531327]"
5,"[0.0798004987531172, 0.0775, 0.1125, 0.095, 0.1675, 0.1325, 0.145, 0.0925, 0.1125, 0.155, 0.15, 0.2125, 0.19, 0.1325, 0.0875, 0.1525, 0.1175, 0.1425, 0.13, 0.17, 0.185, 0.105, 0.075, 0.16, 0.16791979949874686]"
6,"[0.0798004987531172, 0.0775, 0.1125, 0.095, 0.11, 0.1325, 0.11, 0.0925, 0.1125, 0.085, 0.0825, 0.08, 0.095, 0.0775, 0.0875, 0.1975, 0.1175, 0.0725, 0.1125, 0.1125, 0.1475, 0.1075, 0.075, 0.12, 0.09523809523809523]"
7,"[0.0798004987531172, 0.095, 0.1125, 0.095, 0.1075, 0.135, 0.1125, 0.0925, 0.1125, 0.085, 0.0825, 0.08, 0.095, 0.08, 0.0875, 0.12, 0.1175, 0.0725, 0.1275, 0.1125, 0.145, 0.105, 0.075, 0.12, 0.09523809523809523]"
8,"[0.08229426433915212, 0.15, 0.14, 0.095, 0.1075, 0.1925, 0.1125, 0.115, 0.1125, 0.085, 0.095, 0.1375, 0.0975, 0.1275, 0.1475, 0.1925, 0.135, 0.08, 0.1775, 0.1225, 0.1675, 0.1825, 0.1175, 0.12, 0.11779448621553884]"
9,"[0.2169576059850374, 0.155, 0.2725, 0.2, 0.23, 0.1975, 0.275, 0.1775, 0.185, 0.1475, 0.145, 0.135, 0.2, 0.135, 0.1825, 0.18, 0.22, 0.18, 0.2525, 0.1575, 0.155, 0.1075, 0.1525, 0.215, 0.17293233082706766]"
10,"[0.18204488778054864, 0.2125, 0.225, 0.155, 0.195, 0.26, 0.205, 0.3875, 0.355, 0.3525, 0.3175, 0.34, 0.36, 0.4175, 0.2825, 0.3225, 0.2475, 0.2925, 0.1975, 0.2375, 0.3875, 0.415, 0.3525, 0.305, 0.3558897243107769]"
11,"[0.3740648379052369, 0.385, 0.2825, 0.385, 0.305, 0.3525, 0.3425, 0.3025, 0.2175, 0.3, 0.3225, 0.3025, 0.3775, 0.18, 0.2925, 0.2675, 0.36, 0.3275, 0.3, 0.3075, 0.33, 0.1425, 0.365, 0.4125, 0.40100250626566414]"
12,"[0.22693266832917705, 0.2775, 0.345, 0.17, 0.1925, 0.2075, 0.27, 0.4175, 0.305, 0.345, 0.4, 0.39, 0.4175, 0.4075, 0.46, 0.3975, 0.365, 0.4025, 0.1875, 0.3275, 0.3725, 0.39, 0.45, 0.33, 0.3458646616541353]"
13,"[0.39650872817955113, 0.3775, 0.3175, 0.3775, 0.34, 0.395, 0.305, 0.285, 0.1975, 0.225, 0.405, 0.4175, 0.3925, 0.1575, 0.2625, 0.245, 0.45, 0.3675, 0.315, 0.335, 0.2075, 0.1725, 0.485, 0.385, 0.3233082706766917]"
14,"[0.20698254364089774, 0.1625, 0.21, 0.1525, 0.13, 0.2375, 0.27, 0.2275, 0.3175, 0.4025, 0.3575, 0.445, 0.415, 0.4375, 0.3275, 0.3175, 0.265, 0.3025, 0.185, 0.26, 0.375, 0.345, 0.475, 0.305, 0.3082706766917293]"
15,"[0.3765586034912718, 0.4025, 0.36, 0.4375, 0.3675, 0.39, 0.3, 0.29, 0.18, 0.23, 0.335, 0.4175, 0.3125, 0.12, 0.2625, 0.215, 0.375, 0.3425, 0.4, 0.4475, 0.2075, 0.22, 0.42, 0.385, 0.2681704260651629]"
16,"[0.26683291770573564, 0.24, 0.2425, 0.1075, 0.1325, 0.3025, 0.255, 0.2275, 0.3775, 0.3875, 0.275, 0.4025, 0.355, 0.39, 0.395, 0.315, 0.3075, 0.3625, 0.15, 0.26, 0.36, 0.365, 0.355, 0.3375, 0.3609022556390977]"
17,"[0.38403990024937656, 0.38, 0.325, 0.36, 0.34, 0.3925, 0.3025, 0.2775, 0.16, 0.295, 0.3025, 0.3575, 0.3225, 0.14, 0.2525, 0.1775, 0.365, 0.3425, 0.3625, 0.4575, 0.26, 0.2575, 0.385, 0.38, 0.2857142857142857]"
18,"[0.3316708229426434, 0.3125, 0.2825, 0.1125, 0.2275, 0.315, 0.265, 0.225, 0.325, 0.365, 0.2975, 0.375, 0.3425, 0.3775, 0.3825, 0.31, 0.355, 0.385, 0.15, 0.245, 0.34, 0.3525, 0.345, 0.365, 0.37092731829573933]"
19,"[0.3765586034912718, 0.37, 0.3225, 0.335, 0.3425, 0.395, 0.2725, 0.235, 0.195, 0.3575, 0.2975, 0.335, 0.335, 0.255, 0.285, 0.1925, 0.355, 0.34, 0.34, 0.4525, 0.2825, 0.2775, 0.385, 0.36, 0.2982456140350877]"
20,"[0.3690773067331671, 0.3375, 0.3, 0.155, 0.285, 0.33, 0.26, 0.23, 0.31, 0.3775, 0.3325, 0.375, 0.34, 0.3575, 0.3625, 0.3125, 0.37, 0.3975, 0.2575, 0.2675, 0.3375, 0.3175, 0.35, 0.3675, 0.3634085213032581]"
21,"[0.3765586034912718, 0.3825, 0.335, 0.335, 0.34, 0.3925, 0.265, 0.2775, 0.255, 0.4175, 0.2975, 0.3275, 0.3525, 0.305, 0.315, 0.2175, 0.3525, 0.3225, 0.3275, 0.455, 0.2925, 0.285, 0.4, 0.3375, 0.3208020050125313]"
22,"[0.3915211970074813, 0.3425, 0.3175, 0.2225, 0.2825, 0.3425, 0.2625, 0.2375, 0.31, 0.4325, 0.3425, 0.3825, 0.3375, 0.3625, 0.3575, 0.3225, 0.38, 0.42, 0.34, 0.3175, 0.345, 0.29, 0.36, 0.37, 0.37593984962406013]"
23,"[0.3765586034912718, 0.3875, 0.35, 0.335, 0.3375, 0.3975, 0.31, 0.2775, 0.3225, 0.4375, 0.31, 0.33, 0.3675, 0.3025, 0.335, 0.22, 0.3675, 0.3125, 0.3425, 0.4525, 0.31, 0.2975, 0.4175, 0.3425, 0.3208020050125313]"
24,"[0.4114713216957606, 0.34, 0.3125, 0.31, 0.2975, 0.3575, 0.255, 0.2475, 0.3225, 0.4425, 0.3475, 0.4125, 0.34, 0.3775, 0.3525, 0.3275, 0.37, 0.435, 0.355, 0.335, 0.36, 0.29, 0.3575, 0.385, 0.41102756892230574]"
25,"[0.38403990024937656, 0.3925, 0.3775, 0.3575, 0.3425, 0.41, 0.3475, 0.3025, 0.3525, 0.4525, 0.3325, 0.3425, 0.39, 0.3225, 0.3775, 0.24, 0.3725, 0.325, 0.36, 0.44, 0.3, 0.305, 0.425, 0.3775, 0.3433583959899749]"
26,"[0.4389027431421446, 0.36, 0.32, 0.3325, 0.305, 0.3825, 0.265, 0.27, 0.335, 0.44, 0.37, 0.425, 0.3625, 0.39, 0.36, 0.3475, 0.3725, 0.4575, 0.365, 0.355, 0.3625, 0.2975, 0.3625, 0.395, 0.42857142857142855]"
27,"[0.42144638403990026, 0.41, 0.4075, 0.3725, 0.3575, 0.4275, 0.4225, 0.3, 0.3675, 0.455, 0.38, 0.435, 0.39, 0.335, 0.3725, 0.26, 0.44, 0.3575, 0.365, 0.435, 0.2925, 0.2925, 0.425, 0.395, 0.3558897243107769]"
28,"[0.2967581047381546, 0.3625, 0.315, 0.335, 0.3075, 0.375, 0.285, 0.3275, 0.35, 0.4775, 0.3625, 0.35, 0.39, 0.41, 0.3625, 0.395, 0.3125, 0.435, 0.3825, 0.3725, 0.3575, 0.3725, 0.3875, 0.415, 0.43107769423558895]"
29,"[0.3865336658354115, 0.405, 0.41, 0.3825, 0.375, 0.425, 0.4275, 0.29, 0.37, 0.455, 0.3925, 0.4475, 0.34, 0.3325, 0.3875, 0.26, 0.4725, 0.385, 0.37, 0.45, 0.3125, 0.31, 0.4325, 0.3925, 0.38095238095238093]"
30,"[0.26433915211970077, 0.4175, 0.375, 0.335, 0.3325, 0.4025, 0.3575, 0.3575, 0.395, 0.4825, 0.37, 0.305, 0.415, 0.42, 0.375, 0.4375, 0.2975, 0.4025, 0.42, 0.44, 0.3625, 0.365, 0.4425, 0.395, 0.41854636591478694]"
31,"[0.41895261845386533, 0.405, 0.41, 0.3825, 0.3575, 0.4075, 0.44, 0.2875, 0.3725, 0.4575, 0.3875, 0.44, 0.335, 0.325, 0.39, 0.275, 0.505, 0.4325, 0.38, 0.45, 0.365, 0.34, 0.425, 0.4125, 0.3659147869674185]"
32,"[0.2892768079800499, 0.44, 0.425, 0.3125, 0.3375, 0.4075, 0.39, 0.4075, 0.395, 0.4725, 0.3625, 0.28, 0.4225, 0.415, 0.3825, 0.46, 0.29, 0.39, 0.4475, 0.4575, 0.375, 0.395, 0.45, 0.38, 0.40852130325814534]"
33,"[0.4314214463840399, 0.41, 0.3875, 0.3775, 0.3475, 0.4125, 0.4575, 0.3025, 0.375, 0.4575, 0.395, 0.44, 0.3575, 0.335, 0.395, 0.2925, 0.47, 0.4475, 0.3475, 0.4675, 0.4375, 0.38, 0.4375, 0.425, 0.40350877192982454]"
34,"[0.32169576059850374, 0.4375, 0.4525, 0.3275, 0.35, 0.4125, 0.4075, 0.4175, 0.3975, 0.47, 0.355, 0.2825, 0.4175, 0.42, 0.3775, 0.465, 0.335, 0.395, 0.475, 0.4675, 0.375, 0.3775, 0.4525, 0.375, 0.39348370927318294]"
35,"[0.4239401496259352, 0.42, 0.38, 0.3725, 0.3375, 0.4125, 0.4625, 0.3175, 0.4, 0.455, 0.4025, 0.435, 0.41, 0.3325, 0.42, 0.3075, 0.4625, 0.4725, 0.3475, 0.46, 0.4625, 0.4125, 0.435, 0.435, 0.42105263157894735]"
36,"[0.3341645885286783, 0.4425, 0.4425, 0.3425, 0.3475, 0.41, 0.39, 0.4275, 0.3875, 0.465, 0.36, 0.2925, 0.4175, 0.3975, 0.3675, 0.4625, 0.36, 0.425, 0.4925, 0.48, 0.375, 0.37, 0.45, 0.38, 0.40852130325814534]"
37,"[0.4339152119700748, 0.45, 0.3875, 0.3725, 0.3325, 0.41, 0.43, 0.35, 0.4225, 0.455, 0.4175, 0.4425, 0.435, 0.325, 0.445, 0.3575, 0.4625, 0.39, 0.3725, 0.4575, 0.4575, 0.4775, 0.4675, 0.46, 0.40100250626566414]"
38,"[0.38154613466334164, 0.4275, 0.4275, 0.365, 0.3625, 0.3925, 0.3575, 0.4325, 0.37, 0.465, 0.3825, 0.335, 0.4275, 0.37, 0.375, 0.46, 0.3525, 0.42, 0.5, 0.485, 0.3825, 0.3675, 0.43, 0.375, 0.37844611528822053]"
39,"[0.4339152119700748, 0.455, 0.39, 0.3675, 0.33, 0.4425, 0.425, 0.4025, 0.4525, 0.4475, 0.4, 0.44, 0.485, 0.3525, 0.47, 0.38, 0.45, 0.385, 0.425, 0.46, 0.435, 0.4825, 0.51, 0.4225, 0.39097744360902253]"
40,"[0.4014962593516209, 0.42, 0.425, 0.37, 0.365, 0.4, 0.3575, 0.43, 0.3575, 0.4525, 0.39, 0.4175, 0.4225, 0.345, 0.375, 0.4475, 0.3875, 0.445, 0.4925, 0.49, 0.42, 0.37, 0.4325, 0.38, 0.3458646616541353]"
41,"[0.44139650872817954, 0.45, 0.4025, 0.3625, 0.3225, 0.4525, 0.415, 0.4675, 0.4625, 0.44, 0.4225, 0.435, 0.5225, 0.3625, 0.4575, 0.41, 0.4525, 0.3775, 0.3875, 0.46, 0.4275, 0.5075, 0.505, 0.4175, 0.38345864661654133]"
42,"[0.44389027431421446, 0.405, 0.4, 0.35, 0.3575, 0.3925, 0.375, 0.4325, 0.3425, 0.4375, 0.365, 0.4275, 0.43, 0.34, 0.3875, 0.435, 0.3725, 0.4475, 0.4875, 0.495, 0.42, 0.3975, 0.44, 0.405, 0.3208020050125313]"
43,"[0.456359102244389, 0.4475, 0.41, 0.345, 0.31, 0.4425, 0.4675, 0.48, 0.47, 0.445, 0.4625, 0.4475, 0.52, 0.385, 0.465, 0.4275, 0.445, 0.3775, 0.3975, 0.48, 0.3875, 0.51, 0.5075, 0.4325, 0.39598997493734334]"
44,"[0.4688279301745636, 0.41, 0.3975, 0.3475, 0.355, 0.42, 0.4075, 0.4225, 0.3575, 0.43, 0.35, 0.43, 0.46, 0.34, 0.3925, 0.44, 0.3925, 0.46, 0.46, 0.5, 0.3975, 0.4125, 0.425, 0.405, 0.3233082706766917]"
45,"[0.456359102244389, 0.4575, 0.395, 0.3375, 0.3125, 0.435, 0.485, 0.4825, 0.4675, 0.4725, 0.505, 0.4575, 0.5275, 0.4275, 0.47, 0.44, 0.4375, 0.3725, 0.3825, 0.475, 0.385, 0.5125, 0.51, 0.4275, 0.42355889724310775]"
46,"[0.48877805486284287, 0.4225, 0.4125, 0.3425, 0.3675, 0.41, 0.4125, 0.41, 0.3625, 0.4125, 0.36, 0.445, 0.485, 0.35, 0.4, 0.425, 0.3875, 0.445, 0.445, 0.5025, 0.3825, 0.4025, 0.4225, 0.395, 0.3208020050125313]"
47,"[0.456359102244389, 0.4475, 0.39, 0.3325, 0.31, 0.4475, 0.51, 0.47, 0.485, 0.4875, 0.5225, 0.4525, 0.5425, 0.4525, 0.4675, 0.445, 0.4225, 0.3625, 0.3925, 0.48, 0.395, 0.5175, 0.5275, 0.45, 0.45112781954887216]"
48,"[0.49625935162094764, 0.4325, 0.4275, 0.345, 0.3775, 0.4575, 0.4475, 0.3925, 0.3775, 0.4125, 0.3775, 0.4475, 0.475, 0.3425, 0.4075, 0.4325, 0.4175, 0.4475, 0.43, 0.4175, 0.37, 0.3625, 0.4375, 0.415, 0.3308270676691729]"
49,"[0.4463840399002494, 0.445, 0.395, 0.34, 0.32, 0.4575, 0.5075, 0.4625, 0.48, 0.475, 0.5125, 0.465, 0.535, 0.4775, 0.4625, 0.45, 0.4225, 0.35, 0.385, 0.495, 0.385, 0.5275, 0.5275, 0.4675, 0.47117794486215536]"
50,"[0.4837905236907731, 0.4175, 0.4325, 0.375, 0.3875, 0.515, 0.4625, 0.405, 0.3775, 0.4125, 0.3875, 0.425, 0.4675, 0.3425, 0.425, 0.44, 0.4325, 0.4425, 0.4075, 0.395, 0.365, 0.36, 0.4525, 0.4175, 0.3533834586466165]"
51,"[0.4463840399002494, 0.46, 0.4025, 0.335, 0.3125, 0.465, 0.4925, 0.47, 0.4625, 0.495, 0.495, 0.4075, 0.535, 0.475, 0.4825, 0.4575, 0.445, 0.3425, 0.3975, 0.4975, 0.4025, 0.5075, 0.5125, 0.46, 0.49373433583959897]"
52,"[0.4713216957605985, 0.41, 0.41, 0.3975, 0.3925, 0.4825, 0.47, 0.3825, 0.38, 0.43, 0.4075, 0.4525, 0.4675, 0.345, 0.465, 0.4575, 0.425, 0.455, 0.3775, 0.415, 0.3875, 0.3575, 0.4425, 0.4475, 0.3684210526315789]"
53,"[0.4389027431421446, 0.4675, 0.4075, 0.345, 0.3175, 0.5, 0.48, 0.465, 0.455, 0.5475, 0.455, 0.3775, 0.54, 0.4625, 0.4875, 0.4575, 0.4725, 0.345, 0.405, 0.4925, 0.4025, 0.4725, 0.4775, 0.4525, 0.47117794486215536]"
54,"[0.44139650872817954, 0.4275, 0.42, 0.4, 0.4, 0.4825, 0.51, 0.395, 0.395, 0.4475, 0.4275, 0.43, 0.485, 0.36, 0.4875, 0.4675, 0.4225, 0.465, 0.39, 0.45, 0.4125, 0.37, 0.465, 0.485, 0.38095238095238093]"
55,"[0.46633416458852867, 0.465, 0.4175, 0.345, 0.315, 0.5275, 0.47, 0.4575, 0.47, 0.55, 0.4625, 0.385, 0.54, 0.4625, 0.49, 0.4475, 0.5275, 0.345, 0.41, 0.4925, 0.415, 0.4475, 0.475, 0.4625, 0.46867167919799496]"
56,"[0.4339152119700748, 0.425, 0.4225, 0.395, 0.415, 0.4875, 0.5075, 0.405, 0.4275, 0.495, 0.445, 0.4275, 0.5025, 0.3725, 0.5125, 0.485, 0.4375, 0.46, 0.4025, 0.45, 0.4325, 0.4075, 0.47, 0.5075, 0.39348370927318294]"
57,"[0.4513715710723192, 0.4875, 0.43, 0.365, 0.325, 0.535, 0.49, 0.4675, 0.485, 0.5525, 0.4625, 0.3925, 0.5375, 0.47, 0.51, 0.4675, 0.525, 0.36, 0.42, 0.485, 0.425, 0.4375, 0.475, 0.495, 0.46867167919799496]"
58,"[0.4513715710723192, 0.4325, 0.4425, 0.3975, 0.41, 0.525, 0.465, 0.415, 0.4425, 0.52, 0.4575, 0.42, 0.5025, 0.395, 0.49, 0.4975, 0.5075, 0.4575, 0.415, 0.4725, 0.45, 0.4, 0.4775, 0.5125, 0.38847117794486213]"
59,"[0.4089775561097257, 0.4875, 0.415, 0.3875, 0.3375, 0.5475, 0.515, 0.47, 0.505, 0.555, 0.4925, 0.38, 0.56, 0.4625, 0.5175, 0.475, 0.5325, 0.3625, 0.415, 0.4825, 0.43, 0.4425, 0.465, 0.5375, 0.5037593984962406]"
60,"[0.486284289276808, 0.4525, 0.46, 0.405, 0.41, 0.5375, 0.4625, 0.43, 0.4325, 0.5075, 0.4425, 0.4225, 0.49, 0.395, 0.4675, 0.515, 0.5525, 0.45, 0.4525, 0.4625, 0.43, 0.375, 0.4925, 0.5225, 0.38847117794486213]"
61,"[0.428927680798005, 0.47, 0.4225, 0.395, 0.3375, 0.54, 0.49, 0.485, 0.53, 0.5925, 0.5175, 0.4125, 0.5775, 0.4775, 0.5225, 0.47, 0.535, 0.3625, 0.405, 0.4875, 0.4325, 0.4775, 0.485, 0.5175, 0.5538847117794486]"
62,"[0.5037406483790524, 0.4325, 0.4525, 0.4125, 0.405, 0.5375, 0.46, 0.425, 0.43, 0.4875, 0.4375, 0.415, 0.4575, 0.38, 0.45, 0.52, 0.54, 0.4475, 0.45, 0.4575, 0.4075, 0.3825, 0.4675, 0.4925, 0.3659147869674185]"
63,"[0.4139650872817955, 0.475, 0.42, 0.3725, 0.3375, 0.5325, 0.4475, 0.4925, 0.54, 0.6, 0.53, 0.4225, 0.585, 0.4875, 0.475, 0.4525, 0.545, 0.36, 0.4025, 0.505, 0.42, 0.4925, 0.4875, 0.4525, 0.5513784461152882]"
64,"[0.49875311720698257, 0.4225, 0.4475, 0.4125, 0.41, 0.5025, 0.4475, 0.395, 0.4025, 0.42, 0.4375, 0.41, 0.445, 0.3725, 0.45, 0.5025, 0.5125, 0.4525, 0.4375, 0.405, 0.4175, 0.395, 0.4775, 0.465, 0.3508771929824561]"
65,"[0.40399002493765584, 0.4725, 0.425, 0.36, 0.325, 0.565, 0.46, 0.4925, 0.5275, 0.6025, 0.5175, 0.4225, 0.56, 0.4925, 0.4775, 0.4575, 0.525, 0.3675, 0.4, 0.495, 0.3925, 0.4975, 0.5025, 0.45, 0.581453634085213]"
66,"[0.5012468827930174, 0.4325, 0.4175, 0.41, 0.4075, 0.5025, 0.45, 0.4175, 0.435, 0.42, 0.475, 0.4125, 0.475, 0.375, 0.4675, 0.52, 0.5075, 0.4625, 0.445, 0.425, 0.45, 0.4225, 0.4975, 0.49, 0.38847117794486213]"
67,"[0.428927680798005, 0.475, 0.42, 0.36, 0.3225, 0.5375, 0.46, 0.4825, 0.47, 0.545, 0.5075, 0.445, 0.525, 0.49, 0.47, 0.45, 0.5025, 0.385, 0.405, 0.49, 0.385, 0.485, 0.515, 0.4475, 0.5714285714285714]"
68,"[0.4713216957605985, 0.46, 0.4125, 0.4425, 0.4, 0.465, 0.4425, 0.4325, 0.4825, 0.445, 0.5275, 0.405, 0.4975, 0.42, 0.48, 0.5225, 0.4575, 0.4625, 0.44, 0.4325, 0.455, 0.405, 0.5075, 0.505, 0.45112781954887216]"
69,"[0.456359102244389, 0.465, 0.4125, 0.36, 0.35, 0.53, 0.46, 0.47, 0.4625, 0.5025, 0.5075, 0.455, 0.5, 0.485, 0.46, 0.4475, 0.5275, 0.395, 0.4125, 0.4925, 0.38, 0.465, 0.4925, 0.45, 0.531328320802005]"
70,"[0.42643391521197005, 0.4675, 0.445, 0.425, 0.395, 0.44, 0.445, 0.4475, 0.52, 0.4575, 0.53, 0.41, 0.5075, 0.475, 0.4775, 0.505, 0.44, 0.45, 0.435, 0.435, 0.4425, 0.3925, 0.5275, 0.515, 0.506265664160401]"
71,"[0.4463840399002494, 0.4475, 0.4125, 0.38, 0.38, 0.535, 0.42, 0.445, 0.4475, 0.5175, 0.5025, 0.4725, 0.4675, 0.49, 0.4375, 0.4425, 0.5325, 0.395, 0.41, 0.465, 0.4625, 0.48, 0.4725, 0.44, 0.5112781954887218]"
72,"[0.4164588528678304, 0.475, 0.485, 0.4175, 0.4325, 0.4475, 0.4925, 0.475, 0.5525, 0.4475, 0.545, 0.4125, 0.5075, 0.5175, 0.4875, 0.54, 0.4375, 0.4375, 0.4425, 0.45, 0.4425, 0.4525, 0.5375, 0.5225, 0.5238095238095238]"
73,"[0.4389027431421446, 0.4575, 0.435, 0.42, 0.4075, 0.495, 0.4325, 0.465, 0.4675, 0.505, 0.5175, 0.46, 0.5325, 0.4925, 0.4625, 0.465, 0.51, 0.39, 0.3975, 0.465, 0.485, 0.46, 0.4825, 0.4725, 0.5363408521303258]"
74,"[0.4014962593516209, 0.4625, 0.505, 0.42, 0.425, 0.465, 0.5475, 0.4775, 0.5475, 0.4675, 0.5, 0.415, 0.505, 0.5225, 0.4875, 0.5325, 0.4625, 0.455, 0.445, 0.485, 0.4775, 0.495, 0.52, 0.54, 0.5137844611528822]"
75,"[0.4139650872817955, 0.485, 0.4775, 0.4225, 0.445, 0.4175, 0.465, 0.4925, 0.49, 0.495, 0.515, 0.4375, 0.56, 0.5275, 0.4725, 0.4825, 0.465, 0.37, 0.4175, 0.4875, 0.47, 0.51, 0.4975, 0.485, 0.568922305764411]"
76,"[0.456359102244389, 0.495, 0.525, 0.4475, 0.425, 0.4625, 0.5825, 0.5175, 0.5375, 0.485, 0.4975, 0.43, 0.4925, 0.5075, 0.52, 0.5925, 0.4625, 0.4675, 0.4575, 0.5625, 0.4375, 0.465, 0.525, 0.5675, 0.49373433583959897]"
77,"[0.4538653366583541, 0.495, 0.445, 0.4225, 0.435, 0.42, 0.49, 0.505, 0.4925, 0.485, 0.5025, 0.4175, 0.5675, 0.5325, 0.4925, 0.4775, 0.4525, 0.36, 0.4375, 0.505, 0.465, 0.5425, 0.535, 0.5, 0.568922305764411]"
78,"[0.48877805486284287, 0.4925, 0.5575, 0.4825, 0.465, 0.4125, 0.56, 0.5075, 0.5125, 0.47, 0.4775, 0.43, 0.4725, 0.51, 0.495, 0.575, 0.43, 0.465, 0.44, 0.535, 0.3975, 0.4275, 0.5225, 0.5325, 0.43609022556390975]"
79,"[0.4763092269326683, 0.4775, 0.4225, 0.4125, 0.4375, 0.42, 0.4475, 0.5125, 0.49, 0.495, 0.4875, 0.4275, 0.5525, 0.5375, 0.4875, 0.46, 0.46, 0.36, 0.415, 0.5275, 0.4775, 0.56, 0.52, 0.45, 0.5789473684210527]"
80,"[0.47880299251870323, 0.4625, 0.505, 0.5, 0.455, 0.415, 0.485, 0.41, 0.445, 0.435, 0.4725, 0.4075, 0.4525, 0.475, 0.465, 0.5525, 0.43, 0.4625, 0.425, 0.4375, 0.3925, 0.4175, 0.495, 0.46, 0.42355889724310775]"
81,"[0.456359102244389, 0.47, 0.4125, 0.405, 0.435, 0.4275, 0.4325, 0.5, 0.48, 0.4975, 0.4725, 0.4375, 0.52, 0.51, 0.48, 0.4325, 0.4625, 0.3575, 0.405, 0.4925, 0.4575, 0.56, 0.51, 0.44, 0.5739348370927319]"
82,"[0.4912718204488778, 0.48, 0.515, 0.5125, 0.43, 0.4425, 0.4575, 0.43, 0.46, 0.4025, 0.465, 0.395, 0.4625, 0.46, 0.44, 0.54, 0.42, 0.47, 0.43, 0.4325, 0.45, 0.4275, 0.515, 0.4925, 0.44110275689223055]"
83,"[0.4488778054862843, 0.4875, 0.4125, 0.385, 0.43, 0.46, 0.445, 0.4925, 0.4775, 0.49, 0.48, 0.4375, 0.5175, 0.52, 0.4925, 0.4375, 0.505, 0.39, 0.4175, 0.49, 0.46, 0.4975, 0.515, 0.455, 0.6140350877192983]"
84,"[0.47381546134663344, 0.4725, 0.495, 0.51, 0.4275, 0.455, 0.47, 0.4775, 0.43, 0.395, 0.4625, 0.4075, 0.4925, 0.52, 0.455, 0.52, 0.435, 0.48, 0.45, 0.435, 0.4775, 0.455, 0.525, 0.5175, 0.44611528822055135]"
85,"[0.44389027431421446, 0.4825, 0.4025, 0.4375, 0.455, 0.47, 0.4275, 0.4525, 0.4875, 0.48, 0.49, 0.445, 0.53, 0.495, 0.4725, 0.44, 0.475, 0.4125, 0.425, 0.505, 0.4625, 0.4475, 0.51, 0.46, 0.5538847117794486]"
86,"[0.4613466334164589, 0.45, 0.47, 0.42, 0.41, 0.4575, 0.475, 0.475, 0.47, 0.42, 0.4375, 0.43, 0.495, 0.545, 0.465, 0.48, 0.4175, 0.4575, 0.4575, 0.435, 0.47, 0.4725, 0.5, 0.53, 0.43859649122807015]"
87,"[0.456359102244389, 0.475, 0.4275, 0.4725, 0.4625, 0.4475, 0.4425, 0.4675, 0.455, 0.4825, 0.4875, 0.4375, 0.5325, 0.46, 0.4875, 0.47, 0.4725, 0.385, 0.4325, 0.5125, 0.4725, 0.4075, 0.5075, 0.4975, 0.49373433583959897]"
88,"[0.41895261845386533, 0.4525, 0.45, 0.4075, 0.3725, 0.495, 0.485, 0.46, 0.5075, 0.4525, 0.435, 0.42, 0.5175, 0.53, 0.4575, 0.4675, 0.45, 0.4525, 0.4575, 0.4775, 0.4525, 0.5025, 0.5125, 0.5275, 0.48120300751879697]"
89,"[0.456359102244389, 0.495, 0.4625, 0.4675, 0.4425, 0.4525, 0.48, 0.48, 0.4775, 0.5025, 0.4825, 0.4275, 0.5175, 0.455, 0.4975, 0.49, 0.465, 0.375, 0.425, 0.515, 0.4825, 0.4175, 0.525, 0.505, 0.5162907268170426]"
90,"[0.4513715710723192, 0.445, 0.45, 0.4475, 0.3825, 0.495, 0.53, 0.4225, 0.5225, 0.4975, 0.45, 0.415, 0.4825, 0.5225, 0.4525, 0.525, 0.4775, 0.485, 0.455, 0.485, 0.4625, 0.5025, 0.485, 0.5075, 0.47869674185463656]"
91,"[0.4513715710723192, 0.51, 0.4275, 0.4675, 0.4625, 0.4625, 0.495, 0.47, 0.485, 0.4975, 0.4775, 0.395, 0.5425, 0.49, 0.49, 0.4925, 0.4775, 0.36, 0.4125, 0.5325, 0.4925, 0.5, 0.53, 0.5, 0.5538847117794486]"
92,"[0.47880299251870323, 0.51, 0.5125, 0.4425, 0.4475, 0.4775, 0.5875, 0.465, 0.49, 0.515, 0.4825, 0.395, 0.44, 0.5225, 0.505, 0.56, 0.4575, 0.495, 0.445, 0.5625, 0.42, 0.465, 0.5175, 0.55, 0.44862155388471175]"
93,"[0.48129675810473815, 0.5, 0.4125, 0.455, 0.455, 0.4825, 0.47, 0.475, 0.505, 0.5125, 0.4825, 0.43, 0.5575, 0.505, 0.4925, 0.455, 0.5325, 0.3625, 0.405, 0.535, 0.48, 0.52, 0.5125, 0.455, 0.556390977443609]"
94,"[0.4837905236907731, 0.4975, 0.54, 0.4825, 0.4775, 0.4525, 0.56, 0.485, 0.46, 0.44, 0.4825, 0.3875, 0.4375, 0.4825, 0.5125, 0.5225, 0.425, 0.465, 0.48, 0.5175, 0.3775, 0.455, 0.5175, 0.5325, 0.40852130325814534]"
95,"[0.4837905236907731, 0.4725, 0.385, 0.43, 0.45, 0.4775, 0.45, 0.4575, 0.495, 0.5075, 0.45, 0.485, 0.5625, 0.515, 0.4975, 0.4175, 0.515, 0.3775, 0.3825, 0.535, 0.5, 0.515, 0.505, 0.4425, 0.5388471177944862]"
96,"[0.486284289276808, 0.5, 0.5475, 0.5025, 0.465, 0.43, 0.525, 0.47, 0.4125, 0.3925, 0.455, 0.3675, 0.42, 0.495, 0.4975, 0.5475, 0.4025, 0.465, 0.49, 0.49, 0.375, 0.44, 0.5275, 0.4975, 0.39849624060150374]"
97,"[0.4837905236907731, 0.47, 0.3925, 0.4275, 0.4075, 0.4925, 0.455, 0.47, 0.4975, 0.5075, 0.4275, 0.46, 0.5225, 0.5175, 0.515, 0.4125, 0.5625, 0.375, 0.3675, 0.5275, 0.4875, 0.4975, 0.4775, 0.4375, 0.5513784461152882]"
98,"[0.4763092269326683, 0.51, 0.5475, 0.525, 0.4525, 0.4525, 0.485, 0.43, 0.41, 0.3975, 0.4525, 0.38, 0.435, 0.5325, 0.455, 0.5875, 0.4225, 0.4725, 0.465, 0.4475, 0.375, 0.4525, 0.515, 0.4775, 0.44110275689223055]"
99,"[0.486284289276808, 0.47, 0.3875, 0.445, 0.39, 0.4475, 0.5125, 0.465, 0.505, 0.4725, 0.435, 0.42, 0.5225, 0.5225, 0.51, 0.45, 0.51, 0.3925, 0.375, 0.5475, 0.48, 0.53, 0.48, 0.485, 0.5939849624060151]"
