eigenvector_centrality,"[33, 11, 19, 4, 2]"
0,"[0.12437810945273632, 0.13, 0.105, 0.145, 0.085, 0.14, 0.1, 0.09, 0.13, 0.14, 0.08, 0.11, 0.08, 0.11, 0.085, 0.08, 0.1, 0.05, 0.085, 0.08, 0.075, 0.09, 0.06, 0.1, 0.08, 0.095, 0.095, 0.08, 0.06, 0.135, 0.12, 0.1, 0.095, 0.105, 0.095, 0.105, 0.08, 0.105, 0.085, 0.085, 0.115, 0.115, 0.09, 0.125, 0.095, 0.11, 0.1, 0.095, 0.09, 0.09045226130653267]"
1,"[0.07960199004975124, 0.13, 0.105, 0.13, 0.09, 0.105, 0.1, 0.09, 0.13, 0.14, 0.095, 0.11, 0.08, 0.095, 0.085, 0.085, 0.1, 0.05, 0.09, 0.08, 0.075, 0.11, 0.105, 0.1, 0.125, 0.09, 0.085, 0.12, 0.11, 0.11, 0.12, 0.11, 0.095, 0.055, 0.095, 0.105, 0.075, 0.09, 0.08, 0.12, 0.1, 0.09, 0.125, 0.11, 0.12, 0.14, 0.1, 0.095, 0.095, 0.09045226130653267]"
2,"[0.07960199004975124, 0.13, 0.1, 0.13, 0.09, 0.105, 0.1, 0.09, 0.13, 0.14, 0.095, 0.11, 0.08, 0.095, 0.085, 0.085, 0.1, 0.05, 0.09, 0.08, 0.075, 0.11, 0.105, 0.1, 0.125, 0.09, 0.085, 0.12, 0.11, 0.135, 0.12, 0.11, 0.095, 0.055, 0.095, 0.105, 0.075, 0.09, 0.08, 0.12, 0.1, 0.09, 0.125, 0.11, 0.12, 0.11, 0.1, 0.095, 0.095, 0.09045226130653267]"
3,"[0.11940298507462686, 0.08, 0.1, 0.16, 0.105, 0.105, 0.1, 0.085, 0.13, 0.14, 0.095, 0.11, 0.1, 0.095, 0.085, 0.085, 0.13, 0.05, 0.09, 0.145, 0.075, 0.11, 0.105, 0.1, 0.125, 0.19, 0.085, 0.12, 0.175, 0.135, 0.12, 0.1, 0.13, 0.055, 0.095, 0.105, 0.075, 0.09, 0.08, 0.12, 0.125, 0.09, 0.12, 0.11, 0.12, 0.11, 0.125, 0.085, 0.095, 0.09045226130653267]"
4,"[0.09950248756218906, 0.13, 0.125, 0.145, 0.09, 0.07, 0.08, 0.125, 0.13, 0.11, 0.245, 0.095, 0.07, 0.09, 0.135, 0.125, 0.085, 0.055, 0.135, 0.22, 0.225, 0.09, 0.1, 0.17, 0.095, 0.195, 0.115, 0.105, 0.11, 0.085, 0.075, 0.1, 0.115, 0.105, 0.12, 0.1, 0.08, 0.105, 0.105, 0.07, 0.125, 0.115, 0.075, 0.13, 0.12, 0.285, 0.1, 0.085, 0.095, 0.18090452261306533]"
5,"[0.06965174129353234, 0.1, 0.19, 0.145, 0.105, 0.095, 0.105, 0.135, 0.075, 0.12, 0.115, 0.095, 0.055, 0.09, 0.105, 0.08, 0.1, 0.055, 0.09, 0.215, 0.11, 0.115, 0.1, 0.135, 0.1, 0.155, 0.115, 0.115, 0.1, 0.17, 0.115, 0.1, 0.225, 0.105, 0.12, 0.1, 0.08, 0.165, 0.105, 0.07, 0.095, 0.115, 0.17, 0.125, 0.07, 0.11, 0.235, 0.11, 0.18, 0.22613065326633167]"
6,"[0.06965174129353234, 0.12, 0.125, 0.06, 0.185, 0.095, 0.105, 0.125, 0.075, 0.12, 0.115, 0.205, 0.055, 0.08, 0.14, 0.08, 0.1, 0.055, 0.09, 0.125, 0.175, 0.115, 0.095, 0.125, 0.19, 0.155, 0.115, 0.08, 0.1, 0.085, 0.175, 0.195, 0.2, 0.105, 0.12, 0.15, 0.08, 0.13, 0.19, 0.155, 0.22, 0.235, 0.075, 0.125, 0.155, 0.11, 0.135, 0.11, 0.205, 0.12562814070351758]"
7,"[0.16417910447761194, 0.1, 0.195, 0.12, 0.17, 0.165, 0.19, 0.195, 0.12, 0.19, 0.275, 0.145, 0.165, 0.23, 0.18, 0.18, 0.18, 0.195, 0.155, 0.23, 0.11, 0.1, 0.1, 0.175, 0.1, 0.095, 0.185, 0.195, 0.11, 0.1, 0.105, 0.195, 0.25, 0.125, 0.1, 0.15, 0.22, 0.18, 0.14, 0.075, 0.37, 0.25, 0.08, 0.13, 0.065, 0.11, 0.115, 0.14, 0.2, 0.20100502512562815]"
8,"[0.0845771144278607, 0.075, 0.17, 0.11, 0.085, 0.235, 0.12, 0.135, 0.095, 0.16, 0.145, 0.195, 0.12, 0.265, 0.095, 0.205, 0.09, 0.135, 0.1, 0.07, 0.225, 0.075, 0.06, 0.095, 0.165, 0.095, 0.07, 0.16, 0.11, 0.225, 0.105, 0.13, 0.11, 0.125, 0.095, 0.085, 0.12, 0.19, 0.14, 0.17, 0.17, 0.22, 0.08, 0.08, 0.09, 0.085, 0.185, 0.15, 0.085, 0.22110552763819097]"
9,"[0.08955223880597014, 0.105, 0.115, 0.095, 0.14, 0.205, 0.08, 0.135, 0.105, 0.21, 0.215, 0.13, 0.15, 0.28, 0.095, 0.155, 0.09, 0.205, 0.1, 0.07, 0.115, 0.13, 0.11, 0.1, 0.095, 0.125, 0.165, 0.15, 0.075, 0.09, 0.09, 0.155, 0.105, 0.155, 0.075, 0.07, 0.11, 0.19, 0.145, 0.13, 0.175, 0.165, 0.08, 0.065, 0.12, 0.085, 0.105, 0.105, 0.08, 0.1306532663316583]"
10,"[0.19900497512437812, 0.08, 0.23, 0.08, 0.155, 0.23, 0.125, 0.2, 0.18, 0.13, 0.09, 0.185, 0.115, 0.19, 0.125, 0.305, 0.185, 0.175, 0.19, 0.14, 0.115, 0.165, 0.145, 0.065, 0.175, 0.24, 0.125, 0.165, 0.205, 0.085, 0.11, 0.07, 0.1, 0.155, 0.135, 0.195, 0.1, 0.245, 0.085, 0.13, 0.14, 0.095, 0.095, 0.095, 0.11, 0.21, 0.1, 0.135, 0.17, 0.09045226130653267]"
11,"[0.1791044776119403, 0.175, 0.18, 0.15, 0.235, 0.135, 0.16, 0.24, 0.165, 0.26, 0.245, 0.155, 0.185, 0.27, 0.37, 0.185, 0.29, 0.275, 0.21, 0.125, 0.245, 0.15, 0.225, 0.175, 0.105, 0.275, 0.285, 0.175, 0.16, 0.195, 0.13, 0.225, 0.4, 0.2, 0.37, 0.155, 0.335, 0.205, 0.23, 0.16, 0.265, 0.31, 0.25, 0.155, 0.21, 0.17, 0.17, 0.15, 0.14, 0.24623115577889448]"
12,"[0.29850746268656714, 0.2, 0.26, 0.205, 0.215, 0.31, 0.25, 0.3, 0.28, 0.225, 0.22, 0.34, 0.175, 0.295, 0.295, 0.38, 0.27, 0.185, 0.285, 0.19, 0.285, 0.275, 0.28, 0.225, 0.265, 0.37, 0.24, 0.26, 0.26, 0.215, 0.215, 0.18, 0.175, 0.235, 0.205, 0.28, 0.18, 0.245, 0.27, 0.17, 0.335, 0.285, 0.24, 0.385, 0.325, 0.345, 0.21, 0.235, 0.2, 0.2914572864321608]"
13,"[0.17412935323383086, 0.24, 0.39, 0.365, 0.28, 0.25, 0.235, 0.265, 0.23, 0.3, 0.275, 0.17, 0.25, 0.205, 0.345, 0.23, 0.205, 0.38, 0.22, 0.295, 0.3, 0.275, 0.26, 0.25, 0.235, 0.35, 0.365, 0.285, 0.215, 0.265, 0.24, 0.225, 0.37, 0.215, 0.315, 0.195, 0.21, 0.24, 0.315, 0.24, 0.34, 0.275, 0.22, 0.265, 0.185, 0.275, 0.325, 0.305, 0.335, 0.31155778894472363]"
14,"[0.2935323383084577, 0.29, 0.285, 0.3, 0.335, 0.275, 0.38, 0.45, 0.3, 0.32, 0.265, 0.38, 0.215, 0.285, 0.415, 0.39, 0.425, 0.19, 0.33, 0.265, 0.215, 0.275, 0.315, 0.38, 0.28, 0.4, 0.29, 0.29, 0.425, 0.34, 0.25, 0.375, 0.225, 0.35, 0.23, 0.33, 0.235, 0.285, 0.32, 0.245, 0.365, 0.375, 0.335, 0.365, 0.3, 0.445, 0.25, 0.34, 0.235, 0.39195979899497485]"
15,"[0.22885572139303484, 0.335, 0.395, 0.5, 0.455, 0.32, 0.28, 0.245, 0.275, 0.27, 0.18, 0.26, 0.19, 0.385, 0.335, 0.285, 0.305, 0.395, 0.265, 0.355, 0.26, 0.32, 0.245, 0.29, 0.305, 0.39, 0.38, 0.395, 0.23, 0.35, 0.485, 0.23, 0.385, 0.29, 0.465, 0.26, 0.23, 0.425, 0.32, 0.21, 0.39, 0.275, 0.26, 0.4, 0.2, 0.285, 0.36, 0.4, 0.39, 0.35678391959798994]"
16,"[0.30845771144278605, 0.385, 0.355, 0.3, 0.275, 0.355, 0.46, 0.47, 0.265, 0.425, 0.325, 0.43, 0.22, 0.265, 0.47, 0.45, 0.36, 0.23, 0.5, 0.41, 0.43, 0.385, 0.5, 0.41, 0.295, 0.455, 0.28, 0.275, 0.46, 0.315, 0.245, 0.495, 0.24, 0.37, 0.28, 0.4, 0.225, 0.275, 0.375, 0.18, 0.29, 0.475, 0.41, 0.29, 0.385, 0.465, 0.255, 0.35, 0.315, 0.3768844221105528]"
17,"[0.30845771144278605, 0.285, 0.33, 0.545, 0.54, 0.32, 0.295, 0.26, 0.34, 0.26, 0.215, 0.355, 0.275, 0.405, 0.32, 0.31, 0.195, 0.4, 0.265, 0.345, 0.235, 0.26, 0.23, 0.335, 0.36, 0.375, 0.4, 0.4, 0.175, 0.49, 0.4, 0.21, 0.43, 0.35, 0.48, 0.22, 0.325, 0.44, 0.29, 0.355, 0.36, 0.275, 0.335, 0.4, 0.22, 0.25, 0.385, 0.335, 0.43, 0.33668341708542715]"
18,"[0.3880597014925373, 0.39, 0.33, 0.255, 0.265, 0.355, 0.45, 0.425, 0.355, 0.38, 0.355, 0.465, 0.275, 0.255, 0.42, 0.475, 0.31, 0.265, 0.53, 0.42, 0.41, 0.325, 0.43, 0.505, 0.35, 0.46, 0.245, 0.24, 0.365, 0.315, 0.225, 0.405, 0.295, 0.32, 0.3, 0.42, 0.305, 0.29, 0.43, 0.22, 0.275, 0.44, 0.3, 0.24, 0.45, 0.4, 0.205, 0.3, 0.295, 0.36180904522613067]"
19,"[0.38308457711442784, 0.245, 0.335, 0.5, 0.465, 0.35, 0.28, 0.28, 0.385, 0.25, 0.285, 0.34, 0.305, 0.385, 0.415, 0.27, 0.24, 0.33, 0.27, 0.37, 0.235, 0.25, 0.265, 0.345, 0.38, 0.41, 0.36, 0.425, 0.225, 0.505, 0.41, 0.17, 0.41, 0.36, 0.42, 0.235, 0.36, 0.41, 0.29, 0.38, 0.345, 0.345, 0.31, 0.405, 0.295, 0.24, 0.425, 0.28, 0.39, 0.3165829145728643]"
20,"[0.3880597014925373, 0.39, 0.365, 0.28, 0.265, 0.365, 0.475, 0.415, 0.405, 0.365, 0.385, 0.425, 0.3, 0.285, 0.325, 0.435, 0.315, 0.31, 0.485, 0.415, 0.41, 0.33, 0.43, 0.53, 0.37, 0.48, 0.255, 0.235, 0.345, 0.35, 0.225, 0.39, 0.295, 0.255, 0.3, 0.415, 0.33, 0.315, 0.415, 0.22, 0.29, 0.375, 0.29, 0.295, 0.455, 0.375, 0.215, 0.335, 0.25, 0.3165829145728643]"
21,"[0.31840796019900497, 0.3, 0.34, 0.46, 0.425, 0.31, 0.33, 0.32, 0.42, 0.29, 0.295, 0.385, 0.32, 0.365, 0.41, 0.245, 0.265, 0.285, 0.28, 0.405, 0.24, 0.245, 0.265, 0.35, 0.37, 0.435, 0.33, 0.415, 0.245, 0.515, 0.395, 0.21, 0.435, 0.43, 0.41, 0.285, 0.38, 0.425, 0.305, 0.335, 0.365, 0.295, 0.32, 0.405, 0.31, 0.25, 0.415, 0.29, 0.395, 0.3015075376884422]"
22,"[0.39800995024875624, 0.405, 0.365, 0.315, 0.305, 0.38, 0.39, 0.39, 0.445, 0.37, 0.385, 0.415, 0.36, 0.305, 0.305, 0.365, 0.315, 0.275, 0.44, 0.405, 0.41, 0.35, 0.445, 0.475, 0.38, 0.48, 0.29, 0.28, 0.35, 0.365, 0.32, 0.395, 0.305, 0.365, 0.34, 0.385, 0.37, 0.37, 0.42, 0.22, 0.355, 0.345, 0.285, 0.285, 0.45, 0.375, 0.235, 0.35, 0.27, 0.3015075376884422]"
23,"[0.32338308457711445, 0.315, 0.345, 0.485, 0.435, 0.375, 0.35, 0.32, 0.425, 0.335, 0.32, 0.38, 0.35, 0.35, 0.375, 0.28, 0.28, 0.29, 0.325, 0.335, 0.31, 0.245, 0.285, 0.295, 0.38, 0.44, 0.34, 0.4, 0.3, 0.52, 0.38, 0.24, 0.42, 0.465, 0.405, 0.345, 0.395, 0.4, 0.32, 0.29, 0.36, 0.315, 0.335, 0.39, 0.285, 0.275, 0.405, 0.295, 0.41, 0.31155778894472363]"
24,"[0.3482587064676617, 0.41, 0.375, 0.34, 0.305, 0.34, 0.37, 0.415, 0.43, 0.4, 0.32, 0.375, 0.375, 0.325, 0.29, 0.34, 0.325, 0.27, 0.39, 0.44, 0.42, 0.355, 0.46, 0.465, 0.4, 0.49, 0.325, 0.315, 0.37, 0.385, 0.345, 0.38, 0.315, 0.385, 0.445, 0.345, 0.385, 0.325, 0.425, 0.22, 0.375, 0.37, 0.295, 0.305, 0.44, 0.38, 0.275, 0.38, 0.27, 0.3015075376884422]"
25,"[0.3582089552238806, 0.32, 0.48, 0.515, 0.44, 0.37, 0.355, 0.31, 0.4, 0.335, 0.375, 0.575, 0.36, 0.345, 0.375, 0.28, 0.285, 0.305, 0.405, 0.49, 0.32, 0.22, 0.325, 0.3, 0.395, 0.46, 0.395, 0.41, 0.325, 0.515, 0.37, 0.26, 0.425, 0.49, 0.445, 0.405, 0.395, 0.405, 0.32, 0.29, 0.355, 0.345, 0.34, 0.38, 0.29, 0.32, 0.415, 0.305, 0.385, 0.271356783919598]"
26,"[0.36318407960199006, 0.39, 0.44, 0.36, 0.51, 0.325, 0.355, 0.455, 0.41, 0.395, 0.365, 0.485, 0.38, 0.345, 0.305, 0.35, 0.33, 0.295, 0.38, 0.37, 0.395, 0.345, 0.47, 0.445, 0.395, 0.485, 0.36, 0.37, 0.355, 0.395, 0.385, 0.395, 0.355, 0.49, 0.435, 0.37, 0.43, 0.315, 0.345, 0.275, 0.395, 0.38, 0.315, 0.34, 0.445, 0.415, 0.305, 0.415, 0.315, 0.3417085427135678]"
27,"[0.373134328358209, 0.335, 0.455, 0.545, 0.31, 0.335, 0.41, 0.38, 0.395, 0.345, 0.345, 0.345, 0.375, 0.35, 0.375, 0.31, 0.295, 0.305, 0.425, 0.44, 0.345, 0.24, 0.345, 0.38, 0.385, 0.475, 0.395, 0.36, 0.375, 0.42, 0.365, 0.32, 0.44, 0.39, 0.445, 0.43, 0.41, 0.42, 0.395, 0.29, 0.36, 0.365, 0.395, 0.37, 0.32, 0.335, 0.435, 0.29, 0.4, 0.3065326633165829]"
28,"[0.373134328358209, 0.375, 0.36, 0.415, 0.555, 0.34, 0.305, 0.43, 0.45, 0.365, 0.36, 0.51, 0.365, 0.405, 0.32, 0.3, 0.335, 0.32, 0.35, 0.415, 0.38, 0.325, 0.475, 0.435, 0.405, 0.46, 0.415, 0.39, 0.36, 0.43, 0.4, 0.355, 0.375, 0.495, 0.48, 0.39, 0.435, 0.36, 0.325, 0.36, 0.41, 0.365, 0.31, 0.385, 0.435, 0.39, 0.37, 0.48, 0.35, 0.32160804020100503]"
29,"[0.373134328358209, 0.345, 0.43, 0.52, 0.385, 0.34, 0.415, 0.405, 0.355, 0.355, 0.355, 0.415, 0.4, 0.325, 0.36, 0.37, 0.335, 0.305, 0.425, 0.48, 0.375, 0.285, 0.36, 0.425, 0.395, 0.44, 0.42, 0.335, 0.405, 0.465, 0.36, 0.325, 0.41, 0.355, 0.425, 0.425, 0.415, 0.425, 0.405, 0.29, 0.345, 0.365, 0.405, 0.345, 0.39, 0.355, 0.405, 0.28, 0.39, 0.3869346733668342]"
30,"[0.3781094527363184, 0.39, 0.29, 0.48, 0.485, 0.32, 0.295, 0.415, 0.365, 0.375, 0.33, 0.56, 0.36, 0.4, 0.295, 0.325, 0.345, 0.315, 0.38, 0.415, 0.39, 0.335, 0.48, 0.49, 0.39, 0.44, 0.41, 0.375, 0.355, 0.42, 0.42, 0.345, 0.35, 0.485, 0.49, 0.36, 0.45, 0.365, 0.32, 0.4, 0.405, 0.34, 0.3, 0.36, 0.43, 0.385, 0.355, 0.415, 0.35, 0.3316582914572864]"
31,"[0.373134328358209, 0.33, 0.445, 0.52, 0.39, 0.355, 0.425, 0.44, 0.38, 0.35, 0.385, 0.44, 0.365, 0.335, 0.325, 0.395, 0.32, 0.29, 0.41, 0.485, 0.36, 0.295, 0.39, 0.37, 0.445, 0.37, 0.46, 0.355, 0.38, 0.49, 0.37, 0.33, 0.4, 0.37, 0.42, 0.445, 0.405, 0.42, 0.435, 0.295, 0.32, 0.345, 0.435, 0.345, 0.4, 0.355, 0.415, 0.29, 0.375, 0.4221105527638191]"
32,"[0.38308457711442784, 0.37, 0.265, 0.47, 0.455, 0.29, 0.295, 0.45, 0.39, 0.395, 0.34, 0.495, 0.36, 0.38, 0.285, 0.325, 0.375, 0.33, 0.405, 0.4, 0.38, 0.315, 0.475, 0.535, 0.38, 0.41, 0.405, 0.395, 0.345, 0.415, 0.415, 0.35, 0.34, 0.42, 0.525, 0.355, 0.47, 0.365, 0.32, 0.41, 0.365, 0.35, 0.295, 0.36, 0.42, 0.385, 0.335, 0.395, 0.345, 0.3417085427135678]"
33,"[0.417910447761194, 0.335, 0.465, 0.52, 0.365, 0.395, 0.45, 0.48, 0.4, 0.32, 0.38, 0.42, 0.385, 0.36, 0.345, 0.42, 0.34, 0.295, 0.385, 0.535, 0.395, 0.27, 0.405, 0.34, 0.45, 0.355, 0.425, 0.37, 0.38, 0.45, 0.37, 0.33, 0.405, 0.38, 0.38, 0.465, 0.385, 0.405, 0.415, 0.29, 0.31, 0.37, 0.43, 0.34, 0.37, 0.365, 0.425, 0.32, 0.355, 0.457286432160804]"
34,"[0.3681592039800995, 0.36, 0.325, 0.485, 0.365, 0.275, 0.295, 0.465, 0.44, 0.355, 0.33, 0.5, 0.37, 0.385, 0.3, 0.3, 0.395, 0.34, 0.44, 0.415, 0.405, 0.36, 0.45, 0.535, 0.365, 0.43, 0.395, 0.385, 0.375, 0.415, 0.4, 0.365, 0.335, 0.42, 0.54, 0.35, 0.49, 0.35, 0.315, 0.49, 0.335, 0.41, 0.32, 0.38, 0.44, 0.37, 0.325, 0.405, 0.36, 0.36683417085427134]"
35,"[0.40298507462686567, 0.33, 0.45, 0.51, 0.4, 0.395, 0.45, 0.49, 0.32, 0.325, 0.395, 0.435, 0.405, 0.39, 0.345, 0.445, 0.335, 0.315, 0.415, 0.47, 0.385, 0.305, 0.45, 0.36, 0.46, 0.375, 0.44, 0.37, 0.39, 0.425, 0.39, 0.31, 0.395, 0.375, 0.365, 0.455, 0.375, 0.4, 0.395, 0.3, 0.305, 0.41, 0.45, 0.355, 0.41, 0.365, 0.42, 0.33, 0.345, 0.4623115577889447]"
36,"[0.35323383084577115, 0.39, 0.37, 0.47, 0.44, 0.29, 0.36, 0.395, 0.42, 0.345, 0.34, 0.48, 0.38, 0.355, 0.3, 0.28, 0.43, 0.335, 0.455, 0.415, 0.43, 0.38, 0.41, 0.51, 0.37, 0.445, 0.34, 0.395, 0.405, 0.35, 0.385, 0.365, 0.325, 0.425, 0.535, 0.345, 0.475, 0.365, 0.325, 0.495, 0.32, 0.445, 0.34, 0.355, 0.445, 0.38, 0.345, 0.38, 0.325, 0.36180904522613067]"
37,"[0.43283582089552236, 0.335, 0.465, 0.48, 0.41, 0.395, 0.52, 0.505, 0.32, 0.33, 0.4, 0.43, 0.44, 0.4, 0.345, 0.45, 0.34, 0.335, 0.42, 0.495, 0.385, 0.31, 0.47, 0.345, 0.445, 0.365, 0.445, 0.385, 0.435, 0.345, 0.405, 0.305, 0.38, 0.4, 0.355, 0.495, 0.355, 0.39, 0.42, 0.31, 0.29, 0.37, 0.465, 0.375, 0.42, 0.355, 0.42, 0.345, 0.34, 0.4723618090452261]"
38,"[0.34328358208955223, 0.4, 0.39, 0.48, 0.41, 0.31, 0.38, 0.33, 0.42, 0.355, 0.315, 0.485, 0.33, 0.365, 0.31, 0.29, 0.445, 0.32, 0.465, 0.425, 0.44, 0.41, 0.41, 0.505, 0.39, 0.49, 0.315, 0.375, 0.425, 0.31, 0.38, 0.35, 0.335, 0.52, 0.505, 0.345, 0.465, 0.4, 0.32, 0.49, 0.33, 0.43, 0.31, 0.35, 0.475, 0.4, 0.38, 0.38, 0.34, 0.35175879396984927]"
39,"[0.43283582089552236, 0.32, 0.485, 0.43, 0.415, 0.405, 0.46, 0.52, 0.29, 0.3, 0.4, 0.41, 0.42, 0.4, 0.355, 0.445, 0.345, 0.37, 0.4, 0.52, 0.37, 0.285, 0.46, 0.335, 0.47, 0.35, 0.46, 0.37, 0.445, 0.28, 0.4, 0.36, 0.375, 0.43, 0.38, 0.495, 0.34, 0.38, 0.425, 0.305, 0.285, 0.34, 0.47, 0.37, 0.445, 0.35, 0.435, 0.355, 0.355, 0.46733668341708545]"
40,"[0.3283582089552239, 0.4, 0.41, 0.485, 0.44, 0.315, 0.35, 0.27, 0.425, 0.37, 0.275, 0.515, 0.31, 0.365, 0.275, 0.3, 0.455, 0.325, 0.485, 0.435, 0.455, 0.425, 0.43, 0.505, 0.365, 0.51, 0.28, 0.34, 0.415, 0.335, 0.395, 0.355, 0.335, 0.45, 0.475, 0.325, 0.475, 0.415, 0.31, 0.525, 0.335, 0.425, 0.25, 0.33, 0.44, 0.41, 0.335, 0.355, 0.385, 0.3165829145728643]"
41,"[0.4577114427860697, 0.315, 0.485, 0.405, 0.415, 0.4, 0.49, 0.51, 0.285, 0.28, 0.405, 0.415, 0.45, 0.385, 0.385, 0.39, 0.315, 0.385, 0.385, 0.475, 0.355, 0.275, 0.41, 0.32, 0.48, 0.295, 0.475, 0.365, 0.425, 0.29, 0.41, 0.355, 0.375, 0.46, 0.385, 0.5, 0.32, 0.36, 0.415, 0.28, 0.29, 0.305, 0.465, 0.385, 0.45, 0.35, 0.45, 0.365, 0.32, 0.47738693467336685]"
42,"[0.3034825870646766, 0.41, 0.45, 0.465, 0.44, 0.33, 0.34, 0.24, 0.435, 0.365, 0.245, 0.51, 0.29, 0.395, 0.265, 0.295, 0.475, 0.305, 0.49, 0.445, 0.455, 0.425, 0.44, 0.515, 0.345, 0.515, 0.28, 0.35, 0.395, 0.4, 0.39, 0.345, 0.325, 0.38, 0.365, 0.295, 0.465, 0.425, 0.3, 0.53, 0.365, 0.44, 0.255, 0.3, 0.375, 0.405, 0.32, 0.33, 0.395, 0.31155778894472363]"
43,"[0.4577114427860697, 0.32, 0.49, 0.39, 0.43, 0.395, 0.505, 0.49, 0.29, 0.275, 0.43, 0.4, 0.485, 0.375, 0.395, 0.355, 0.285, 0.415, 0.365, 0.455, 0.34, 0.27, 0.365, 0.315, 0.475, 0.265, 0.49, 0.385, 0.425, 0.26, 0.43, 0.34, 0.385, 0.41, 0.395, 0.475, 0.335, 0.34, 0.43, 0.275, 0.285, 0.295, 0.48, 0.39, 0.46, 0.33, 0.445, 0.36, 0.31, 0.457286432160804]"
44,"[0.3034825870646766, 0.45, 0.45, 0.465, 0.465, 0.32, 0.33, 0.245, 0.445, 0.355, 0.235, 0.5, 0.275, 0.385, 0.255, 0.28, 0.485, 0.27, 0.495, 0.455, 0.455, 0.415, 0.465, 0.525, 0.335, 0.53, 0.275, 0.35, 0.39, 0.415, 0.365, 0.36, 0.32, 0.355, 0.335, 0.3, 0.43, 0.435, 0.28, 0.51, 0.38, 0.455, 0.24, 0.27, 0.345, 0.405, 0.3, 0.305, 0.42, 0.32160804020100503]"
45,"[0.4577114427860697, 0.305, 0.5, 0.345, 0.415, 0.38, 0.5, 0.485, 0.26, 0.265, 0.445, 0.37, 0.505, 0.37, 0.41, 0.345, 0.285, 0.42, 0.375, 0.48, 0.295, 0.245, 0.33, 0.31, 0.48, 0.265, 0.47, 0.4, 0.405, 0.255, 0.44, 0.335, 0.39, 0.465, 0.43, 0.495, 0.315, 0.33, 0.4, 0.255, 0.27, 0.31, 0.475, 0.415, 0.485, 0.295, 0.45, 0.36, 0.285, 0.41708542713567837]"
46,"[0.2835820895522388, 0.465, 0.48, 0.52, 0.475, 0.32, 0.325, 0.235, 0.445, 0.35, 0.225, 0.515, 0.25, 0.35, 0.215, 0.3, 0.485, 0.255, 0.495, 0.485, 0.475, 0.415, 0.5, 0.515, 0.335, 0.525, 0.255, 0.325, 0.375, 0.425, 0.36, 0.375, 0.315, 0.355, 0.3, 0.285, 0.405, 0.435, 0.285, 0.505, 0.41, 0.46, 0.27, 0.245, 0.345, 0.405, 0.265, 0.315, 0.435, 0.3165829145728643]"
47,"[0.46766169154228854, 0.31, 0.475, 0.345, 0.405, 0.38, 0.475, 0.465, 0.245, 0.265, 0.435, 0.38, 0.47, 0.365, 0.41, 0.335, 0.27, 0.43, 0.375, 0.545, 0.28, 0.245, 0.305, 0.29, 0.465, 0.25, 0.46, 0.425, 0.42, 0.24, 0.45, 0.335, 0.405, 0.525, 0.445, 0.475, 0.285, 0.32, 0.365, 0.25, 0.25, 0.295, 0.44, 0.42, 0.535, 0.27, 0.435, 0.36, 0.28, 0.33668341708542715]"
48,"[0.26865671641791045, 0.47, 0.485, 0.59, 0.485, 0.3, 0.335, 0.265, 0.465, 0.365, 0.22, 0.545, 0.265, 0.38, 0.21, 0.3, 0.5, 0.24, 0.48, 0.46, 0.485, 0.41, 0.505, 0.51, 0.295, 0.525, 0.255, 0.315, 0.37, 0.43, 0.315, 0.385, 0.285, 0.42, 0.275, 0.285, 0.395, 0.43, 0.295, 0.5, 0.435, 0.475, 0.265, 0.25, 0.345, 0.4, 0.285, 0.305, 0.435, 0.35678391959798994]"
49,"[0.44776119402985076, 0.305, 0.45, 0.315, 0.39, 0.375, 0.435, 0.47, 0.24, 0.29, 0.44, 0.41, 0.445, 0.32, 0.405, 0.315, 0.275, 0.42, 0.375, 0.565, 0.25, 0.235, 0.3, 0.275, 0.47, 0.25, 0.445, 0.45, 0.455, 0.22, 0.455, 0.315, 0.42, 0.46, 0.485, 0.455, 0.27, 0.295, 0.35, 0.245, 0.245, 0.275, 0.42, 0.425, 0.525, 0.265, 0.445, 0.385, 0.28, 0.27638190954773867]"
50,"[0.263681592039801, 0.49, 0.47, 0.55, 0.495, 0.305, 0.34, 0.26, 0.43, 0.375, 0.215, 0.545, 0.265, 0.44, 0.2, 0.315, 0.5, 0.235, 0.475, 0.475, 0.475, 0.41, 0.505, 0.495, 0.29, 0.51, 0.255, 0.32, 0.355, 0.445, 0.32, 0.405, 0.275, 0.45, 0.275, 0.28, 0.385, 0.435, 0.345, 0.485, 0.45, 0.455, 0.255, 0.235, 0.325, 0.405, 0.275, 0.295, 0.42, 0.3969849246231156]"
51,"[0.4427860696517413, 0.29, 0.455, 0.315, 0.38, 0.38, 0.39, 0.46, 0.23, 0.295, 0.435, 0.425, 0.42, 0.325, 0.39, 0.31, 0.28, 0.41, 0.385, 0.57, 0.255, 0.23, 0.295, 0.275, 0.47, 0.25, 0.44, 0.475, 0.495, 0.225, 0.455, 0.315, 0.43, 0.47, 0.475, 0.445, 0.27, 0.295, 0.325, 0.24, 0.245, 0.27, 0.415, 0.42, 0.5, 0.26, 0.44, 0.38, 0.27, 0.24623115577889448]"
52,"[0.263681592039801, 0.495, 0.48, 0.525, 0.505, 0.275, 0.335, 0.26, 0.41, 0.365, 0.205, 0.49, 0.255, 0.47, 0.19, 0.315, 0.475, 0.225, 0.46, 0.475, 0.47, 0.4, 0.515, 0.455, 0.31, 0.47, 0.25, 0.32, 0.345, 0.42, 0.295, 0.4, 0.26, 0.465, 0.27, 0.295, 0.375, 0.42, 0.34, 0.48, 0.43, 0.41, 0.265, 0.21, 0.325, 0.365, 0.275, 0.315, 0.41, 0.4120603015075377]"
53,"[0.44776119402985076, 0.275, 0.485, 0.3, 0.4, 0.38, 0.375, 0.45, 0.215, 0.275, 0.41, 0.415, 0.425, 0.315, 0.375, 0.305, 0.27, 0.395, 0.375, 0.59, 0.26, 0.225, 0.295, 0.275, 0.455, 0.26, 0.435, 0.47, 0.495, 0.21, 0.475, 0.31, 0.41, 0.53, 0.465, 0.45, 0.285, 0.285, 0.3, 0.24, 0.25, 0.27, 0.405, 0.42, 0.5, 0.245, 0.425, 0.37, 0.27, 0.22613065326633167]"
54,"[0.2537313432835821, 0.49, 0.49, 0.525, 0.42, 0.27, 0.335, 0.275, 0.405, 0.36, 0.205, 0.48, 0.26, 0.445, 0.19, 0.305, 0.475, 0.225, 0.45, 0.475, 0.46, 0.395, 0.5, 0.435, 0.305, 0.445, 0.235, 0.3, 0.33, 0.42, 0.27, 0.41, 0.255, 0.39, 0.26, 0.3, 0.36, 0.39, 0.345, 0.47, 0.43, 0.385, 0.275, 0.21, 0.31, 0.35, 0.275, 0.285, 0.415, 0.3869346733668342]"
55,"[0.43781094527363185, 0.29, 0.555, 0.275, 0.41, 0.38, 0.34, 0.425, 0.205, 0.26, 0.41, 0.46, 0.425, 0.31, 0.38, 0.295, 0.265, 0.39, 0.355, 0.61, 0.265, 0.205, 0.295, 0.27, 0.455, 0.255, 0.425, 0.455, 0.455, 0.215, 0.47, 0.295, 0.4, 0.59, 0.44, 0.435, 0.265, 0.28, 0.275, 0.23, 0.24, 0.255, 0.36, 0.405, 0.465, 0.235, 0.42, 0.36, 0.27, 0.22613065326633167]"
56,"[0.23880597014925373, 0.475, 0.47, 0.455, 0.41, 0.25, 0.355, 0.27, 0.42, 0.335, 0.2, 0.515, 0.26, 0.43, 0.19, 0.3, 0.45, 0.21, 0.445, 0.495, 0.425, 0.4, 0.475, 0.43, 0.295, 0.4, 0.23, 0.3, 0.29, 0.36, 0.265, 0.415, 0.255, 0.385, 0.235, 0.3, 0.345, 0.37, 0.355, 0.455, 0.385, 0.325, 0.26, 0.205, 0.3, 0.335, 0.275, 0.285, 0.425, 0.38190954773869346]"
57,"[0.43283582089552236, 0.275, 0.515, 0.26, 0.475, 0.395, 0.255, 0.405, 0.195, 0.255, 0.405, 0.525, 0.405, 0.29, 0.395, 0.29, 0.255, 0.385, 0.355, 0.56, 0.26, 0.18, 0.28, 0.27, 0.45, 0.235, 0.405, 0.415, 0.455, 0.2, 0.46, 0.305, 0.385, 0.615, 0.445, 0.425, 0.215, 0.27, 0.295, 0.235, 0.215, 0.26, 0.345, 0.39, 0.45, 0.235, 0.395, 0.37, 0.26, 0.20603015075376885]"
58,"[0.22885572139303484, 0.47, 0.49, 0.42, 0.395, 0.235, 0.365, 0.235, 0.425, 0.315, 0.195, 0.455, 0.24, 0.395, 0.18, 0.275, 0.42, 0.19, 0.42, 0.53, 0.405, 0.39, 0.45, 0.42, 0.29, 0.365, 0.215, 0.285, 0.28, 0.35, 0.23, 0.41, 0.22, 0.415, 0.255, 0.3, 0.34, 0.365, 0.34, 0.455, 0.335, 0.275, 0.25, 0.175, 0.31, 0.33, 0.255, 0.28, 0.4, 0.37185929648241206]"
59,"[0.43283582089552236, 0.275, 0.48, 0.26, 0.49, 0.375, 0.245, 0.38, 0.19, 0.25, 0.405, 0.435, 0.38, 0.27, 0.38, 0.29, 0.23, 0.36, 0.355, 0.475, 0.25, 0.165, 0.275, 0.285, 0.435, 0.255, 0.395, 0.42, 0.455, 0.195, 0.42, 0.295, 0.365, 0.61, 0.43, 0.415, 0.225, 0.245, 0.28, 0.24, 0.215, 0.28, 0.37, 0.395, 0.44, 0.205, 0.395, 0.345, 0.225, 0.20100502512562815]"
60,"[0.20398009950248755, 0.455, 0.475, 0.41, 0.44, 0.245, 0.36, 0.21, 0.435, 0.32, 0.195, 0.47, 0.22, 0.375, 0.16, 0.28, 0.41, 0.18, 0.405, 0.535, 0.385, 0.38, 0.435, 0.4, 0.295, 0.315, 0.205, 0.255, 0.275, 0.345, 0.235, 0.405, 0.205, 0.435, 0.225, 0.275, 0.315, 0.365, 0.335, 0.43, 0.305, 0.245, 0.25, 0.165, 0.305, 0.32, 0.245, 0.275, 0.405, 0.34673366834170855]"
61,"[0.4228855721393035, 0.265, 0.545, 0.28, 0.515, 0.385, 0.23, 0.39, 0.17, 0.235, 0.395, 0.465, 0.355, 0.26, 0.38, 0.28, 0.215, 0.36, 0.36, 0.525, 0.23, 0.175, 0.265, 0.27, 0.41, 0.255, 0.385, 0.43, 0.43, 0.16, 0.39, 0.27, 0.36, 0.635, 0.4, 0.405, 0.225, 0.235, 0.275, 0.23, 0.215, 0.335, 0.34, 0.385, 0.415, 0.2, 0.405, 0.35, 0.21, 0.17587939698492464]"
62,"[0.19900497512437812, 0.445, 0.475, 0.415, 0.425, 0.21, 0.34, 0.215, 0.43, 0.32, 0.17, 0.545, 0.22, 0.365, 0.15, 0.27, 0.405, 0.165, 0.39, 0.52, 0.375, 0.39, 0.43, 0.4, 0.275, 0.305, 0.2, 0.26, 0.25, 0.355, 0.215, 0.395, 0.21, 0.43, 0.23, 0.285, 0.315, 0.35, 0.34, 0.425, 0.285, 0.225, 0.275, 0.16, 0.3, 0.305, 0.245, 0.26, 0.395, 0.34673366834170855]"
63,"[0.4079601990049751, 0.255, 0.525, 0.255, 0.585, 0.37, 0.23, 0.385, 0.165, 0.225, 0.375, 0.4, 0.335, 0.265, 0.365, 0.28, 0.19, 0.355, 0.35, 0.565, 0.235, 0.18, 0.255, 0.265, 0.395, 0.255, 0.375, 0.425, 0.435, 0.16, 0.38, 0.28, 0.36, 0.63, 0.375, 0.385, 0.22, 0.22, 0.28, 0.22, 0.205, 0.35, 0.33, 0.37, 0.4, 0.19, 0.39, 0.34, 0.21, 0.1708542713567839]"
64,"[0.208955223880597, 0.45, 0.47, 0.38, 0.465, 0.21, 0.335, 0.205, 0.445, 0.32, 0.165, 0.575, 0.245, 0.365, 0.15, 0.26, 0.39, 0.16, 0.385, 0.54, 0.37, 0.375, 0.41, 0.395, 0.28, 0.3, 0.17, 0.245, 0.24, 0.33, 0.215, 0.38, 0.205, 0.43, 0.265, 0.27, 0.325, 0.35, 0.34, 0.42, 0.265, 0.225, 0.285, 0.15, 0.3, 0.315, 0.225, 0.27, 0.385, 0.3417085427135678]"
65,"[0.39800995024875624, 0.245, 0.53, 0.25, 0.53, 0.375, 0.215, 0.375, 0.16, 0.22, 0.375, 0.4, 0.33, 0.265, 0.355, 0.29, 0.205, 0.35, 0.355, 0.555, 0.225, 0.165, 0.245, 0.245, 0.405, 0.25, 0.365, 0.405, 0.43, 0.16, 0.375, 0.265, 0.33, 0.6, 0.355, 0.39, 0.21, 0.215, 0.285, 0.22, 0.21, 0.33, 0.32, 0.34, 0.38, 0.195, 0.375, 0.315, 0.21, 0.16080402010050251]"
66,"[0.19402985074626866, 0.435, 0.445, 0.38, 0.47, 0.195, 0.325, 0.19, 0.435, 0.315, 0.16, 0.555, 0.255, 0.345, 0.16, 0.245, 0.385, 0.14, 0.365, 0.545, 0.365, 0.36, 0.4, 0.39, 0.29, 0.29, 0.17, 0.25, 0.23, 0.31, 0.235, 0.38, 0.195, 0.415, 0.28, 0.27, 0.325, 0.345, 0.33, 0.415, 0.25, 0.215, 0.275, 0.145, 0.3, 0.305, 0.22, 0.265, 0.37, 0.3417085427135678]"
67,"[0.38308457711442784, 0.24, 0.47, 0.235, 0.57, 0.35, 0.21, 0.365, 0.165, 0.22, 0.375, 0.415, 0.325, 0.25, 0.345, 0.29, 0.2, 0.345, 0.37, 0.525, 0.22, 0.16, 0.27, 0.235, 0.395, 0.245, 0.35, 0.4, 0.415, 0.155, 0.36, 0.26, 0.315, 0.57, 0.37, 0.365, 0.205, 0.205, 0.28, 0.265, 0.22, 0.325, 0.315, 0.33, 0.375, 0.185, 0.385, 0.295, 0.21, 0.1457286432160804]"
68,"[0.1890547263681592, 0.425, 0.445, 0.365, 0.525, 0.195, 0.335, 0.18, 0.405, 0.33, 0.15, 0.535, 0.23, 0.365, 0.155, 0.23, 0.37, 0.14, 0.35, 0.55, 0.37, 0.355, 0.385, 0.39, 0.305, 0.29, 0.165, 0.255, 0.205, 0.31, 0.21, 0.39, 0.18, 0.395, 0.27, 0.265, 0.325, 0.34, 0.325, 0.405, 0.245, 0.21, 0.27, 0.15, 0.285, 0.29, 0.215, 0.265, 0.355, 0.3316582914572864]"
69,"[0.38308457711442784, 0.235, 0.465, 0.22, 0.53, 0.355, 0.205, 0.375, 0.165, 0.22, 0.37, 0.43, 0.33, 0.23, 0.34, 0.305, 0.195, 0.34, 0.35, 0.515, 0.21, 0.145, 0.255, 0.23, 0.4, 0.245, 0.335, 0.41, 0.42, 0.145, 0.355, 0.25, 0.285, 0.565, 0.365, 0.36, 0.185, 0.185, 0.255, 0.24, 0.21, 0.325, 0.305, 0.31, 0.37, 0.175, 0.37, 0.305, 0.185, 0.1407035175879397]"
70,"[0.1791044776119403, 0.43, 0.425, 0.36, 0.525, 0.195, 0.33, 0.165, 0.4, 0.33, 0.15, 0.505, 0.23, 0.365, 0.155, 0.195, 0.365, 0.14, 0.34, 0.52, 0.36, 0.35, 0.38, 0.38, 0.275, 0.285, 0.17, 0.255, 0.205, 0.315, 0.21, 0.39, 0.18, 0.405, 0.255, 0.25, 0.31, 0.33, 0.315, 0.405, 0.235, 0.205, 0.26, 0.16, 0.275, 0.29, 0.215, 0.23, 0.335, 0.3417085427135678]"
71,"[0.373134328358209, 0.225, 0.5, 0.205, 0.6, 0.36, 0.18, 0.375, 0.15, 0.21, 0.365, 0.455, 0.32, 0.22, 0.33, 0.305, 0.175, 0.34, 0.36, 0.51, 0.22, 0.155, 0.25, 0.22, 0.405, 0.24, 0.33, 0.405, 0.42, 0.165, 0.355, 0.245, 0.285, 0.55, 0.365, 0.37, 0.185, 0.18, 0.25, 0.245, 0.2, 0.315, 0.295, 0.31, 0.37, 0.165, 0.37, 0.315, 0.175, 0.1457286432160804]"
72,"[0.16417910447761194, 0.435, 0.445, 0.355, 0.54, 0.19, 0.33, 0.16, 0.39, 0.335, 0.15, 0.51, 0.205, 0.375, 0.17, 0.195, 0.34, 0.135, 0.32, 0.505, 0.35, 0.35, 0.405, 0.36, 0.27, 0.29, 0.175, 0.25, 0.21, 0.315, 0.195, 0.395, 0.165, 0.45, 0.23, 0.235, 0.305, 0.335, 0.31, 0.42, 0.23, 0.21, 0.25, 0.145, 0.255, 0.3, 0.2, 0.195, 0.34, 0.3316582914572864]"
73,"[0.3681592039800995, 0.23, 0.45, 0.21, 0.54, 0.355, 0.205, 0.375, 0.155, 0.225, 0.37, 0.435, 0.305, 0.215, 0.33, 0.31, 0.19, 0.32, 0.35, 0.585, 0.2, 0.16, 0.225, 0.2, 0.41, 0.235, 0.35, 0.405, 0.42, 0.16, 0.35, 0.225, 0.28, 0.545, 0.365, 0.36, 0.17, 0.175, 0.25, 0.275, 0.2, 0.325, 0.275, 0.315, 0.36, 0.16, 0.37, 0.31, 0.185, 0.135678391959799]"
74,"[0.15422885572139303, 0.44, 0.425, 0.36, 0.55, 0.185, 0.335, 0.145, 0.38, 0.335, 0.15, 0.52, 0.23, 0.365, 0.15, 0.17, 0.34, 0.135, 0.275, 0.505, 0.355, 0.36, 0.385, 0.36, 0.275, 0.29, 0.185, 0.25, 0.205, 0.33, 0.175, 0.395, 0.155, 0.475, 0.215, 0.23, 0.295, 0.335, 0.31, 0.405, 0.235, 0.195, 0.245, 0.15, 0.25, 0.305, 0.2, 0.18, 0.34, 0.3316582914572864]"
75,"[0.373134328358209, 0.22, 0.48, 0.185, 0.47, 0.35, 0.185, 0.37, 0.15, 0.235, 0.35, 0.435, 0.3, 0.185, 0.345, 0.305, 0.19, 0.32, 0.365, 0.61, 0.205, 0.16, 0.22, 0.205, 0.405, 0.23, 0.345, 0.385, 0.42, 0.15, 0.36, 0.23, 0.285, 0.55, 0.375, 0.365, 0.17, 0.165, 0.23, 0.245, 0.19, 0.32, 0.285, 0.315, 0.37, 0.145, 0.37, 0.32, 0.18, 0.12562814070351758]"
76,"[0.14925373134328357, 0.44, 0.425, 0.365, 0.535, 0.185, 0.34, 0.145, 0.385, 0.335, 0.15, 0.52, 0.21, 0.375, 0.14, 0.16, 0.33, 0.135, 0.25, 0.525, 0.355, 0.355, 0.375, 0.36, 0.26, 0.29, 0.165, 0.235, 0.2, 0.32, 0.17, 0.4, 0.16, 0.51, 0.195, 0.235, 0.31, 0.34, 0.315, 0.41, 0.24, 0.18, 0.225, 0.135, 0.225, 0.32, 0.185, 0.19, 0.345, 0.33668341708542715]"
77,"[0.373134328358209, 0.215, 0.49, 0.18, 0.465, 0.35, 0.175, 0.36, 0.15, 0.225, 0.365, 0.425, 0.285, 0.195, 0.355, 0.3, 0.18, 0.325, 0.375, 0.57, 0.2, 0.155, 0.21, 0.195, 0.405, 0.225, 0.345, 0.4, 0.41, 0.145, 0.37, 0.215, 0.29, 0.57, 0.375, 0.36, 0.16, 0.165, 0.215, 0.25, 0.19, 0.315, 0.285, 0.305, 0.375, 0.14, 0.37, 0.325, 0.165, 0.12060301507537688]"
78,"[0.14925373134328357, 0.445, 0.445, 0.375, 0.525, 0.185, 0.34, 0.145, 0.38, 0.33, 0.15, 0.525, 0.205, 0.365, 0.14, 0.16, 0.34, 0.135, 0.21, 0.51, 0.345, 0.345, 0.385, 0.34, 0.26, 0.295, 0.16, 0.26, 0.2, 0.325, 0.165, 0.405, 0.16, 0.515, 0.185, 0.22, 0.31, 0.335, 0.315, 0.4, 0.235, 0.16, 0.205, 0.135, 0.225, 0.32, 0.18, 0.185, 0.345, 0.3417085427135678]"
79,"[0.373134328358209, 0.205, 0.48, 0.175, 0.495, 0.36, 0.17, 0.375, 0.15, 0.22, 0.37, 0.45, 0.285, 0.185, 0.355, 0.3, 0.185, 0.33, 0.375, 0.58, 0.19, 0.15, 0.19, 0.19, 0.405, 0.22, 0.345, 0.37, 0.42, 0.14, 0.365, 0.21, 0.3, 0.59, 0.38, 0.36, 0.155, 0.165, 0.21, 0.24, 0.18, 0.32, 0.275, 0.305, 0.38, 0.14, 0.37, 0.325, 0.165, 0.12562814070351758]"
80,"[0.14925373134328357, 0.445, 0.48, 0.365, 0.565, 0.185, 0.345, 0.135, 0.375, 0.34, 0.15, 0.47, 0.2, 0.36, 0.145, 0.15, 0.35, 0.13, 0.215, 0.505, 0.35, 0.34, 0.385, 0.345, 0.235, 0.3, 0.165, 0.235, 0.2, 0.325, 0.16, 0.405, 0.16, 0.525, 0.185, 0.22, 0.32, 0.34, 0.31, 0.405, 0.23, 0.16, 0.215, 0.125, 0.21, 0.325, 0.18, 0.185, 0.345, 0.33668341708542715]"
81,"[0.3781094527363184, 0.205, 0.485, 0.175, 0.505, 0.365, 0.155, 0.365, 0.145, 0.21, 0.375, 0.435, 0.3, 0.18, 0.36, 0.3, 0.18, 0.33, 0.365, 0.595, 0.185, 0.15, 0.185, 0.19, 0.395, 0.215, 0.345, 0.365, 0.425, 0.135, 0.36, 0.205, 0.285, 0.595, 0.385, 0.365, 0.165, 0.165, 0.2, 0.235, 0.18, 0.325, 0.275, 0.305, 0.39, 0.145, 0.37, 0.325, 0.16, 0.12562814070351758]"
82,"[0.14925373134328357, 0.45, 0.475, 0.365, 0.545, 0.17, 0.345, 0.125, 0.37, 0.34, 0.15, 0.465, 0.18, 0.365, 0.145, 0.14, 0.345, 0.13, 0.215, 0.49, 0.345, 0.345, 0.39, 0.34, 0.22, 0.295, 0.165, 0.255, 0.195, 0.33, 0.16, 0.395, 0.16, 0.53, 0.18, 0.22, 0.305, 0.35, 0.325, 0.405, 0.22, 0.16, 0.215, 0.125, 0.21, 0.33, 0.18, 0.17, 0.355, 0.32663316582914576]"
83,"[0.38308457711442784, 0.2, 0.525, 0.17, 0.505, 0.36, 0.15, 0.36, 0.13, 0.195, 0.37, 0.435, 0.315, 0.18, 0.36, 0.305, 0.175, 0.345, 0.37, 0.545, 0.185, 0.15, 0.185, 0.175, 0.395, 0.21, 0.34, 0.375, 0.43, 0.13, 0.365, 0.205, 0.29, 0.59, 0.38, 0.365, 0.165, 0.16, 0.19, 0.22, 0.175, 0.32, 0.28, 0.32, 0.39, 0.145, 0.37, 0.325, 0.16, 0.12562814070351758]"
84,"[0.14427860696517414, 0.45, 0.48, 0.37, 0.55, 0.17, 0.35, 0.115, 0.385, 0.345, 0.155, 0.545, 0.19, 0.37, 0.14, 0.14, 0.36, 0.13, 0.21, 0.48, 0.35, 0.345, 0.39, 0.345, 0.22, 0.295, 0.165, 0.25, 0.185, 0.325, 0.15, 0.395, 0.16, 0.51, 0.18, 0.21, 0.315, 0.365, 0.33, 0.405, 0.215, 0.15, 0.19, 0.125, 0.21, 0.345, 0.18, 0.175, 0.355, 0.3316582914572864]"
85,"[0.3781094527363184, 0.2, 0.47, 0.165, 0.56, 0.36, 0.145, 0.365, 0.13, 0.19, 0.37, 0.465, 0.3, 0.18, 0.355, 0.3, 0.17, 0.335, 0.36, 0.535, 0.185, 0.15, 0.185, 0.17, 0.395, 0.215, 0.34, 0.37, 0.425, 0.125, 0.35, 0.205, 0.3, 0.595, 0.385, 0.355, 0.165, 0.16, 0.185, 0.205, 0.165, 0.315, 0.28, 0.32, 0.395, 0.145, 0.375, 0.315, 0.16, 0.12562814070351758]"
86,"[0.13930348258706468, 0.47, 0.46, 0.365, 0.545, 0.17, 0.345, 0.115, 0.385, 0.345, 0.15, 0.51, 0.185, 0.37, 0.14, 0.14, 0.36, 0.13, 0.205, 0.465, 0.36, 0.365, 0.4, 0.345, 0.22, 0.295, 0.165, 0.24, 0.185, 0.325, 0.145, 0.385, 0.16, 0.425, 0.18, 0.205, 0.32, 0.37, 0.325, 0.405, 0.22, 0.14, 0.185, 0.12, 0.21, 0.34, 0.175, 0.17, 0.355, 0.32663316582914576]"
87,"[0.40298507462686567, 0.2, 0.5, 0.165, 0.575, 0.375, 0.14, 0.385, 0.13, 0.18, 0.375, 0.465, 0.3, 0.18, 0.345, 0.32, 0.165, 0.35, 0.37, 0.5, 0.16, 0.145, 0.18, 0.17, 0.39, 0.21, 0.345, 0.36, 0.435, 0.125, 0.345, 0.205, 0.305, 0.53, 0.375, 0.355, 0.165, 0.16, 0.18, 0.205, 0.165, 0.325, 0.27, 0.315, 0.38, 0.145, 0.375, 0.32, 0.16, 0.12562814070351758]"
88,"[0.13930348258706468, 0.475, 0.45, 0.375, 0.54, 0.17, 0.34, 0.11, 0.385, 0.35, 0.15, 0.465, 0.18, 0.365, 0.14, 0.13, 0.365, 0.13, 0.205, 0.42, 0.365, 0.355, 0.4, 0.355, 0.215, 0.3, 0.16, 0.24, 0.185, 0.345, 0.13, 0.4, 0.16, 0.48, 0.18, 0.195, 0.33, 0.37, 0.33, 0.41, 0.22, 0.135, 0.18, 0.115, 0.21, 0.35, 0.175, 0.17, 0.365, 0.32663316582914576]"
89,"[0.4079601990049751, 0.195, 0.46, 0.155, 0.57, 0.37, 0.14, 0.395, 0.13, 0.18, 0.375, 0.41, 0.3, 0.17, 0.345, 0.305, 0.16, 0.36, 0.38, 0.515, 0.16, 0.135, 0.18, 0.17, 0.39, 0.21, 0.36, 0.37, 0.435, 0.12, 0.35, 0.2, 0.305, 0.555, 0.375, 0.355, 0.16, 0.16, 0.18, 0.205, 0.155, 0.32, 0.28, 0.315, 0.39, 0.14, 0.39, 0.32, 0.16, 0.12562814070351758]"
90,"[0.13432835820895522, 0.46, 0.435, 0.375, 0.53, 0.17, 0.34, 0.11, 0.395, 0.35, 0.145, 0.395, 0.18, 0.365, 0.135, 0.125, 0.365, 0.13, 0.2, 0.445, 0.36, 0.355, 0.415, 0.345, 0.21, 0.3, 0.15, 0.23, 0.18, 0.335, 0.125, 0.4, 0.15, 0.48, 0.18, 0.195, 0.31, 0.37, 0.34, 0.405, 0.22, 0.135, 0.18, 0.12, 0.205, 0.345, 0.175, 0.165, 0.355, 0.32663316582914576]"
91,"[0.4129353233830846, 0.195, 0.47, 0.16, 0.525, 0.37, 0.135, 0.385, 0.13, 0.175, 0.385, 0.57, 0.285, 0.17, 0.36, 0.31, 0.16, 0.325, 0.38, 0.515, 0.16, 0.14, 0.18, 0.17, 0.39, 0.21, 0.375, 0.345, 0.41, 0.12, 0.33, 0.185, 0.305, 0.565, 0.375, 0.35, 0.16, 0.16, 0.185, 0.205, 0.155, 0.32, 0.275, 0.315, 0.385, 0.145, 0.385, 0.33, 0.16, 0.12060301507537688]"
92,"[0.13930348258706468, 0.48, 0.42, 0.38, 0.475, 0.17, 0.335, 0.11, 0.405, 0.35, 0.145, 0.39, 0.18, 0.36, 0.135, 0.13, 0.365, 0.13, 0.2, 0.435, 0.34, 0.365, 0.405, 0.345, 0.205, 0.3, 0.145, 0.225, 0.175, 0.335, 0.125, 0.385, 0.15, 0.46, 0.18, 0.195, 0.31, 0.36, 0.335, 0.405, 0.215, 0.135, 0.18, 0.12, 0.195, 0.34, 0.18, 0.16, 0.355, 0.3165829145728643]"
93,"[0.4129353233830846, 0.195, 0.5, 0.16, 0.52, 0.365, 0.135, 0.38, 0.13, 0.175, 0.395, 0.57, 0.285, 0.175, 0.355, 0.315, 0.155, 0.335, 0.385, 0.5, 0.16, 0.135, 0.18, 0.17, 0.39, 0.21, 0.37, 0.365, 0.415, 0.125, 0.325, 0.195, 0.305, 0.57, 0.37, 0.355, 0.16, 0.155, 0.19, 0.205, 0.155, 0.315, 0.275, 0.315, 0.395, 0.145, 0.395, 0.33, 0.16, 0.11055276381909548]"
94,"[0.13930348258706468, 0.47, 0.455, 0.38, 0.43, 0.17, 0.325, 0.11, 0.395, 0.355, 0.145, 0.385, 0.185, 0.35, 0.135, 0.125, 0.37, 0.125, 0.2, 0.47, 0.355, 0.36, 0.4, 0.355, 0.21, 0.29, 0.155, 0.23, 0.18, 0.335, 0.125, 0.385, 0.14, 0.475, 0.175, 0.195, 0.315, 0.37, 0.345, 0.405, 0.215, 0.135, 0.18, 0.12, 0.19, 0.34, 0.175, 0.16, 0.355, 0.3165829145728643]"
95,"[0.4129353233830846, 0.195, 0.5, 0.16, 0.6, 0.36, 0.135, 0.395, 0.13, 0.175, 0.395, 0.56, 0.285, 0.18, 0.345, 0.315, 0.16, 0.34, 0.385, 0.48, 0.16, 0.14, 0.175, 0.17, 0.385, 0.21, 0.37, 0.375, 0.395, 0.125, 0.32, 0.195, 0.305, 0.495, 0.365, 0.355, 0.16, 0.16, 0.19, 0.205, 0.155, 0.31, 0.275, 0.305, 0.39, 0.145, 0.4, 0.33, 0.16, 0.11557788944723618]"
96,"[0.13930348258706468, 0.46, 0.465, 0.38, 0.42, 0.165, 0.325, 0.11, 0.385, 0.37, 0.145, 0.4, 0.185, 0.35, 0.135, 0.135, 0.36, 0.125, 0.195, 0.47, 0.36, 0.37, 0.4, 0.35, 0.205, 0.285, 0.155, 0.225, 0.18, 0.335, 0.125, 0.39, 0.135, 0.47, 0.175, 0.19, 0.315, 0.365, 0.35, 0.395, 0.215, 0.13, 0.18, 0.115, 0.19, 0.345, 0.175, 0.16, 0.35, 0.3165829145728643]"
97,"[0.4079601990049751, 0.19, 0.54, 0.16, 0.585, 0.365, 0.135, 0.375, 0.13, 0.18, 0.4, 0.54, 0.285, 0.175, 0.34, 0.315, 0.16, 0.355, 0.385, 0.415, 0.175, 0.14, 0.175, 0.175, 0.37, 0.21, 0.385, 0.365, 0.405, 0.13, 0.325, 0.19, 0.31, 0.48, 0.36, 0.345, 0.155, 0.165, 0.205, 0.205, 0.16, 0.325, 0.285, 0.295, 0.39, 0.145, 0.405, 0.31, 0.16, 0.11557788944723618]"
98,"[0.13432835820895522, 0.455, 0.47, 0.38, 0.435, 0.165, 0.32, 0.11, 0.375, 0.37, 0.14, 0.41, 0.185, 0.35, 0.13, 0.125, 0.36, 0.125, 0.195, 0.535, 0.35, 0.35, 0.4, 0.35, 0.21, 0.285, 0.15, 0.215, 0.18, 0.345, 0.13, 0.4, 0.135, 0.5, 0.175, 0.19, 0.32, 0.36, 0.34, 0.395, 0.22, 0.135, 0.175, 0.12, 0.185, 0.34, 0.175, 0.16, 0.345, 0.32160804020100503]"
99,"[0.4129353233830846, 0.19, 0.48, 0.16, 0.59, 0.365, 0.135, 0.375, 0.13, 0.18, 0.4, 0.535, 0.295, 0.175, 0.345, 0.315, 0.16, 0.345, 0.385, 0.405, 0.175, 0.14, 0.18, 0.175, 0.37, 0.21, 0.38, 0.35, 0.405, 0.135, 0.325, 0.19, 0.31, 0.48, 0.36, 0.345, 0.16, 0.16, 0.185, 0.205, 0.155, 0.32, 0.28, 0.3, 0.4, 0.145, 0.41, 0.315, 0.16, 0.10552763819095477]"
