none,[]
0,"[0.13432835820895522, 0.105, 0.125, 0.09, 0.115, 0.115, 0.12, 0.085, 0.09, 0.085, 0.145, 0.095, 0.095, 0.105, 0.085, 0.19, 0.09, 0.1, 0.135, 0.07, 0.11, 0.15, 0.205, 0.09, 0.125, 0.095, 0.07, 0.115, 0.24, 0.135, 0.105, 0.135, 0.21, 0.085, 0.225, 0.18, 0.12, 0.08, 0.14, 0.165, 0.195, 0.12, 0.09, 0.09, 0.095, 0.175, 0.1, 0.11, 0.08, 0.09547738693467336]"
1,"[0.0845771144278607, 0.16, 0.115, 0.09, 0.115, 0.14, 0.1, 0.085, 0.135, 0.085, 0.11, 0.085, 0.12, 0.1, 0.12, 0.155, 0.145, 0.095, 0.075, 0.1, 0.01, 0.085, 0.105, 0.15, 0.095, 0.14, 0.085, 0.085, 0.06, 0.085, 0.12, 0.1, 0.095, 0.1, 0.145, 0.07, 0.08, 0.215, 0.09, 0.13, 0.1, 0.12, 0.165, 0.065, 0.095, 0.085, 0.085, 0.1, 0.16, 0.09045226130653267]"
2,"[0.08955223880597014, 0.105, 0.105, 0.105, 0.09, 0.105, 0.105, 0.085, 0.09, 0.085, 0.115, 0.085, 0.12, 0.085, 0.085, 0.06, 0.145, 0.1, 0.075, 0.07, 0.04, 0.085, 0.105, 0.09, 0.125, 0.14, 0.07, 0.1, 0.06, 0.07, 0.105, 0.09, 0.115, 0.105, 0.075, 0.125, 0.12, 0.08, 0.125, 0.13, 0.07, 0.12, 0.075, 0.065, 0.095, 0.065, 0.1, 0.1, 0.075, 0.09045226130653267]"
3,"[0.0845771144278607, 0.1, 0.085, 0.09, 0.115, 0.105, 0.105, 0.085, 0.09, 0.085, 0.09, 0.145, 0.12, 0.1, 0.12, 0.11, 0.145, 0.095, 0.075, 0.095, 0.1, 0.15, 0.105, 0.165, 0.095, 0.14, 0.085, 0.105, 0.06, 0.085, 0.12, 0.095, 0.115, 0.1, 0.075, 0.07, 0.115, 0.13, 0.09, 0.13, 0.12, 0.105, 0.075, 0.065, 0.095, 0.135, 0.105, 0.1, 0.075, 0.09045226130653267]"
4,"[0.08955223880597014, 0.1, 0.115, 0.105, 0.16, 0.105, 0.105, 0.085, 0.09, 0.09, 0.115, 0.085, 0.115, 0.085, 0.12, 0.125, 0.145, 0.1, 0.075, 0.07, 0.1, 0.115, 0.105, 0.09, 0.095, 0.14, 0.07, 0.1, 0.06, 0.19, 0.12, 0.1, 0.115, 0.175, 0.075, 0.125, 0.17, 0.13, 0.08, 0.14, 0.07, 0.12, 0.075, 0.135, 0.015, 0.135, 0.105, 0.1, 0.075, 0.08040201005025126]"
5,"[0.0845771144278607, 0.135, 0.115, 0.1, 0.17, 0.105, 0.105, 0.085, 0.09, 0.085, 0.075, 0.145, 0.265, 0.085, 0.12, 0.11, 0.145, 0.095, 0.075, 0.095, 0.1, 0.125, 0.105, 0.105, 0.095, 0.15, 0.085, 0.115, 0.06, 0.17, 0.12, 0.095, 0.115, 0.1, 0.075, 0.07, 0.13, 0.13, 0.09, 0.13, 0.07, 0.08, 0.075, 0.065, 0.105, 0.135, 0.105, 0.1, 0.075, 0.08040201005025126]"
6,"[0.09950248756218906, 0.095, 0.115, 0.105, 0.09, 0.105, 0.105, 0.085, 0.085, 0.09, 0.11, 0.085, 0.115, 0.14, 0.12, 0.12, 0.145, 0.1, 0.145, 0.07, 0.075, 0.09, 0.105, 0.09, 0.095, 0.095, 0.085, 0.105, 0.095, 0.125, 0.13, 0.1, 0.11, 0.105, 0.09, 0.125, 0.11, 0.13, 0.07, 0.085, 0.07, 0.12, 0.075, 0.13, 0.08, 0.1, 0.105, 0.11, 0.1, 0.08040201005025126]"
7,"[0.0845771144278607, 0.08, 0.15, 0.185, 0.085, 0.14, 0.225, 0.07, 0.12, 0.12, 0.075, 0.09, 0.12, 0.225, 0.12, 0.095, 0.09, 0.1, 0.1, 0.095, 0.1, 0.09, 0.105, 0.125, 0.095, 0.095, 0.1, 0.165, 0.2, 0.075, 0.12, 0.1, 0.11, 0.1, 0.18, 0.07, 0.225, 0.075, 0.175, 0.085, 0.07, 0.08, 0.25, 0.095, 0.105, 0.135, 0.105, 0.09, 0.105, 0.11055276381909548]"
8,"[0.0845771144278607, 0.175, 0.115, 0.06, 0.09, 0.14, 0.12, 0.07, 0.095, 0.12, 0.16, 0.09, 0.12, 0.155, 0.165, 0.09, 0.09, 0.14, 0.14, 0.07, 0.075, 0.09, 0.11, 0.1, 0.095, 0.095, 0.07, 0.17, 0.095, 0.08, 0.105, 0.13, 0.11, 0.125, 0.1, 0.135, 0.12, 0.23, 0.16, 0.085, 0.085, 0.18, 0.085, 0.13, 0.18, 0.095, 0.105, 0.175, 0.12, 0.20100502512562815]"
9,"[0.13930348258706468, 0.075, 0.1, 0.09, 0.085, 0.14, 0.12, 0.07, 0.095, 0.12, 0.2, 0.135, 0.12, 0.1, 0.095, 0.115, 0.16, 0.135, 0.1, 0.1, 0.075, 0.09, 0.115, 0.145, 0.17, 0.095, 0.07, 0.085, 0.105, 0.07, 0.105, 0.155, 0.11, 0.125, 0.16, 0.11, 0.12, 0.135, 0.14, 0.085, 0.155, 0.135, 0.08, 0.145, 0.065, 0.085, 0.13, 0.11, 0.1, 0.11055276381909548]"
10,"[0.0845771144278607, 0.125, 0.115, 0.06, 0.085, 0.14, 0.12, 0.105, 0.185, 0.14, 0.145, 0.09, 0.12, 0.115, 0.095, 0.135, 0.09, 0.135, 0.1, 0.07, 0.12, 0.075, 0.06, 0.1, 0.095, 0.095, 0.07, 0.15, 0.115, 0.155, 0.105, 0.15, 0.11, 0.19, 0.075, 0.095, 0.12, 0.14, 0.14, 0.085, 0.155, 0.145, 0.08, 0.13, 0.115, 0.155, 0.105, 0.135, 0.145, 0.1457286432160804]"
11,"[0.13930348258706468, 0.105, 0.12, 0.12, 0.085, 0.14, 0.12, 0.07, 0.095, 0.12, 0.21, 0.12, 0.12, 0.1, 0.095, 0.095, 0.17, 0.135, 0.105, 0.1, 0.075, 0.09, 0.075, 0.095, 0.15, 0.095, 0.07, 0.14, 0.105, 0.19, 0.11, 0.15, 0.145, 0.125, 0.12, 0.07, 0.12, 0.18, 0.14, 0.115, 0.18, 0.135, 0.08, 0.13, 0.065, 0.12, 0.15, 0.165, 0.145, 0.11055276381909548]"
12,"[0.0845771144278607, 0.155, 0.17, 0.06, 0.15, 0.19, 0.12, 0.28, 0.2, 0.13, 0.155, 0.125, 0.12, 0.27, 0.19, 0.135, 0.09, 0.14, 0.175, 0.07, 0.075, 0.075, 0.06, 0.14, 0.14, 0.185, 0.08, 0.14, 0.135, 0.195, 0.115, 0.2, 0.11, 0.235, 0.11, 0.215, 0.19, 0.13, 0.14, 0.095, 0.16, 0.21, 0.16, 0.15, 0.2, 0.18, 0.105, 0.135, 0.1, 0.1658291457286432]"
13,"[0.21890547263681592, 0.195, 0.18, 0.125, 0.135, 0.225, 0.285, 0.11, 0.135, 0.28, 0.22, 0.185, 0.24, 0.22, 0.095, 0.24, 0.175, 0.18, 0.185, 0.22, 0.285, 0.18, 0.325, 0.25, 0.17, 0.095, 0.075, 0.21, 0.16, 0.15, 0.205, 0.125, 0.225, 0.14, 0.19, 0.09, 0.145, 0.245, 0.295, 0.37, 0.4, 0.165, 0.205, 0.24, 0.105, 0.205, 0.155, 0.345, 0.19, 0.135678391959799]"
14,"[0.14427860696517414, 0.2, 0.21, 0.195, 0.325, 0.22, 0.2, 0.335, 0.245, 0.155, 0.22, 0.265, 0.17, 0.19, 0.375, 0.24, 0.145, 0.25, 0.22, 0.135, 0.12, 0.225, 0.075, 0.24, 0.2, 0.3, 0.46, 0.185, 0.135, 0.305, 0.34, 0.265, 0.175, 0.165, 0.19, 0.265, 0.16, 0.225, 0.21, 0.12, 0.16, 0.265, 0.34, 0.195, 0.185, 0.31, 0.21, 0.19, 0.21, 0.271356783919598]"
15,"[0.27860696517412936, 0.195, 0.24, 0.24, 0.215, 0.235, 0.395, 0.155, 0.16, 0.305, 0.345, 0.28, 0.19, 0.255, 0.125, 0.2, 0.35, 0.21, 0.22, 0.295, 0.425, 0.195, 0.315, 0.31, 0.19, 0.15, 0.075, 0.225, 0.205, 0.155, 0.245, 0.14, 0.31, 0.335, 0.3, 0.14, 0.31, 0.24, 0.36, 0.37, 0.275, 0.23, 0.245, 0.275, 0.16, 0.255, 0.27, 0.35, 0.36, 0.20603015075376885]"
16,"[0.14427860696517414, 0.31, 0.245, 0.21, 0.4, 0.29, 0.21, 0.435, 0.345, 0.17, 0.17, 0.42, 0.205, 0.43, 0.325, 0.335, 0.11, 0.16, 0.355, 0.155, 0.19, 0.255, 0.11, 0.21, 0.24, 0.335, 0.305, 0.215, 0.24, 0.405, 0.295, 0.255, 0.2, 0.18, 0.155, 0.44, 0.2, 0.285, 0.23, 0.13, 0.165, 0.43, 0.395, 0.21, 0.285, 0.3, 0.18, 0.2, 0.24, 0.2814070351758794]"
17,"[0.3482587064676617, 0.155, 0.25, 0.31, 0.255, 0.235, 0.37, 0.1, 0.18, 0.36, 0.31, 0.25, 0.255, 0.275, 0.13, 0.19, 0.31, 0.3, 0.2, 0.41, 0.35, 0.185, 0.35, 0.39, 0.24, 0.165, 0.075, 0.215, 0.2, 0.16, 0.28, 0.225, 0.39, 0.355, 0.435, 0.15, 0.31, 0.245, 0.375, 0.33, 0.28, 0.25, 0.295, 0.31, 0.16, 0.23, 0.395, 0.375, 0.37, 0.21608040201005024]"
18,"[0.14427860696517414, 0.415, 0.335, 0.21, 0.32, 0.395, 0.22, 0.445, 0.36, 0.195, 0.11, 0.38, 0.22, 0.36, 0.335, 0.31, 0.1, 0.195, 0.46, 0.13, 0.205, 0.335, 0.16, 0.225, 0.22, 0.375, 0.31, 0.255, 0.335, 0.31, 0.335, 0.23, 0.21, 0.205, 0.155, 0.375, 0.115, 0.275, 0.215, 0.14, 0.165, 0.465, 0.18, 0.185, 0.43, 0.44, 0.17, 0.19, 0.245, 0.40703517587939697]"
19,"[0.3781094527363184, 0.155, 0.245, 0.38, 0.24, 0.235, 0.315, 0.09, 0.17, 0.375, 0.265, 0.165, 0.26, 0.235, 0.16, 0.16, 0.29, 0.365, 0.2, 0.43, 0.325, 0.175, 0.37, 0.45, 0.38, 0.195, 0.095, 0.2, 0.205, 0.145, 0.25, 0.325, 0.405, 0.365, 0.41, 0.135, 0.235, 0.225, 0.39, 0.32, 0.28, 0.255, 0.285, 0.3, 0.16, 0.235, 0.46, 0.365, 0.345, 0.20100502512562815]"
20,"[0.14925373134328357, 0.44, 0.375, 0.205, 0.31, 0.37, 0.23, 0.405, 0.3, 0.305, 0.105, 0.355, 0.185, 0.355, 0.335, 0.32, 0.105, 0.29, 0.45, 0.125, 0.195, 0.38, 0.175, 0.205, 0.235, 0.385, 0.31, 0.325, 0.345, 0.33, 0.335, 0.225, 0.24, 0.215, 0.16, 0.345, 0.11, 0.18, 0.2, 0.205, 0.195, 0.47, 0.17, 0.15, 0.43, 0.455, 0.165, 0.195, 0.19, 0.4120603015075377]"
21,"[0.3781094527363184, 0.155, 0.25, 0.415, 0.24, 0.23, 0.325, 0.1, 0.165, 0.3, 0.32, 0.145, 0.265, 0.175, 0.17, 0.14, 0.265, 0.355, 0.2, 0.4, 0.34, 0.165, 0.36, 0.435, 0.42, 0.2, 0.13, 0.19, 0.205, 0.145, 0.235, 0.35, 0.41, 0.375, 0.42, 0.12, 0.215, 0.22, 0.39, 0.34, 0.28, 0.25, 0.285, 0.285, 0.16, 0.26, 0.455, 0.36, 0.34, 0.19597989949748743]"
22,"[0.14925373134328357, 0.425, 0.395, 0.205, 0.295, 0.345, 0.245, 0.385, 0.305, 0.255, 0.13, 0.35, 0.145, 0.355, 0.34, 0.385, 0.12, 0.39, 0.42, 0.12, 0.205, 0.34, 0.22, 0.3, 0.205, 0.4, 0.315, 0.385, 0.355, 0.32, 0.33, 0.2, 0.24, 0.27, 0.19, 0.345, 0.105, 0.295, 0.23, 0.235, 0.215, 0.445, 0.18, 0.16, 0.405, 0.465, 0.165, 0.205, 0.17, 0.39195979899497485]"
23,"[0.34328358208955223, 0.155, 0.245, 0.405, 0.2, 0.23, 0.32, 0.105, 0.165, 0.28, 0.34, 0.14, 0.28, 0.125, 0.18, 0.135, 0.27, 0.35, 0.2, 0.4, 0.335, 0.165, 0.34, 0.43, 0.45, 0.21, 0.155, 0.18, 0.21, 0.145, 0.205, 0.345, 0.38, 0.38, 0.42, 0.12, 0.33, 0.21, 0.42, 0.375, 0.28, 0.255, 0.29, 0.325, 0.16, 0.37, 0.425, 0.34, 0.34, 0.20603015075376885]"
24,"[0.15422885572139303, 0.41, 0.36, 0.205, 0.285, 0.3, 0.25, 0.36, 0.315, 0.22, 0.165, 0.345, 0.185, 0.335, 0.335, 0.375, 0.14, 0.485, 0.405, 0.12, 0.195, 0.325, 0.235, 0.425, 0.18, 0.44, 0.315, 0.355, 0.355, 0.33, 0.33, 0.19, 0.24, 0.345, 0.215, 0.35, 0.11, 0.335, 0.235, 0.275, 0.24, 0.44, 0.235, 0.16, 0.385, 0.435, 0.17, 0.215, 0.17, 0.36683417085427134]"
25,"[0.3333333333333333, 0.15, 0.245, 0.37, 0.19, 0.23, 0.295, 0.12, 0.18, 0.27, 0.355, 0.13, 0.305, 0.12, 0.185, 0.125, 0.275, 0.345, 0.195, 0.375, 0.35, 0.15, 0.33, 0.43, 0.415, 0.275, 0.165, 0.18, 0.21, 0.145, 0.275, 0.355, 0.34, 0.375, 0.41, 0.13, 0.325, 0.21, 0.415, 0.425, 0.295, 0.235, 0.31, 0.34, 0.16, 0.435, 0.4, 0.32, 0.33, 0.20603015075376885]"
26,"[0.15422885572139303, 0.4, 0.335, 0.205, 0.265, 0.28, 0.22, 0.33, 0.325, 0.23, 0.21, 0.35, 0.29, 0.335, 0.34, 0.37, 0.165, 0.45, 0.375, 0.125, 0.22, 0.305, 0.235, 0.465, 0.18, 0.425, 0.32, 0.33, 0.35, 0.335, 0.375, 0.17, 0.24, 0.39, 0.26, 0.345, 0.125, 0.335, 0.28, 0.325, 0.26, 0.42, 0.275, 0.165, 0.38, 0.41, 0.17, 0.22, 0.165, 0.34673366834170855]"
27,"[0.3283582089552239, 0.15, 0.25, 0.355, 0.175, 0.23, 0.28, 0.13, 0.185, 0.265, 0.355, 0.18, 0.325, 0.11, 0.185, 0.13, 0.31, 0.335, 0.19, 0.34, 0.355, 0.14, 0.325, 0.44, 0.39, 0.26, 0.145, 0.185, 0.21, 0.265, 0.3, 0.345, 0.31, 0.405, 0.37, 0.165, 0.325, 0.24, 0.4, 0.45, 0.29, 0.245, 0.32, 0.35, 0.165, 0.4, 0.35, 0.31, 0.325, 0.20100502512562815]"
28,"[0.15920398009950248, 0.385, 0.325, 0.215, 0.265, 0.255, 0.185, 0.3, 0.32, 0.25, 0.23, 0.355, 0.315, 0.33, 0.34, 0.37, 0.185, 0.365, 0.365, 0.13, 0.31, 0.28, 0.235, 0.485, 0.19, 0.415, 0.3, 0.31, 0.345, 0.33, 0.385, 0.17, 0.28, 0.405, 0.265, 0.32, 0.15, 0.345, 0.315, 0.34, 0.26, 0.4, 0.285, 0.18, 0.375, 0.43, 0.17, 0.22, 0.165, 0.32160804020100503]"
29,"[0.3034825870646766, 0.15, 0.26, 0.325, 0.18, 0.23, 0.28, 0.14, 0.17, 0.255, 0.355, 0.265, 0.35, 0.14, 0.185, 0.155, 0.305, 0.345, 0.175, 0.305, 0.355, 0.155, 0.315, 0.445, 0.37, 0.27, 0.135, 0.195, 0.225, 0.27, 0.315, 0.345, 0.27, 0.42, 0.345, 0.2, 0.315, 0.285, 0.4, 0.44, 0.295, 0.23, 0.33, 0.37, 0.17, 0.44, 0.32, 0.29, 0.32, 0.20603015075376885]"
30,"[0.17412935323383086, 0.37, 0.31, 0.225, 0.26, 0.24, 0.195, 0.295, 0.315, 0.285, 0.265, 0.35, 0.33, 0.335, 0.325, 0.375, 0.225, 0.335, 0.345, 0.165, 0.405, 0.26, 0.215, 0.48, 0.18, 0.42, 0.285, 0.305, 0.34, 0.34, 0.37, 0.17, 0.305, 0.425, 0.235, 0.32, 0.185, 0.35, 0.35, 0.33, 0.24, 0.365, 0.295, 0.18, 0.36, 0.46, 0.17, 0.23, 0.17, 0.2964824120603015]"
31,"[0.2935323383084577, 0.16, 0.245, 0.295, 0.175, 0.235, 0.27, 0.155, 0.185, 0.26, 0.355, 0.28, 0.355, 0.175, 0.2, 0.175, 0.29, 0.35, 0.175, 0.295, 0.31, 0.175, 0.315, 0.45, 0.32, 0.385, 0.12, 0.2, 0.245, 0.315, 0.325, 0.32, 0.265, 0.42, 0.335, 0.21, 0.32, 0.305, 0.39, 0.445, 0.295, 0.225, 0.325, 0.38, 0.185, 0.435, 0.295, 0.27, 0.325, 0.21105527638190955]"
32,"[0.1791044776119403, 0.36, 0.285, 0.225, 0.265, 0.215, 0.205, 0.285, 0.305, 0.285, 0.315, 0.35, 0.335, 0.34, 0.315, 0.375, 0.26, 0.32, 0.325, 0.185, 0.44, 0.25, 0.195, 0.5, 0.155, 0.435, 0.28, 0.275, 0.34, 0.35, 0.37, 0.18, 0.305, 0.43, 0.26, 0.31, 0.215, 0.355, 0.4, 0.34, 0.195, 0.32, 0.285, 0.19, 0.355, 0.47, 0.18, 0.235, 0.215, 0.27638190954773867]"
33,"[0.27860696517412936, 0.175, 0.25, 0.295, 0.18, 0.25, 0.26, 0.175, 0.21, 0.26, 0.36, 0.305, 0.37, 0.205, 0.205, 0.205, 0.265, 0.355, 0.18, 0.275, 0.32, 0.185, 0.305, 0.445, 0.3, 0.455, 0.12, 0.195, 0.245, 0.37, 0.325, 0.32, 0.26, 0.425, 0.31, 0.22, 0.315, 0.305, 0.37, 0.415, 0.29, 0.245, 0.33, 0.39, 0.185, 0.445, 0.29, 0.255, 0.325, 0.22110552763819097]"
34,"[0.1890547263681592, 0.345, 0.28, 0.225, 0.275, 0.21, 0.2, 0.28, 0.305, 0.295, 0.345, 0.35, 0.335, 0.345, 0.32, 0.36, 0.305, 0.31, 0.32, 0.24, 0.465, 0.245, 0.21, 0.485, 0.135, 0.45, 0.29, 0.275, 0.335, 0.395, 0.355, 0.18, 0.285, 0.44, 0.28, 0.31, 0.24, 0.355, 0.405, 0.32, 0.16, 0.32, 0.3, 0.185, 0.345, 0.485, 0.19, 0.255, 0.29, 0.2663316582914573]"
35,"[0.27860696517412936, 0.205, 0.25, 0.285, 0.185, 0.285, 0.255, 0.18, 0.21, 0.225, 0.365, 0.335, 0.39, 0.225, 0.2, 0.235, 0.25, 0.35, 0.18, 0.255, 0.415, 0.215, 0.32, 0.45, 0.295, 0.465, 0.145, 0.18, 0.265, 0.405, 0.325, 0.32, 0.255, 0.42, 0.31, 0.255, 0.305, 0.34, 0.365, 0.42, 0.285, 0.285, 0.335, 0.39, 0.18, 0.44, 0.28, 0.23, 0.32, 0.24120603015075376]"
36,"[0.20398009950248755, 0.33, 0.285, 0.22, 0.28, 0.205, 0.21, 0.28, 0.31, 0.3, 0.375, 0.355, 0.345, 0.35, 0.32, 0.355, 0.33, 0.31, 0.335, 0.29, 0.47, 0.245, 0.225, 0.46, 0.145, 0.45, 0.295, 0.28, 0.33, 0.435, 0.38, 0.195, 0.26, 0.445, 0.305, 0.315, 0.255, 0.36, 0.39, 0.305, 0.15, 0.315, 0.34, 0.2, 0.34, 0.485, 0.2, 0.265, 0.325, 0.25125628140703515]"
37,"[0.2835820895522388, 0.24, 0.245, 0.285, 0.235, 0.335, 0.255, 0.205, 0.23, 0.24, 0.365, 0.37, 0.415, 0.25, 0.195, 0.27, 0.245, 0.32, 0.195, 0.255, 0.43, 0.23, 0.32, 0.45, 0.295, 0.45, 0.16, 0.175, 0.25, 0.42, 0.325, 0.31, 0.25, 0.42, 0.31, 0.255, 0.31, 0.37, 0.36, 0.41, 0.28, 0.335, 0.33, 0.39, 0.19, 0.445, 0.275, 0.22, 0.335, 0.2562814070351759]"
38,"[0.21393034825870647, 0.33, 0.285, 0.225, 0.29, 0.205, 0.2, 0.28, 0.305, 0.31, 0.385, 0.365, 0.35, 0.355, 0.315, 0.36, 0.345, 0.31, 0.32, 0.345, 0.475, 0.23, 0.27, 0.445, 0.145, 0.44, 0.295, 0.29, 0.325, 0.42, 0.365, 0.235, 0.28, 0.425, 0.38, 0.3, 0.29, 0.36, 0.415, 0.305, 0.165, 0.305, 0.345, 0.22, 0.34, 0.47, 0.22, 0.295, 0.355, 0.24623115577889448]"
39,"[0.2835820895522388, 0.31, 0.245, 0.28, 0.25, 0.36, 0.26, 0.225, 0.225, 0.25, 0.36, 0.37, 0.43, 0.275, 0.18, 0.3, 0.24, 0.3, 0.26, 0.255, 0.435, 0.23, 0.325, 0.455, 0.295, 0.445, 0.215, 0.16, 0.275, 0.435, 0.33, 0.325, 0.25, 0.43, 0.315, 0.28, 0.325, 0.4, 0.36, 0.41, 0.275, 0.365, 0.325, 0.39, 0.19, 0.445, 0.26, 0.21, 0.335, 0.3065326633165829]"
40,"[0.23880597014925373, 0.325, 0.28, 0.26, 0.295, 0.205, 0.21, 0.28, 0.3, 0.315, 0.38, 0.39, 0.345, 0.35, 0.315, 0.37, 0.36, 0.295, 0.315, 0.34, 0.475, 0.23, 0.3, 0.435, 0.175, 0.455, 0.3, 0.295, 0.325, 0.425, 0.38, 0.235, 0.29, 0.435, 0.425, 0.305, 0.31, 0.36, 0.41, 0.3, 0.18, 0.3, 0.335, 0.235, 0.33, 0.465, 0.27, 0.33, 0.37, 0.24623115577889448]"
41,"[0.2885572139303483, 0.335, 0.27, 0.295, 0.265, 0.36, 0.27, 0.235, 0.23, 0.255, 0.355, 0.345, 0.415, 0.3, 0.185, 0.31, 0.24, 0.315, 0.31, 0.24, 0.445, 0.255, 0.33, 0.46, 0.29, 0.445, 0.23, 0.195, 0.31, 0.445, 0.335, 0.33, 0.26, 0.42, 0.335, 0.335, 0.325, 0.4, 0.36, 0.4, 0.3, 0.38, 0.325, 0.39, 0.235, 0.455, 0.255, 0.21, 0.345, 0.3015075376884422]"
42,"[0.2835820895522388, 0.32, 0.295, 0.3, 0.305, 0.205, 0.215, 0.275, 0.31, 0.315, 0.37, 0.405, 0.35, 0.35, 0.32, 0.375, 0.375, 0.29, 0.315, 0.36, 0.47, 0.23, 0.31, 0.415, 0.18, 0.475, 0.315, 0.305, 0.325, 0.43, 0.39, 0.26, 0.29, 0.435, 0.435, 0.345, 0.31, 0.355, 0.44, 0.31, 0.19, 0.285, 0.34, 0.25, 0.325, 0.475, 0.275, 0.325, 0.38, 0.23618090452261306]"
43,"[0.2736318407960199, 0.365, 0.295, 0.29, 0.265, 0.365, 0.275, 0.24, 0.24, 0.25, 0.355, 0.345, 0.405, 0.31, 0.19, 0.32, 0.235, 0.315, 0.33, 0.24, 0.465, 0.27, 0.335, 0.46, 0.285, 0.455, 0.24, 0.235, 0.33, 0.445, 0.335, 0.325, 0.27, 0.435, 0.35, 0.37, 0.325, 0.405, 0.325, 0.405, 0.305, 0.395, 0.33, 0.4, 0.305, 0.455, 0.26, 0.215, 0.365, 0.2964824120603015]"
44,"[0.32338308457711445, 0.33, 0.29, 0.31, 0.305, 0.215, 0.22, 0.285, 0.315, 0.32, 0.36, 0.4, 0.335, 0.345, 0.33, 0.37, 0.385, 0.285, 0.33, 0.355, 0.465, 0.23, 0.325, 0.43, 0.21, 0.49, 0.33, 0.315, 0.315, 0.425, 0.4, 0.29, 0.295, 0.43, 0.43, 0.35, 0.31, 0.36, 0.45, 0.295, 0.21, 0.27, 0.345, 0.25, 0.33, 0.47, 0.31, 0.32, 0.38, 0.23618090452261306]"
45,"[0.29850746268656714, 0.355, 0.305, 0.28, 0.275, 0.3, 0.285, 0.265, 0.23, 0.26, 0.365, 0.335, 0.42, 0.31, 0.235, 0.315, 0.245, 0.325, 0.365, 0.235, 0.485, 0.275, 0.335, 0.465, 0.275, 0.455, 0.27, 0.26, 0.345, 0.45, 0.345, 0.34, 0.265, 0.44, 0.365, 0.37, 0.34, 0.42, 0.315, 0.405, 0.3, 0.375, 0.34, 0.395, 0.305, 0.45, 0.26, 0.21, 0.36, 0.3065326633165829]"
46,"[0.32338308457711445, 0.325, 0.295, 0.315, 0.3, 0.215, 0.25, 0.295, 0.35, 0.32, 0.35, 0.395, 0.325, 0.345, 0.34, 0.365, 0.41, 0.265, 0.34, 0.385, 0.465, 0.22, 0.33, 0.48, 0.24, 0.495, 0.34, 0.32, 0.315, 0.42, 0.445, 0.295, 0.295, 0.43, 0.435, 0.31, 0.325, 0.37, 0.455, 0.3, 0.225, 0.27, 0.34, 0.245, 0.335, 0.475, 0.295, 0.335, 0.365, 0.2562814070351759]"
47,"[0.29850746268656714, 0.365, 0.315, 0.29, 0.285, 0.285, 0.3, 0.275, 0.25, 0.275, 0.39, 0.34, 0.46, 0.31, 0.26, 0.315, 0.25, 0.34, 0.37, 0.255, 0.49, 0.32, 0.335, 0.475, 0.27, 0.48, 0.28, 0.285, 0.34, 0.455, 0.37, 0.335, 0.275, 0.435, 0.365, 0.37, 0.345, 0.435, 0.325, 0.43, 0.29, 0.35, 0.34, 0.39, 0.32, 0.455, 0.28, 0.215, 0.36, 0.2864321608040201]"
48,"[0.32338308457711445, 0.36, 0.29, 0.33, 0.31, 0.21, 0.28, 0.31, 0.365, 0.325, 0.34, 0.4, 0.33, 0.345, 0.355, 0.38, 0.42, 0.285, 0.33, 0.4, 0.465, 0.215, 0.3, 0.465, 0.265, 0.505, 0.345, 0.32, 0.31, 0.43, 0.47, 0.3, 0.3, 0.43, 0.435, 0.33, 0.31, 0.38, 0.46, 0.31, 0.245, 0.305, 0.345, 0.24, 0.355, 0.48, 0.26, 0.345, 0.365, 0.2613065326633166]"
49,"[0.2736318407960199, 0.375, 0.34, 0.295, 0.275, 0.29, 0.33, 0.29, 0.255, 0.29, 0.405, 0.335, 0.48, 0.295, 0.285, 0.33, 0.255, 0.365, 0.375, 0.275, 0.5, 0.33, 0.36, 0.465, 0.27, 0.485, 0.3, 0.29, 0.36, 0.45, 0.405, 0.335, 0.285, 0.44, 0.365, 0.37, 0.34, 0.43, 0.315, 0.43, 0.305, 0.35, 0.335, 0.385, 0.335, 0.44, 0.27, 0.22, 0.365, 0.2914572864321608]"
50,"[0.3482587064676617, 0.36, 0.29, 0.33, 0.33, 0.225, 0.285, 0.31, 0.365, 0.33, 0.325, 0.405, 0.35, 0.35, 0.37, 0.385, 0.42, 0.29, 0.325, 0.42, 0.465, 0.225, 0.31, 0.45, 0.3, 0.505, 0.345, 0.32, 0.3, 0.45, 0.46, 0.335, 0.305, 0.47, 0.43, 0.325, 0.32, 0.39, 0.405, 0.33, 0.26, 0.31, 0.35, 0.245, 0.35, 0.505, 0.27, 0.33, 0.355, 0.27638190954773867]"
51,"[0.263681592039801, 0.39, 0.34, 0.32, 0.26, 0.295, 0.335, 0.295, 0.26, 0.325, 0.4, 0.325, 0.505, 0.325, 0.295, 0.33, 0.25, 0.41, 0.395, 0.29, 0.485, 0.355, 0.4, 0.48, 0.275, 0.485, 0.34, 0.305, 0.39, 0.465, 0.425, 0.335, 0.29, 0.49, 0.37, 0.36, 0.345, 0.43, 0.355, 0.44, 0.31, 0.36, 0.335, 0.395, 0.34, 0.445, 0.27, 0.25, 0.37, 0.2814070351758794]"
52,"[0.35323383084577115, 0.34, 0.3, 0.32, 0.34, 0.225, 0.29, 0.31, 0.38, 0.33, 0.31, 0.41, 0.385, 0.345, 0.385, 0.385, 0.415, 0.295, 0.34, 0.43, 0.455, 0.225, 0.305, 0.435, 0.335, 0.495, 0.365, 0.32, 0.3, 0.455, 0.47, 0.36, 0.32, 0.505, 0.43, 0.355, 0.33, 0.39, 0.435, 0.335, 0.28, 0.335, 0.37, 0.265, 0.345, 0.52, 0.29, 0.345, 0.37, 0.2964824120603015]"
53,"[0.2885572139303483, 0.385, 0.36, 0.315, 0.255, 0.3, 0.35, 0.305, 0.305, 0.32, 0.395, 0.325, 0.525, 0.395, 0.28, 0.345, 0.29, 0.425, 0.42, 0.295, 0.475, 0.35, 0.395, 0.515, 0.295, 0.47, 0.345, 0.315, 0.405, 0.44, 0.445, 0.33, 0.305, 0.45, 0.4, 0.325, 0.345, 0.42, 0.375, 0.455, 0.295, 0.375, 0.33, 0.39, 0.35, 0.475, 0.3, 0.265, 0.365, 0.2964824120603015]"
54,"[0.3482587064676617, 0.355, 0.3, 0.335, 0.365, 0.265, 0.285, 0.325, 0.38, 0.34, 0.3, 0.425, 0.365, 0.345, 0.39, 0.4, 0.415, 0.3, 0.355, 0.445, 0.47, 0.24, 0.3, 0.4, 0.34, 0.48, 0.38, 0.315, 0.3, 0.455, 0.435, 0.36, 0.32, 0.535, 0.425, 0.4, 0.33, 0.395, 0.455, 0.36, 0.295, 0.35, 0.385, 0.29, 0.355, 0.495, 0.3, 0.35, 0.36, 0.3065326633165829]"
55,"[0.29850746268656714, 0.385, 0.37, 0.315, 0.26, 0.305, 0.36, 0.3, 0.325, 0.33, 0.395, 0.33, 0.51, 0.425, 0.285, 0.325, 0.305, 0.45, 0.41, 0.29, 0.485, 0.34, 0.41, 0.44, 0.315, 0.475, 0.345, 0.33, 0.415, 0.41, 0.42, 0.355, 0.315, 0.445, 0.42, 0.33, 0.365, 0.44, 0.4, 0.455, 0.29, 0.385, 0.345, 0.385, 0.355, 0.46, 0.32, 0.28, 0.35, 0.2864321608040201]"
56,"[0.3582089552238806, 0.39, 0.315, 0.34, 0.4, 0.285, 0.28, 0.35, 0.39, 0.355, 0.325, 0.435, 0.385, 0.345, 0.38, 0.41, 0.405, 0.31, 0.38, 0.445, 0.475, 0.25, 0.295, 0.37, 0.345, 0.48, 0.385, 0.31, 0.325, 0.43, 0.37, 0.34, 0.32, 0.56, 0.4, 0.395, 0.325, 0.415, 0.465, 0.365, 0.295, 0.36, 0.38, 0.325, 0.36, 0.47, 0.3, 0.37, 0.35, 0.35175879396984927]"
57,"[0.31343283582089554, 0.39, 0.395, 0.32, 0.265, 0.285, 0.365, 0.305, 0.36, 0.35, 0.395, 0.325, 0.5, 0.44, 0.28, 0.325, 0.34, 0.455, 0.395, 0.3, 0.48, 0.335, 0.395, 0.42, 0.325, 0.485, 0.34, 0.325, 0.41, 0.405, 0.415, 0.365, 0.34, 0.425, 0.445, 0.33, 0.345, 0.43, 0.405, 0.49, 0.305, 0.395, 0.34, 0.39, 0.36, 0.445, 0.33, 0.3, 0.35, 0.2914572864321608]"
58,"[0.34328358208955223, 0.42, 0.32, 0.33, 0.435, 0.325, 0.275, 0.375, 0.405, 0.36, 0.345, 0.445, 0.41, 0.35, 0.395, 0.42, 0.375, 0.33, 0.415, 0.435, 0.46, 0.25, 0.29, 0.355, 0.365, 0.48, 0.395, 0.31, 0.325, 0.43, 0.395, 0.33, 0.315, 0.5, 0.385, 0.39, 0.325, 0.43, 0.475, 0.33, 0.29, 0.375, 0.38, 0.345, 0.36, 0.455, 0.3, 0.36, 0.345, 0.37185929648241206]"
59,"[0.3333333333333333, 0.395, 0.385, 0.345, 0.275, 0.275, 0.37, 0.305, 0.375, 0.345, 0.39, 0.355, 0.505, 0.435, 0.275, 0.33, 0.35, 0.385, 0.405, 0.315, 0.49, 0.37, 0.4, 0.405, 0.345, 0.5, 0.34, 0.325, 0.415, 0.4, 0.43, 0.37, 0.34, 0.435, 0.46, 0.345, 0.365, 0.45, 0.44, 0.5, 0.33, 0.41, 0.355, 0.39, 0.35, 0.435, 0.345, 0.315, 0.355, 0.2864321608040201]"
60,"[0.31840796019900497, 0.415, 0.35, 0.295, 0.42, 0.35, 0.27, 0.38, 0.365, 0.36, 0.345, 0.455, 0.405, 0.365, 0.405, 0.405, 0.365, 0.32, 0.44, 0.435, 0.46, 0.25, 0.295, 0.375, 0.335, 0.495, 0.415, 0.325, 0.34, 0.415, 0.385, 0.32, 0.31, 0.48, 0.37, 0.4, 0.335, 0.45, 0.47, 0.335, 0.31, 0.4, 0.395, 0.37, 0.4, 0.45, 0.315, 0.355, 0.35, 0.3768844221105528]"
61,"[0.31343283582089554, 0.39, 0.37, 0.36, 0.27, 0.285, 0.365, 0.28, 0.38, 0.355, 0.4, 0.375, 0.5, 0.435, 0.285, 0.34, 0.375, 0.37, 0.4, 0.325, 0.5, 0.335, 0.4, 0.42, 0.325, 0.495, 0.36, 0.32, 0.39, 0.395, 0.44, 0.385, 0.35, 0.44, 0.475, 0.355, 0.37, 0.45, 0.455, 0.495, 0.32, 0.42, 0.375, 0.4, 0.335, 0.435, 0.38, 0.335, 0.37, 0.2864321608040201]"
62,"[0.29850746268656714, 0.425, 0.365, 0.32, 0.405, 0.36, 0.275, 0.385, 0.365, 0.36, 0.37, 0.45, 0.405, 0.365, 0.425, 0.39, 0.375, 0.33, 0.435, 0.415, 0.44, 0.245, 0.29, 0.355, 0.325, 0.5, 0.43, 0.34, 0.36, 0.43, 0.39, 0.315, 0.325, 0.455, 0.385, 0.385, 0.34, 0.44, 0.475, 0.355, 0.325, 0.41, 0.4, 0.38, 0.395, 0.44, 0.31, 0.365, 0.37, 0.3869346733668342]"
63,"[0.32338308457711445, 0.375, 0.37, 0.365, 0.275, 0.27, 0.36, 0.3, 0.365, 0.355, 0.395, 0.38, 0.495, 0.44, 0.295, 0.36, 0.4, 0.39, 0.395, 0.335, 0.495, 0.305, 0.395, 0.42, 0.335, 0.495, 0.365, 0.315, 0.385, 0.4, 0.43, 0.395, 0.37, 0.46, 0.5, 0.36, 0.36, 0.435, 0.475, 0.495, 0.325, 0.395, 0.395, 0.395, 0.335, 0.445, 0.4, 0.335, 0.375, 0.2914572864321608]"
64,"[0.29850746268656714, 0.44, 0.39, 0.33, 0.4, 0.37, 0.275, 0.425, 0.375, 0.365, 0.355, 0.445, 0.39, 0.375, 0.425, 0.4, 0.37, 0.33, 0.425, 0.37, 0.39, 0.26, 0.3, 0.39, 0.315, 0.495, 0.42, 0.355, 0.36, 0.425, 0.39, 0.3, 0.325, 0.465, 0.39, 0.4, 0.34, 0.435, 0.47, 0.36, 0.345, 0.465, 0.4, 0.38, 0.42, 0.455, 0.31, 0.355, 0.38, 0.4020100502512563]"
65,"[0.34328358208955223, 0.375, 0.37, 0.4, 0.26, 0.27, 0.37, 0.285, 0.4, 0.36, 0.38, 0.365, 0.5, 0.415, 0.295, 0.36, 0.425, 0.41, 0.395, 0.315, 0.5, 0.285, 0.395, 0.425, 0.345, 0.485, 0.375, 0.315, 0.38, 0.42, 0.445, 0.415, 0.365, 0.48, 0.525, 0.4, 0.365, 0.445, 0.48, 0.5, 0.325, 0.38, 0.415, 0.4, 0.34, 0.43, 0.405, 0.345, 0.385, 0.3015075376884422]"
66,"[0.2885572139303483, 0.45, 0.41, 0.325, 0.39, 0.375, 0.275, 0.435, 0.37, 0.36, 0.36, 0.435, 0.37, 0.38, 0.43, 0.415, 0.325, 0.335, 0.435, 0.345, 0.385, 0.265, 0.29, 0.39, 0.305, 0.5, 0.42, 0.36, 0.385, 0.41, 0.375, 0.295, 0.32, 0.44, 0.385, 0.405, 0.36, 0.44, 0.47, 0.4, 0.355, 0.475, 0.405, 0.4, 0.465, 0.445, 0.3, 0.35, 0.385, 0.4120603015075377]"
67,"[0.36318407960199006, 0.36, 0.375, 0.43, 0.26, 0.26, 0.36, 0.27, 0.395, 0.36, 0.345, 0.34, 0.5, 0.405, 0.305, 0.37, 0.435, 0.41, 0.405, 0.33, 0.5, 0.28, 0.41, 0.435, 0.355, 0.48, 0.36, 0.31, 0.38, 0.41, 0.455, 0.43, 0.38, 0.475, 0.535, 0.4, 0.36, 0.44, 0.505, 0.505, 0.34, 0.385, 0.4, 0.425, 0.36, 0.445, 0.41, 0.35, 0.39, 0.2914572864321608]"
68,"[0.2835820895522388, 0.455, 0.435, 0.315, 0.39, 0.38, 0.265, 0.45, 0.4, 0.35, 0.38, 0.405, 0.38, 0.41, 0.43, 0.405, 0.325, 0.355, 0.435, 0.34, 0.4, 0.285, 0.29, 0.39, 0.3, 0.495, 0.43, 0.365, 0.395, 0.415, 0.39, 0.3, 0.32, 0.455, 0.39, 0.405, 0.365, 0.44, 0.45, 0.4, 0.355, 0.485, 0.375, 0.385, 0.475, 0.44, 0.295, 0.35, 0.375, 0.4120603015075377]"
69,"[0.373134328358209, 0.345, 0.36, 0.425, 0.265, 0.255, 0.365, 0.27, 0.395, 0.355, 0.34, 0.365, 0.52, 0.4, 0.31, 0.37, 0.45, 0.405, 0.405, 0.33, 0.5, 0.27, 0.4, 0.43, 0.36, 0.47, 0.345, 0.32, 0.39, 0.41, 0.445, 0.44, 0.39, 0.51, 0.53, 0.39, 0.34, 0.45, 0.51, 0.515, 0.355, 0.365, 0.425, 0.445, 0.35, 0.455, 0.425, 0.355, 0.39, 0.2864321608040201]"
70,"[0.2835820895522388, 0.47, 0.45, 0.325, 0.395, 0.38, 0.26, 0.455, 0.4, 0.34, 0.375, 0.365, 0.385, 0.44, 0.435, 0.375, 0.33, 0.36, 0.435, 0.335, 0.38, 0.28, 0.29, 0.385, 0.29, 0.515, 0.45, 0.365, 0.39, 0.415, 0.385, 0.3, 0.31, 0.475, 0.375, 0.4, 0.35, 0.405, 0.425, 0.41, 0.345, 0.485, 0.38, 0.39, 0.495, 0.435, 0.29, 0.34, 0.375, 0.4120603015075377]"
71,"[0.3880597014925373, 0.35, 0.375, 0.42, 0.265, 0.25, 0.36, 0.26, 0.37, 0.365, 0.335, 0.355, 0.515, 0.42, 0.295, 0.38, 0.445, 0.405, 0.405, 0.33, 0.51, 0.25, 0.405, 0.43, 0.375, 0.48, 0.34, 0.315, 0.39, 0.42, 0.43, 0.425, 0.38, 0.53, 0.525, 0.38, 0.35, 0.43, 0.51, 0.51, 0.355, 0.365, 0.455, 0.44, 0.35, 0.46, 0.425, 0.37, 0.39, 0.2914572864321608]"
72,"[0.2736318407960199, 0.475, 0.44, 0.325, 0.4, 0.37, 0.25, 0.455, 0.405, 0.335, 0.355, 0.36, 0.39, 0.445, 0.43, 0.37, 0.33, 0.385, 0.44, 0.33, 0.365, 0.29, 0.28, 0.385, 0.285, 0.51, 0.455, 0.37, 0.395, 0.41, 0.395, 0.32, 0.315, 0.48, 0.37, 0.42, 0.355, 0.405, 0.41, 0.41, 0.335, 0.505, 0.375, 0.4, 0.515, 0.435, 0.28, 0.33, 0.375, 0.41708542713567837]"
73,"[0.3880597014925373, 0.345, 0.365, 0.415, 0.25, 0.25, 0.365, 0.27, 0.36, 0.385, 0.335, 0.35, 0.515, 0.415, 0.275, 0.375, 0.45, 0.405, 0.4, 0.345, 0.505, 0.26, 0.41, 0.43, 0.375, 0.475, 0.335, 0.32, 0.405, 0.42, 0.425, 0.43, 0.385, 0.535, 0.53, 0.355, 0.35, 0.435, 0.5, 0.5, 0.365, 0.38, 0.475, 0.45, 0.345, 0.465, 0.43, 0.37, 0.405, 0.2914572864321608]"
74,"[0.26865671641791045, 0.5, 0.45, 0.345, 0.4, 0.38, 0.245, 0.46, 0.405, 0.345, 0.355, 0.36, 0.4, 0.44, 0.42, 0.39, 0.34, 0.375, 0.445, 0.33, 0.37, 0.295, 0.28, 0.365, 0.28, 0.5, 0.46, 0.365, 0.41, 0.415, 0.42, 0.32, 0.31, 0.48, 0.37, 0.425, 0.375, 0.375, 0.405, 0.445, 0.33, 0.515, 0.375, 0.415, 0.505, 0.44, 0.285, 0.34, 0.37, 0.4271356783919598]"
75,"[0.38308457711442784, 0.335, 0.365, 0.415, 0.255, 0.245, 0.365, 0.27, 0.35, 0.385, 0.33, 0.33, 0.505, 0.405, 0.275, 0.395, 0.445, 0.415, 0.4, 0.345, 0.485, 0.26, 0.415, 0.44, 0.38, 0.485, 0.34, 0.34, 0.405, 0.425, 0.43, 0.42, 0.38, 0.535, 0.525, 0.365, 0.35, 0.435, 0.49, 0.51, 0.365, 0.38, 0.49, 0.45, 0.355, 0.47, 0.45, 0.36, 0.43, 0.2914572864321608]"
76,"[0.27860696517412936, 0.5, 0.45, 0.36, 0.395, 0.385, 0.24, 0.44, 0.405, 0.355, 0.365, 0.375, 0.41, 0.44, 0.43, 0.405, 0.33, 0.375, 0.455, 0.32, 0.37, 0.295, 0.28, 0.38, 0.275, 0.49, 0.46, 0.385, 0.42, 0.415, 0.455, 0.35, 0.32, 0.48, 0.37, 0.43, 0.36, 0.355, 0.385, 0.465, 0.325, 0.5, 0.38, 0.42, 0.5, 0.455, 0.29, 0.365, 0.38, 0.4221105527638191]"
77,"[0.3880597014925373, 0.355, 0.365, 0.4, 0.255, 0.255, 0.365, 0.285, 0.365, 0.4, 0.345, 0.325, 0.515, 0.4, 0.275, 0.395, 0.435, 0.41, 0.42, 0.36, 0.475, 0.265, 0.42, 0.45, 0.38, 0.49, 0.34, 0.34, 0.385, 0.42, 0.43, 0.44, 0.375, 0.535, 0.52, 0.365, 0.35, 0.435, 0.485, 0.515, 0.355, 0.385, 0.495, 0.45, 0.35, 0.45, 0.445, 0.37, 0.42, 0.3015075376884422]"
78,"[0.2835820895522388, 0.5, 0.445, 0.37, 0.385, 0.385, 0.24, 0.425, 0.405, 0.36, 0.365, 0.38, 0.415, 0.45, 0.42, 0.44, 0.345, 0.39, 0.47, 0.315, 0.365, 0.295, 0.28, 0.37, 0.265, 0.48, 0.425, 0.385, 0.415, 0.425, 0.455, 0.36, 0.31, 0.49, 0.365, 0.435, 0.355, 0.36, 0.395, 0.45, 0.34, 0.505, 0.395, 0.425, 0.5, 0.48, 0.295, 0.36, 0.375, 0.4120603015075377]"
79,"[0.39800995024875624, 0.37, 0.365, 0.415, 0.255, 0.25, 0.365, 0.28, 0.37, 0.395, 0.345, 0.34, 0.505, 0.42, 0.27, 0.4, 0.425, 0.415, 0.43, 0.38, 0.485, 0.275, 0.425, 0.45, 0.38, 0.51, 0.355, 0.33, 0.37, 0.405, 0.44, 0.44, 0.375, 0.51, 0.52, 0.375, 0.35, 0.43, 0.48, 0.53, 0.355, 0.385, 0.505, 0.46, 0.35, 0.44, 0.43, 0.37, 0.435, 0.3065326633165829]"
80,"[0.2935323383084577, 0.505, 0.46, 0.38, 0.385, 0.375, 0.24, 0.415, 0.425, 0.39, 0.375, 0.395, 0.42, 0.455, 0.415, 0.44, 0.33, 0.385, 0.47, 0.33, 0.36, 0.305, 0.285, 0.36, 0.265, 0.475, 0.42, 0.385, 0.42, 0.44, 0.465, 0.34, 0.32, 0.505, 0.355, 0.43, 0.35, 0.365, 0.405, 0.485, 0.35, 0.49, 0.415, 0.435, 0.49, 0.49, 0.29, 0.355, 0.37, 0.3969849246231156]"
81,"[0.417910447761194, 0.37, 0.385, 0.425, 0.26, 0.26, 0.36, 0.285, 0.375, 0.385, 0.355, 0.345, 0.53, 0.425, 0.28, 0.415, 0.415, 0.43, 0.425, 0.38, 0.5, 0.27, 0.435, 0.47, 0.38, 0.52, 0.365, 0.33, 0.385, 0.415, 0.43, 0.445, 0.39, 0.49, 0.505, 0.39, 0.355, 0.43, 0.485, 0.55, 0.345, 0.395, 0.51, 0.485, 0.37, 0.43, 0.415, 0.365, 0.425, 0.3065326633165829]"
82,"[0.2835820895522388, 0.51, 0.45, 0.365, 0.375, 0.37, 0.24, 0.41, 0.435, 0.4, 0.385, 0.405, 0.42, 0.47, 0.415, 0.44, 0.335, 0.38, 0.46, 0.33, 0.37, 0.31, 0.29, 0.37, 0.27, 0.495, 0.405, 0.385, 0.43, 0.45, 0.465, 0.355, 0.325, 0.47, 0.37, 0.415, 0.355, 0.375, 0.4, 0.48, 0.35, 0.495, 0.41, 0.44, 0.495, 0.5, 0.305, 0.365, 0.375, 0.3969849246231156]"
83,"[0.417910447761194, 0.38, 0.385, 0.44, 0.26, 0.275, 0.365, 0.305, 0.4, 0.38, 0.355, 0.36, 0.475, 0.455, 0.295, 0.42, 0.41, 0.42, 0.425, 0.385, 0.505, 0.265, 0.425, 0.46, 0.395, 0.52, 0.38, 0.305, 0.385, 0.415, 0.43, 0.455, 0.39, 0.5, 0.51, 0.385, 0.36, 0.435, 0.49, 0.55, 0.34, 0.4, 0.51, 0.46, 0.37, 0.425, 0.42, 0.38, 0.42, 0.3015075376884422]"
84,"[0.2935323383084577, 0.515, 0.46, 0.365, 0.375, 0.37, 0.25, 0.405, 0.445, 0.405, 0.39, 0.405, 0.42, 0.505, 0.41, 0.45, 0.35, 0.38, 0.455, 0.335, 0.35, 0.33, 0.3, 0.375, 0.265, 0.49, 0.405, 0.375, 0.425, 0.455, 0.475, 0.35, 0.325, 0.475, 0.385, 0.43, 0.35, 0.375, 0.385, 0.48, 0.37, 0.465, 0.42, 0.435, 0.49, 0.505, 0.31, 0.365, 0.38, 0.3969849246231156]"
85,"[0.4079601990049751, 0.395, 0.38, 0.44, 0.27, 0.285, 0.365, 0.305, 0.4, 0.395, 0.36, 0.37, 0.455, 0.475, 0.3, 0.42, 0.405, 0.435, 0.42, 0.385, 0.525, 0.265, 0.415, 0.465, 0.395, 0.52, 0.38, 0.305, 0.395, 0.42, 0.425, 0.46, 0.395, 0.495, 0.5, 0.395, 0.36, 0.435, 0.49, 0.575, 0.335, 0.395, 0.505, 0.46, 0.38, 0.41, 0.435, 0.375, 0.42, 0.2964824120603015]"
86,"[0.2935323383084577, 0.52, 0.45, 0.36, 0.38, 0.38, 0.26, 0.42, 0.455, 0.405, 0.39, 0.405, 0.425, 0.49, 0.41, 0.46, 0.355, 0.38, 0.45, 0.335, 0.35, 0.335, 0.305, 0.405, 0.275, 0.475, 0.415, 0.39, 0.42, 0.47, 0.445, 0.35, 0.325, 0.49, 0.39, 0.43, 0.35, 0.375, 0.4, 0.475, 0.385, 0.475, 0.4, 0.435, 0.465, 0.505, 0.32, 0.355, 0.385, 0.4120603015075377]"
87,"[0.40298507462686567, 0.4, 0.4, 0.45, 0.275, 0.295, 0.36, 0.315, 0.4, 0.375, 0.37, 0.37, 0.46, 0.47, 0.315, 0.43, 0.41, 0.435, 0.415, 0.385, 0.505, 0.265, 0.405, 0.48, 0.405, 0.51, 0.39, 0.29, 0.395, 0.445, 0.415, 0.45, 0.4, 0.5, 0.49, 0.4, 0.37, 0.435, 0.48, 0.57, 0.345, 0.4, 0.505, 0.46, 0.385, 0.435, 0.445, 0.37, 0.44, 0.3065326633165829]"
88,"[0.30845771144278605, 0.525, 0.46, 0.355, 0.385, 0.39, 0.265, 0.425, 0.45, 0.41, 0.39, 0.41, 0.42, 0.495, 0.415, 0.455, 0.365, 0.39, 0.445, 0.34, 0.365, 0.355, 0.31, 0.42, 0.285, 0.455, 0.425, 0.395, 0.415, 0.475, 0.445, 0.35, 0.325, 0.465, 0.39, 0.44, 0.355, 0.395, 0.4, 0.46, 0.415, 0.485, 0.41, 0.445, 0.475, 0.515, 0.315, 0.36, 0.385, 0.4020100502512563]"
89,"[0.40298507462686567, 0.395, 0.4, 0.435, 0.295, 0.31, 0.355, 0.31, 0.425, 0.345, 0.385, 0.37, 0.445, 0.455, 0.34, 0.435, 0.41, 0.43, 0.4, 0.395, 0.505, 0.27, 0.4, 0.485, 0.43, 0.51, 0.415, 0.285, 0.395, 0.465, 0.415, 0.465, 0.385, 0.505, 0.49, 0.41, 0.37, 0.43, 0.475, 0.58, 0.345, 0.405, 0.495, 0.455, 0.385, 0.44, 0.425, 0.36, 0.43, 0.3165829145728643]"
90,"[0.32338308457711445, 0.525, 0.455, 0.36, 0.385, 0.37, 0.265, 0.445, 0.45, 0.41, 0.375, 0.405, 0.42, 0.495, 0.415, 0.465, 0.365, 0.39, 0.445, 0.345, 0.375, 0.365, 0.325, 0.435, 0.295, 0.455, 0.43, 0.415, 0.41, 0.48, 0.45, 0.34, 0.335, 0.47, 0.38, 0.44, 0.355, 0.41, 0.405, 0.455, 0.415, 0.485, 0.41, 0.455, 0.465, 0.53, 0.315, 0.37, 0.4, 0.3969849246231156]"
91,"[0.3880597014925373, 0.41, 0.405, 0.435, 0.3, 0.31, 0.355, 0.31, 0.43, 0.34, 0.395, 0.365, 0.44, 0.465, 0.355, 0.445, 0.415, 0.435, 0.4, 0.37, 0.48, 0.26, 0.395, 0.505, 0.44, 0.515, 0.445, 0.295, 0.385, 0.47, 0.42, 0.48, 0.385, 0.515, 0.485, 0.43, 0.37, 0.445, 0.475, 0.545, 0.35, 0.405, 0.51, 0.45, 0.4, 0.45, 0.415, 0.365, 0.43, 0.32663316582914576]"
92,"[0.3283582089552239, 0.52, 0.435, 0.365, 0.38, 0.36, 0.27, 0.445, 0.445, 0.415, 0.385, 0.395, 0.415, 0.49, 0.415, 0.465, 0.375, 0.39, 0.44, 0.35, 0.375, 0.355, 0.33, 0.455, 0.32, 0.455, 0.435, 0.42, 0.405, 0.49, 0.435, 0.33, 0.33, 0.505, 0.41, 0.45, 0.37, 0.445, 0.425, 0.455, 0.455, 0.47, 0.42, 0.43, 0.455, 0.53, 0.315, 0.355, 0.4, 0.40703517587939697]"
93,"[0.373134328358209, 0.425, 0.42, 0.45, 0.315, 0.31, 0.35, 0.31, 0.435, 0.34, 0.4, 0.375, 0.445, 0.46, 0.355, 0.44, 0.425, 0.44, 0.425, 0.37, 0.47, 0.265, 0.395, 0.525, 0.44, 0.51, 0.425, 0.31, 0.39, 0.48, 0.45, 0.48, 0.39, 0.52, 0.49, 0.425, 0.365, 0.475, 0.48, 0.555, 0.355, 0.405, 0.515, 0.44, 0.4, 0.5, 0.41, 0.375, 0.41, 0.32663316582914576]"
94,"[0.3333333333333333, 0.53, 0.435, 0.365, 0.375, 0.365, 0.28, 0.435, 0.45, 0.405, 0.39, 0.4, 0.4, 0.475, 0.42, 0.445, 0.375, 0.405, 0.445, 0.36, 0.36, 0.35, 0.34, 0.48, 0.325, 0.465, 0.44, 0.425, 0.415, 0.485, 0.435, 0.32, 0.325, 0.5, 0.425, 0.45, 0.385, 0.475, 0.43, 0.455, 0.43, 0.47, 0.415, 0.445, 0.445, 0.53, 0.32, 0.355, 0.425, 0.39195979899497485]"
95,"[0.38308457711442784, 0.425, 0.43, 0.445, 0.305, 0.315, 0.35, 0.315, 0.44, 0.345, 0.405, 0.375, 0.445, 0.455, 0.37, 0.435, 0.405, 0.445, 0.415, 0.36, 0.475, 0.265, 0.4, 0.545, 0.44, 0.51, 0.435, 0.3, 0.395, 0.48, 0.48, 0.47, 0.395, 0.53, 0.485, 0.435, 0.365, 0.485, 0.475, 0.56, 0.37, 0.41, 0.525, 0.445, 0.405, 0.52, 0.405, 0.35, 0.405, 0.33668341708542715]"
96,"[0.3333333333333333, 0.525, 0.425, 0.365, 0.375, 0.36, 0.28, 0.425, 0.44, 0.4, 0.395, 0.435, 0.39, 0.49, 0.43, 0.425, 0.395, 0.405, 0.42, 0.365, 0.36, 0.355, 0.345, 0.48, 0.335, 0.47, 0.45, 0.435, 0.4, 0.485, 0.44, 0.335, 0.335, 0.49, 0.435, 0.465, 0.38, 0.465, 0.435, 0.47, 0.44, 0.455, 0.41, 0.445, 0.44, 0.525, 0.32, 0.365, 0.43, 0.3768844221105528]"
97,"[0.3781094527363184, 0.43, 0.43, 0.45, 0.295, 0.31, 0.35, 0.32, 0.43, 0.35, 0.41, 0.395, 0.435, 0.44, 0.395, 0.45, 0.405, 0.465, 0.42, 0.37, 0.455, 0.28, 0.4, 0.545, 0.46, 0.505, 0.43, 0.295, 0.405, 0.47, 0.48, 0.445, 0.39, 0.54, 0.49, 0.445, 0.365, 0.49, 0.475, 0.585, 0.35, 0.415, 0.525, 0.43, 0.395, 0.52, 0.405, 0.33, 0.4, 0.35175879396984927]"
98,"[0.3482587064676617, 0.52, 0.425, 0.37, 0.375, 0.36, 0.285, 0.43, 0.445, 0.4, 0.385, 0.44, 0.38, 0.495, 0.435, 0.405, 0.4, 0.405, 0.405, 0.375, 0.38, 0.345, 0.35, 0.475, 0.345, 0.49, 0.44, 0.44, 0.4, 0.49, 0.44, 0.355, 0.35, 0.485, 0.445, 0.42, 0.385, 0.47, 0.435, 0.48, 0.43, 0.45, 0.395, 0.455, 0.44, 0.535, 0.325, 0.38, 0.46, 0.37185929648241206]"
99,"[0.36318407960199006, 0.435, 0.435, 0.445, 0.29, 0.31, 0.355, 0.335, 0.45, 0.365, 0.41, 0.4, 0.44, 0.44, 0.39, 0.445, 0.38, 0.465, 0.415, 0.385, 0.46, 0.275, 0.41, 0.545, 0.47, 0.51, 0.42, 0.3, 0.425, 0.475, 0.475, 0.45, 0.395, 0.535, 0.485, 0.44, 0.365, 0.5, 0.485, 0.59, 0.37, 0.425, 0.525, 0.43, 0.4, 0.52, 0.4, 0.325, 0.405, 0.36683417085427134]"
