none,[]
0,"[0.09950248756218906, 0.105, 0.125, 0.085, 0.07, 0.135, 0.1, 0.09, 0.085, 0.14, 0.08, 0.065, 0.055, 0.11, 0.135, 0.07, 0.09, 0.055, 0.09, 0.08, 0.065, 0.09, 0.105, 0.1, 0.1, 0.155, 0.095, 0.11, 0.09, 0.135, 0.175, 0.23, 0.095, 0.1, 0.12, 0.095, 0.075, 0.115, 0.065, 0.115, 0.125, 0.115, 0.09, 0.175, 0.125, 0.11, 0.1, 0.085, 0.095, 0.10552763819095477]"
1,"[0.13432835820895522, 0.105, 0.115, 0.145, 0.07, 0.095, 0.11, 0.09, 0.135, 0.14, 0.095, 0.11, 0.115, 0.095, 0.105, 0.085, 0.1, 0.15, 0.09, 0.08, 0.065, 0.11, 0.1, 0.115, 0.125, 0.09, 0.115, 0.11, 0.1, 0.15, 0.12, 0.13, 0.095, 0.11, 0.105, 0.095, 0.08, 0.105, 0.08, 0.12, 0.1, 0.115, 0.095, 0.125, 0.12, 0.11, 0.085, 0.085, 0.095, 0.10050251256281408]"
2,"[0.06965174129353234, 0.105, 0.115, 0.145, 0.07, 0.095, 0.11, 0.09, 0.075, 0.14, 0.08, 0.11, 0.055, 0.095, 0.105, 0.085, 0.1, 0.055, 0.09, 0.08, 0.145, 0.11, 0.1, 0.1, 0.125, 0.09, 0.115, 0.12, 0.09, 0.085, 0.12, 0.1, 0.095, 0.105, 0.12, 0.1, 0.075, 0.105, 0.08, 0.12, 0.1, 0.115, 0.09, 0.09, 0.12, 0.11, 0.1, 0.085, 0.095, 0.10050251256281408]"
3,"[0.06965174129353234, 0.105, 0.115, 0.145, 0.07, 0.095, 0.11, 0.09, 0.135, 0.14, 0.095, 0.11, 0.115, 0.095, 0.105, 0.085, 0.1, 0.15, 0.09, 0.08, 0.065, 0.11, 0.1, 0.1, 0.125, 0.09, 0.115, 0.12, 0.1, 0.15, 0.12, 0.11, 0.095, 0.105, 0.12, 0.095, 0.075, 0.105, 0.08, 0.075, 0.115, 0.115, 0.095, 0.125, 0.12, 0.11, 0.1, 0.09, 0.095, 0.09547738693467336]"
4,"[0.06965174129353234, 0.08, 0.115, 0.145, 0.105, 0.095, 0.11, 0.09, 0.075, 0.14, 0.08, 0.095, 0.115, 0.095, 0.105, 0.085, 0.1, 0.055, 0.135, 0.08, 0.145, 0.11, 0.085, 0.1, 0.125, 0.09, 0.115, 0.12, 0.09, 0.15, 0.12, 0.11, 0.095, 0.105, 0.12, 0.1, 0.075, 0.105, 0.08, 0.075, 0.125, 0.115, 0.09, 0.1, 0.12, 0.11, 0.1, 0.085, 0.095, 0.09547738693467336]"
5,"[0.06965174129353234, 0.08, 0.13, 0.145, 0.105, 0.095, 0.11, 0.09, 0.135, 0.14, 0.095, 0.095, 0.115, 0.095, 0.105, 0.085, 0.1, 0.15, 0.135, 0.08, 0.065, 0.11, 0.1, 0.095, 0.125, 0.09, 0.115, 0.12, 0.1, 0.15, 0.12, 0.11, 0.095, 0.105, 0.12, 0.115, 0.075, 0.105, 0.08, 0.075, 0.115, 0.115, 0.095, 0.125, 0.12, 0.11, 0.1, 0.085, 0.095, 0.09547738693467336]"
6,"[0.06965174129353234, 0.08, 0.115, 0.145, 0.105, 0.095, 0.11, 0.09, 0.075, 0.14, 0.08, 0.095, 0.115, 0.095, 0.105, 0.085, 0.1, 0.055, 0.135, 0.125, 0.11, 0.11, 0.1, 0.1, 0.125, 0.09, 0.115, 0.12, 0.1, 0.15, 0.12, 0.1, 0.13, 0.105, 0.12, 0.1, 0.075, 0.105, 0.08, 0.075, 0.125, 0.115, 0.095, 0.125, 0.12, 0.11, 0.1, 0.085, 0.095, 0.09547738693467336]"
7,"[0.06965174129353234, 0.08, 0.125, 0.145, 0.105, 0.095, 0.11, 0.09, 0.075, 0.19, 0.095, 0.095, 0.055, 0.095, 0.105, 0.085, 0.1, 0.15, 0.09, 0.08, 0.065, 0.09, 0.1, 0.095, 0.125, 0.09, 0.115, 0.12, 0.1, 0.15, 0.12, 0.1, 0.13, 0.105, 0.12, 0.1, 0.08, 0.105, 0.08, 0.07, 0.115, 0.115, 0.095, 0.125, 0.12, 0.11, 0.1, 0.085, 0.09, 0.10050251256281408]"
8,"[0.06965174129353234, 0.08, 0.115, 0.145, 0.105, 0.095, 0.11, 0.09, 0.075, 0.14, 0.08, 0.095, 0.115, 0.095, 0.1, 0.08, 0.1, 0.055, 0.09, 0.125, 0.065, 0.15, 0.1, 0.1, 0.125, 0.09, 0.115, 0.105, 0.1, 0.085, 0.12, 0.1, 0.13, 0.105, 0.12, 0.1, 0.075, 0.095, 0.08, 0.07, 0.125, 0.115, 0.095, 0.125, 0.12, 0.11, 0.1, 0.085, 0.095, 0.10050251256281408]"
9,"[0.06965174129353234, 0.08, 0.125, 0.145, 0.105, 0.095, 0.105, 0.09, 0.075, 0.12, 0.09, 0.095, 0.055, 0.095, 0.105, 0.08, 0.1, 0.15, 0.09, 0.08, 0.065, 0.09, 0.1, 0.095, 0.125, 0.155, 0.115, 0.1, 0.1, 0.085, 0.15, 0.1, 0.13, 0.105, 0.12, 0.1, 0.08, 0.11, 0.08, 0.07, 0.115, 0.115, 0.095, 0.125, 0.12, 0.11, 0.1, 0.085, 0.09, 0.10050251256281408]"
10,"[0.06965174129353234, 0.08, 0.115, 0.145, 0.105, 0.095, 0.105, 0.125, 0.075, 0.12, 0.08, 0.095, 0.12, 0.08, 0.105, 0.08, 0.1, 0.055, 0.09, 0.125, 0.065, 0.09, 0.1, 0.095, 0.125, 0.155, 0.115, 0.105, 0.1, 0.085, 0.115, 0.1, 0.13, 0.105, 0.12, 0.1, 0.075, 0.105, 0.08, 0.07, 0.125, 0.115, 0.095, 0.125, 0.07, 0.14, 0.1, 0.085, 0.09, 0.10050251256281408]"
11,"[0.06965174129353234, 0.08, 0.125, 0.145, 0.105, 0.095, 0.105, 0.125, 0.075, 0.12, 0.08, 0.095, 0.055, 0.095, 0.105, 0.08, 0.1, 0.15, 0.09, 0.125, 0.065, 0.09, 0.1, 0.1, 0.125, 0.155, 0.115, 0.105, 0.1, 0.085, 0.115, 0.1, 0.13, 0.105, 0.12, 0.1, 0.08, 0.105, 0.105, 0.07, 0.16, 0.115, 0.095, 0.125, 0.07, 0.14, 0.1, 0.085, 0.09, 0.10050251256281408]"
12,"[0.06965174129353234, 0.08, 0.15, 0.145, 0.105, 0.095, 0.105, 0.125, 0.075, 0.12, 0.08, 0.095, 0.055, 0.08, 0.105, 0.08, 0.1, 0.055, 0.09, 0.125, 0.065, 0.09, 0.1, 0.095, 0.1, 0.155, 0.115, 0.105, 0.1, 0.085, 0.115, 0.1, 0.13, 0.105, 0.12, 0.1, 0.08, 0.105, 0.105, 0.07, 0.125, 0.115, 0.095, 0.125, 0.07, 0.14, 0.1, 0.085, 0.09, 0.10050251256281408]"
13,"[0.06965174129353234, 0.08, 0.125, 0.145, 0.105, 0.095, 0.105, 0.125, 0.075, 0.12, 0.08, 0.095, 0.055, 0.08, 0.105, 0.08, 0.1, 0.125, 0.09, 0.125, 0.065, 0.09, 0.1, 0.1, 0.1, 0.155, 0.115, 0.105, 0.1, 0.085, 0.115, 0.1, 0.13, 0.105, 0.12, 0.1, 0.08, 0.105, 0.105, 0.07, 0.125, 0.115, 0.095, 0.125, 0.07, 0.14, 0.1, 0.085, 0.09, 0.10050251256281408]"
14,"[0.06965174129353234, 0.08, 0.125, 0.145, 0.105, 0.095, 0.105, 0.125, 0.075, 0.12, 0.08, 0.095, 0.055, 0.08, 0.105, 0.08, 0.1, 0.055, 0.09, 0.125, 0.065, 0.09, 0.1, 0.1, 0.1, 0.155, 0.115, 0.105, 0.1, 0.085, 0.115, 0.1, 0.13, 0.105, 0.12, 0.1, 0.08, 0.105, 0.105, 0.07, 0.125, 0.115, 0.095, 0.125, 0.07, 0.14, 0.1, 0.085, 0.09, 0.10050251256281408]"
15,"[0.06965174129353234, 0.08, 0.125, 0.145, 0.105, 0.095, 0.105, 0.125, 0.075, 0.12, 0.08, 0.095, 0.055, 0.08, 0.105, 0.08, 0.1, 0.055, 0.09, 0.125, 0.065, 0.09, 0.1, 0.1, 0.1, 0.155, 0.115, 0.105, 0.1, 0.085, 0.115, 0.1, 0.13, 0.105, 0.12, 0.1, 0.08, 0.105, 0.105, 0.07, 0.125, 0.115, 0.095, 0.125, 0.07, 0.14, 0.1, 0.085, 0.09, 0.10050251256281408]"
16,"[0.06965174129353234, 0.08, 0.125, 0.145, 0.105, 0.095, 0.105, 0.125, 0.075, 0.12, 0.08, 0.095, 0.055, 0.08, 0.105, 0.08, 0.1, 0.055, 0.09, 0.125, 0.065, 0.09, 0.1, 0.1, 0.1, 0.155, 0.115, 0.105, 0.1, 0.085, 0.115, 0.1, 0.13, 0.105, 0.12, 0.1, 0.08, 0.105, 0.105, 0.07, 0.125, 0.115, 0.095, 0.125, 0.07, 0.14, 0.1, 0.085, 0.09, 0.10050251256281408]"
17,"[0.06965174129353234, 0.08, 0.125, 0.145, 0.105, 0.095, 0.105, 0.125, 0.075, 0.12, 0.08, 0.095, 0.055, 0.08, 0.105, 0.08, 0.1, 0.055, 0.09, 0.125, 0.065, 0.09, 0.1, 0.1, 0.1, 0.155, 0.115, 0.105, 0.1, 0.085, 0.115, 0.1, 0.13, 0.105, 0.12, 0.1, 0.08, 0.105, 0.105, 0.07, 0.125, 0.115, 0.095, 0.125, 0.07, 0.14, 0.1, 0.085, 0.09, 0.10050251256281408]"
18,"[0.06965174129353234, 0.08, 0.125, 0.145, 0.105, 0.095, 0.105, 0.125, 0.075, 0.12, 0.08, 0.095, 0.055, 0.08, 0.105, 0.08, 0.1, 0.055, 0.09, 0.125, 0.065, 0.09, 0.1, 0.1, 0.1, 0.155, 0.115, 0.105, 0.1, 0.085, 0.115, 0.1, 0.13, 0.105, 0.12, 0.1, 0.08, 0.105, 0.105, 0.07, 0.125, 0.115, 0.095, 0.125, 0.07, 0.14, 0.1, 0.085, 0.09, 0.10050251256281408]"
19,"[0.06965174129353234, 0.08, 0.125, 0.145, 0.105, 0.095, 0.105, 0.125, 0.075, 0.12, 0.08, 0.095, 0.055, 0.08, 0.105, 0.08, 0.1, 0.055, 0.09, 0.125, 0.065, 0.09, 0.1, 0.1, 0.1, 0.155, 0.115, 0.105, 0.1, 0.085, 0.115, 0.1, 0.13, 0.105, 0.12, 0.1, 0.08, 0.105, 0.105, 0.07, 0.125, 0.115, 0.095, 0.125, 0.07, 0.14, 0.1, 0.085, 0.09, 0.10050251256281408]"
20,"[0.06965174129353234, 0.08, 0.125, 0.145, 0.105, 0.095, 0.105, 0.125, 0.075, 0.12, 0.08, 0.095, 0.055, 0.08, 0.105, 0.08, 0.1, 0.055, 0.09, 0.125, 0.065, 0.09, 0.1, 0.1, 0.1, 0.155, 0.115, 0.105, 0.1, 0.085, 0.115, 0.1, 0.13, 0.105, 0.12, 0.1, 0.08, 0.105, 0.105, 0.07, 0.125, 0.115, 0.095, 0.125, 0.07, 0.14, 0.1, 0.085, 0.09, 0.10050251256281408]"
21,"[0.06965174129353234, 0.08, 0.125, 0.145, 0.105, 0.095, 0.105, 0.125, 0.075, 0.12, 0.08, 0.095, 0.055, 0.08, 0.105, 0.08, 0.1, 0.055, 0.09, 0.125, 0.065, 0.09, 0.1, 0.1, 0.1, 0.155, 0.115, 0.105, 0.1, 0.085, 0.115, 0.1, 0.13, 0.105, 0.12, 0.1, 0.08, 0.105, 0.105, 0.07, 0.125, 0.115, 0.095, 0.125, 0.07, 0.14, 0.1, 0.085, 0.09, 0.10050251256281408]"
22,"[0.06965174129353234, 0.08, 0.125, 0.145, 0.105, 0.095, 0.105, 0.125, 0.075, 0.12, 0.08, 0.095, 0.055, 0.08, 0.105, 0.08, 0.1, 0.055, 0.09, 0.125, 0.065, 0.09, 0.1, 0.1, 0.1, 0.155, 0.115, 0.105, 0.1, 0.085, 0.115, 0.1, 0.13, 0.105, 0.12, 0.1, 0.08, 0.105, 0.105, 0.07, 0.125, 0.115, 0.095, 0.125, 0.07, 0.14, 0.1, 0.085, 0.09, 0.10050251256281408]"
23,"[0.06965174129353234, 0.08, 0.125, 0.145, 0.105, 0.095, 0.105, 0.125, 0.075, 0.12, 0.08, 0.095, 0.055, 0.08, 0.105, 0.08, 0.1, 0.055, 0.09, 0.125, 0.065, 0.09, 0.1, 0.1, 0.1, 0.155, 0.115, 0.105, 0.1, 0.085, 0.115, 0.1, 0.13, 0.105, 0.12, 0.1, 0.08, 0.105, 0.105, 0.07, 0.125, 0.115, 0.095, 0.125, 0.07, 0.14, 0.1, 0.085, 0.09, 0.10050251256281408]"
24,"[0.06965174129353234, 0.08, 0.125, 0.145, 0.105, 0.095, 0.105, 0.125, 0.075, 0.12, 0.08, 0.095, 0.055, 0.08, 0.105, 0.08, 0.1, 0.055, 0.09, 0.125, 0.065, 0.09, 0.1, 0.1, 0.1, 0.155, 0.115, 0.105, 0.1, 0.085, 0.115, 0.1, 0.13, 0.105, 0.12, 0.1, 0.08, 0.105, 0.105, 0.07, 0.125, 0.115, 0.095, 0.125, 0.07, 0.14, 0.1, 0.085, 0.09, 0.10050251256281408]"
25,"[0.06965174129353234, 0.08, 0.125, 0.145, 0.105, 0.095, 0.105, 0.125, 0.075, 0.12, 0.08, 0.095, 0.055, 0.08, 0.105, 0.08, 0.1, 0.055, 0.09, 0.125, 0.065, 0.09, 0.1, 0.1, 0.1, 0.155, 0.115, 0.105, 0.1, 0.085, 0.115, 0.1, 0.13, 0.105, 0.12, 0.1, 0.08, 0.105, 0.105, 0.07, 0.125, 0.115, 0.095, 0.125, 0.07, 0.14, 0.1, 0.085, 0.09, 0.10050251256281408]"
26,"[0.06965174129353234, 0.08, 0.125, 0.145, 0.105, 0.095, 0.105, 0.125, 0.075, 0.12, 0.08, 0.095, 0.055, 0.08, 0.105, 0.08, 0.1, 0.055, 0.09, 0.125, 0.065, 0.09, 0.1, 0.1, 0.1, 0.155, 0.115, 0.105, 0.1, 0.085, 0.115, 0.1, 0.13, 0.105, 0.12, 0.1, 0.08, 0.105, 0.105, 0.07, 0.125, 0.115, 0.095, 0.125, 0.07, 0.14, 0.1, 0.085, 0.09, 0.10050251256281408]"
27,"[0.06965174129353234, 0.08, 0.125, 0.145, 0.105, 0.095, 0.105, 0.125, 0.075, 0.12, 0.08, 0.095, 0.055, 0.08, 0.105, 0.08, 0.1, 0.055, 0.09, 0.125, 0.065, 0.09, 0.1, 0.1, 0.1, 0.155, 0.115, 0.105, 0.1, 0.085, 0.115, 0.1, 0.13, 0.105, 0.12, 0.1, 0.08, 0.105, 0.105, 0.07, 0.125, 0.115, 0.095, 0.125, 0.07, 0.14, 0.1, 0.085, 0.09, 0.10050251256281408]"
28,"[0.06965174129353234, 0.08, 0.125, 0.145, 0.105, 0.095, 0.105, 0.125, 0.075, 0.12, 0.08, 0.095, 0.055, 0.08, 0.105, 0.08, 0.1, 0.055, 0.09, 0.125, 0.065, 0.09, 0.1, 0.1, 0.1, 0.155, 0.115, 0.105, 0.1, 0.085, 0.115, 0.1, 0.13, 0.105, 0.12, 0.1, 0.08, 0.105, 0.105, 0.07, 0.125, 0.115, 0.095, 0.125, 0.07, 0.14, 0.1, 0.085, 0.09, 0.10050251256281408]"
29,"[0.06965174129353234, 0.08, 0.125, 0.145, 0.105, 0.095, 0.105, 0.125, 0.075, 0.12, 0.08, 0.095, 0.055, 0.08, 0.105, 0.08, 0.1, 0.055, 0.09, 0.125, 0.065, 0.09, 0.1, 0.1, 0.1, 0.155, 0.115, 0.105, 0.1, 0.085, 0.115, 0.1, 0.13, 0.105, 0.12, 0.1, 0.08, 0.105, 0.105, 0.07, 0.125, 0.115, 0.095, 0.125, 0.07, 0.14, 0.1, 0.085, 0.09, 0.10050251256281408]"
30,"[0.06965174129353234, 0.08, 0.125, 0.145, 0.105, 0.095, 0.105, 0.125, 0.075, 0.12, 0.08, 0.095, 0.055, 0.08, 0.105, 0.08, 0.1, 0.055, 0.09, 0.125, 0.065, 0.09, 0.1, 0.1, 0.1, 0.155, 0.115, 0.105, 0.1, 0.085, 0.115, 0.1, 0.13, 0.105, 0.12, 0.1, 0.08, 0.105, 0.105, 0.07, 0.125, 0.115, 0.095, 0.125, 0.07, 0.14, 0.1, 0.085, 0.09, 0.10050251256281408]"
31,"[0.06965174129353234, 0.08, 0.125, 0.145, 0.105, 0.095, 0.105, 0.125, 0.075, 0.12, 0.08, 0.095, 0.055, 0.08, 0.105, 0.08, 0.1, 0.055, 0.09, 0.125, 0.065, 0.09, 0.1, 0.1, 0.1, 0.155, 0.115, 0.105, 0.1, 0.085, 0.115, 0.1, 0.13, 0.105, 0.12, 0.1, 0.08, 0.105, 0.105, 0.07, 0.125, 0.115, 0.095, 0.125, 0.07, 0.14, 0.1, 0.085, 0.09, 0.10050251256281408]"
32,"[0.06965174129353234, 0.08, 0.125, 0.145, 0.105, 0.095, 0.105, 0.125, 0.075, 0.12, 0.08, 0.095, 0.055, 0.08, 0.105, 0.08, 0.1, 0.055, 0.09, 0.125, 0.065, 0.09, 0.1, 0.1, 0.1, 0.155, 0.115, 0.105, 0.1, 0.085, 0.115, 0.1, 0.13, 0.105, 0.12, 0.1, 0.08, 0.105, 0.105, 0.07, 0.125, 0.115, 0.095, 0.125, 0.07, 0.14, 0.1, 0.085, 0.09, 0.10050251256281408]"
33,"[0.06965174129353234, 0.08, 0.125, 0.145, 0.105, 0.095, 0.105, 0.125, 0.075, 0.12, 0.08, 0.095, 0.055, 0.08, 0.105, 0.08, 0.1, 0.055, 0.09, 0.125, 0.065, 0.09, 0.1, 0.1, 0.1, 0.155, 0.115, 0.105, 0.1, 0.085, 0.115, 0.1, 0.13, 0.105, 0.12, 0.1, 0.08, 0.105, 0.105, 0.07, 0.125, 0.115, 0.095, 0.125, 0.07, 0.14, 0.1, 0.085, 0.09, 0.10050251256281408]"
34,"[0.06965174129353234, 0.08, 0.125, 0.145, 0.105, 0.095, 0.105, 0.125, 0.075, 0.12, 0.08, 0.095, 0.055, 0.08, 0.105, 0.08, 0.1, 0.055, 0.09, 0.125, 0.065, 0.09, 0.1, 0.1, 0.1, 0.155, 0.115, 0.105, 0.1, 0.085, 0.115, 0.1, 0.13, 0.105, 0.12, 0.1, 0.08, 0.105, 0.105, 0.07, 0.125, 0.115, 0.095, 0.125, 0.07, 0.14, 0.1, 0.085, 0.09, 0.10050251256281408]"
35,"[0.06965174129353234, 0.08, 0.125, 0.145, 0.105, 0.095, 0.105, 0.125, 0.075, 0.12, 0.08, 0.095, 0.055, 0.08, 0.105, 0.08, 0.1, 0.055, 0.09, 0.125, 0.065, 0.09, 0.1, 0.1, 0.1, 0.155, 0.115, 0.105, 0.1, 0.085, 0.115, 0.1, 0.13, 0.105, 0.12, 0.1, 0.08, 0.105, 0.105, 0.07, 0.125, 0.115, 0.095, 0.125, 0.07, 0.14, 0.1, 0.085, 0.09, 0.10050251256281408]"
36,"[0.06965174129353234, 0.08, 0.125, 0.145, 0.105, 0.095, 0.105, 0.125, 0.075, 0.12, 0.08, 0.095, 0.055, 0.08, 0.105, 0.08, 0.1, 0.055, 0.09, 0.125, 0.065, 0.09, 0.1, 0.1, 0.1, 0.155, 0.115, 0.105, 0.1, 0.085, 0.115, 0.1, 0.13, 0.105, 0.12, 0.1, 0.08, 0.105, 0.105, 0.07, 0.125, 0.115, 0.095, 0.125, 0.07, 0.14, 0.1, 0.085, 0.09, 0.10050251256281408]"
37,"[0.06965174129353234, 0.08, 0.125, 0.145, 0.105, 0.095, 0.105, 0.125, 0.075, 0.12, 0.08, 0.095, 0.055, 0.08, 0.105, 0.08, 0.1, 0.055, 0.09, 0.125, 0.065, 0.09, 0.1, 0.1, 0.1, 0.155, 0.115, 0.105, 0.1, 0.085, 0.115, 0.1, 0.13, 0.105, 0.12, 0.1, 0.08, 0.105, 0.105, 0.07, 0.125, 0.115, 0.095, 0.125, 0.07, 0.14, 0.1, 0.085, 0.09, 0.10050251256281408]"
38,"[0.06965174129353234, 0.08, 0.125, 0.145, 0.105, 0.095, 0.105, 0.125, 0.075, 0.12, 0.08, 0.095, 0.055, 0.08, 0.105, 0.08, 0.1, 0.055, 0.09, 0.125, 0.065, 0.09, 0.1, 0.1, 0.1, 0.155, 0.115, 0.105, 0.1, 0.085, 0.115, 0.1, 0.13, 0.105, 0.12, 0.1, 0.08, 0.105, 0.105, 0.07, 0.125, 0.115, 0.095, 0.125, 0.07, 0.14, 0.1, 0.085, 0.09, 0.10050251256281408]"
39,"[0.06965174129353234, 0.08, 0.125, 0.145, 0.105, 0.095, 0.105, 0.125, 0.075, 0.12, 0.08, 0.095, 0.055, 0.08, 0.105, 0.08, 0.1, 0.055, 0.09, 0.125, 0.065, 0.09, 0.1, 0.1, 0.1, 0.155, 0.115, 0.105, 0.1, 0.085, 0.115, 0.1, 0.13, 0.105, 0.12, 0.1, 0.08, 0.105, 0.105, 0.07, 0.125, 0.115, 0.095, 0.125, 0.07, 0.14, 0.1, 0.085, 0.09, 0.10050251256281408]"
40,"[0.06965174129353234, 0.08, 0.125, 0.145, 0.105, 0.095, 0.105, 0.125, 0.075, 0.12, 0.08, 0.095, 0.055, 0.08, 0.105, 0.08, 0.1, 0.055, 0.09, 0.125, 0.065, 0.09, 0.1, 0.1, 0.1, 0.155, 0.115, 0.105, 0.1, 0.085, 0.115, 0.1, 0.13, 0.105, 0.12, 0.1, 0.08, 0.105, 0.105, 0.07, 0.125, 0.115, 0.095, 0.125, 0.07, 0.14, 0.1, 0.085, 0.09, 0.10050251256281408]"
41,"[0.06965174129353234, 0.08, 0.125, 0.145, 0.105, 0.095, 0.105, 0.125, 0.075, 0.12, 0.08, 0.095, 0.055, 0.08, 0.105, 0.08, 0.1, 0.055, 0.09, 0.125, 0.065, 0.09, 0.1, 0.1, 0.1, 0.155, 0.115, 0.105, 0.1, 0.085, 0.115, 0.1, 0.13, 0.105, 0.12, 0.1, 0.08, 0.105, 0.105, 0.07, 0.125, 0.115, 0.095, 0.125, 0.07, 0.14, 0.1, 0.085, 0.09, 0.10050251256281408]"
42,"[0.06965174129353234, 0.08, 0.125, 0.145, 0.105, 0.095, 0.105, 0.125, 0.075, 0.12, 0.08, 0.095, 0.055, 0.08, 0.105, 0.08, 0.1, 0.055, 0.09, 0.125, 0.065, 0.09, 0.1, 0.1, 0.1, 0.155, 0.115, 0.105, 0.1, 0.085, 0.115, 0.1, 0.13, 0.105, 0.12, 0.1, 0.08, 0.105, 0.105, 0.07, 0.125, 0.115, 0.095, 0.125, 0.07, 0.14, 0.1, 0.085, 0.09, 0.10050251256281408]"
43,"[0.06965174129353234, 0.08, 0.125, 0.145, 0.105, 0.095, 0.105, 0.125, 0.075, 0.12, 0.08, 0.095, 0.055, 0.08, 0.105, 0.08, 0.1, 0.055, 0.09, 0.125, 0.065, 0.09, 0.1, 0.1, 0.1, 0.155, 0.115, 0.105, 0.1, 0.085, 0.115, 0.1, 0.13, 0.105, 0.12, 0.1, 0.08, 0.105, 0.105, 0.07, 0.125, 0.115, 0.095, 0.125, 0.07, 0.14, 0.1, 0.085, 0.09, 0.10050251256281408]"
44,"[0.06965174129353234, 0.08, 0.125, 0.145, 0.105, 0.095, 0.105, 0.125, 0.075, 0.12, 0.08, 0.095, 0.055, 0.08, 0.105, 0.08, 0.1, 0.055, 0.09, 0.125, 0.065, 0.09, 0.1, 0.1, 0.1, 0.155, 0.115, 0.105, 0.1, 0.085, 0.115, 0.1, 0.13, 0.105, 0.12, 0.1, 0.08, 0.105, 0.105, 0.07, 0.125, 0.115, 0.095, 0.125, 0.07, 0.14, 0.1, 0.085, 0.09, 0.10050251256281408]"
45,"[0.06965174129353234, 0.08, 0.125, 0.145, 0.105, 0.095, 0.105, 0.125, 0.075, 0.12, 0.08, 0.095, 0.055, 0.08, 0.105, 0.08, 0.1, 0.055, 0.09, 0.125, 0.065, 0.09, 0.1, 0.1, 0.1, 0.155, 0.115, 0.105, 0.1, 0.085, 0.115, 0.1, 0.13, 0.105, 0.12, 0.1, 0.08, 0.105, 0.105, 0.07, 0.125, 0.115, 0.095, 0.125, 0.07, 0.14, 0.1, 0.085, 0.09, 0.10050251256281408]"
46,"[0.06965174129353234, 0.08, 0.125, 0.145, 0.105, 0.095, 0.105, 0.125, 0.075, 0.12, 0.08, 0.095, 0.055, 0.08, 0.105, 0.08, 0.1, 0.055, 0.09, 0.125, 0.065, 0.09, 0.1, 0.1, 0.1, 0.155, 0.115, 0.105, 0.1, 0.085, 0.115, 0.1, 0.13, 0.105, 0.12, 0.1, 0.08, 0.105, 0.105, 0.07, 0.125, 0.115, 0.095, 0.125, 0.07, 0.14, 0.1, 0.085, 0.09, 0.10050251256281408]"
47,"[0.06965174129353234, 0.08, 0.125, 0.145, 0.105, 0.095, 0.105, 0.125, 0.075, 0.12, 0.08, 0.095, 0.055, 0.08, 0.105, 0.08, 0.1, 0.055, 0.09, 0.125, 0.065, 0.09, 0.1, 0.1, 0.1, 0.155, 0.115, 0.105, 0.1, 0.085, 0.115, 0.1, 0.13, 0.105, 0.12, 0.1, 0.08, 0.105, 0.105, 0.07, 0.125, 0.115, 0.095, 0.125, 0.07, 0.14, 0.1, 0.085, 0.09, 0.10050251256281408]"
48,"[0.06965174129353234, 0.08, 0.125, 0.145, 0.105, 0.095, 0.105, 0.125, 0.075, 0.12, 0.08, 0.095, 0.055, 0.08, 0.105, 0.08, 0.1, 0.055, 0.09, 0.125, 0.065, 0.09, 0.1, 0.1, 0.1, 0.155, 0.115, 0.105, 0.1, 0.085, 0.115, 0.1, 0.13, 0.105, 0.12, 0.1, 0.08, 0.105, 0.105, 0.07, 0.125, 0.115, 0.095, 0.125, 0.07, 0.14, 0.1, 0.085, 0.09, 0.10050251256281408]"
49,"[0.06965174129353234, 0.08, 0.125, 0.145, 0.105, 0.095, 0.105, 0.125, 0.075, 0.12, 0.08, 0.095, 0.055, 0.08, 0.105, 0.08, 0.1, 0.055, 0.09, 0.125, 0.065, 0.09, 0.1, 0.1, 0.1, 0.155, 0.115, 0.105, 0.1, 0.085, 0.115, 0.1, 0.13, 0.105, 0.12, 0.1, 0.08, 0.105, 0.105, 0.07, 0.125, 0.115, 0.095, 0.125, 0.07, 0.14, 0.1, 0.085, 0.09, 0.10050251256281408]"
50,"[0.06965174129353234, 0.08, 0.125, 0.145, 0.105, 0.095, 0.105, 0.125, 0.075, 0.12, 0.08, 0.095, 0.055, 0.08, 0.105, 0.08, 0.1, 0.055, 0.09, 0.125, 0.065, 0.09, 0.1, 0.1, 0.1, 0.155, 0.115, 0.105, 0.1, 0.085, 0.115, 0.1, 0.13, 0.105, 0.12, 0.1, 0.08, 0.105, 0.105, 0.07, 0.125, 0.115, 0.095, 0.125, 0.07, 0.14, 0.1, 0.085, 0.09, 0.10050251256281408]"
51,"[0.06965174129353234, 0.08, 0.125, 0.145, 0.105, 0.095, 0.105, 0.125, 0.075, 0.12, 0.08, 0.095, 0.055, 0.08, 0.105, 0.08, 0.1, 0.055, 0.09, 0.125, 0.065, 0.09, 0.1, 0.1, 0.1, 0.155, 0.115, 0.105, 0.1, 0.085, 0.115, 0.1, 0.13, 0.105, 0.12, 0.1, 0.08, 0.105, 0.105, 0.07, 0.125, 0.115, 0.095, 0.125, 0.07, 0.14, 0.1, 0.085, 0.09, 0.10050251256281408]"
52,"[0.06965174129353234, 0.08, 0.125, 0.145, 0.105, 0.095, 0.105, 0.125, 0.075, 0.12, 0.08, 0.095, 0.055, 0.08, 0.105, 0.08, 0.1, 0.055, 0.09, 0.125, 0.065, 0.09, 0.1, 0.1, 0.1, 0.155, 0.115, 0.105, 0.1, 0.085, 0.115, 0.1, 0.13, 0.105, 0.12, 0.1, 0.08, 0.105, 0.105, 0.07, 0.125, 0.115, 0.095, 0.125, 0.07, 0.14, 0.1, 0.085, 0.09, 0.10050251256281408]"
53,"[0.06965174129353234, 0.08, 0.125, 0.145, 0.105, 0.095, 0.105, 0.125, 0.075, 0.12, 0.08, 0.095, 0.055, 0.08, 0.105, 0.08, 0.1, 0.055, 0.09, 0.125, 0.065, 0.09, 0.1, 0.1, 0.1, 0.155, 0.115, 0.105, 0.1, 0.085, 0.115, 0.1, 0.13, 0.105, 0.12, 0.1, 0.08, 0.105, 0.105, 0.07, 0.125, 0.115, 0.095, 0.125, 0.07, 0.14, 0.1, 0.085, 0.09, 0.10050251256281408]"
54,"[0.06965174129353234, 0.08, 0.125, 0.145, 0.105, 0.095, 0.105, 0.125, 0.075, 0.12, 0.08, 0.095, 0.055, 0.08, 0.105, 0.08, 0.1, 0.055, 0.09, 0.125, 0.065, 0.09, 0.1, 0.1, 0.1, 0.155, 0.115, 0.105, 0.1, 0.085, 0.115, 0.1, 0.13, 0.105, 0.12, 0.1, 0.08, 0.105, 0.105, 0.07, 0.125, 0.115, 0.095, 0.125, 0.07, 0.14, 0.1, 0.085, 0.09, 0.10050251256281408]"
55,"[0.06965174129353234, 0.08, 0.125, 0.145, 0.105, 0.095, 0.105, 0.125, 0.075, 0.12, 0.08, 0.095, 0.055, 0.08, 0.105, 0.08, 0.1, 0.055, 0.09, 0.125, 0.065, 0.09, 0.1, 0.1, 0.1, 0.155, 0.115, 0.105, 0.1, 0.085, 0.115, 0.1, 0.13, 0.105, 0.12, 0.1, 0.08, 0.105, 0.105, 0.07, 0.125, 0.115, 0.095, 0.125, 0.07, 0.14, 0.1, 0.085, 0.09, 0.10050251256281408]"
56,"[0.06965174129353234, 0.08, 0.125, 0.145, 0.105, 0.095, 0.105, 0.125, 0.075, 0.12, 0.08, 0.095, 0.055, 0.08, 0.105, 0.08, 0.1, 0.055, 0.09, 0.125, 0.065, 0.09, 0.1, 0.1, 0.1, 0.155, 0.115, 0.105, 0.1, 0.085, 0.115, 0.1, 0.13, 0.105, 0.12, 0.1, 0.08, 0.105, 0.105, 0.07, 0.125, 0.115, 0.095, 0.125, 0.07, 0.14, 0.1, 0.085, 0.09, 0.10050251256281408]"
57,"[0.06965174129353234, 0.08, 0.125, 0.145, 0.105, 0.095, 0.105, 0.125, 0.075, 0.12, 0.08, 0.095, 0.055, 0.08, 0.105, 0.08, 0.1, 0.055, 0.09, 0.125, 0.065, 0.09, 0.1, 0.1, 0.1, 0.155, 0.115, 0.105, 0.1, 0.085, 0.115, 0.1, 0.13, 0.105, 0.12, 0.1, 0.08, 0.105, 0.105, 0.07, 0.125, 0.115, 0.095, 0.125, 0.07, 0.14, 0.1, 0.085, 0.09, 0.10050251256281408]"
58,"[0.06965174129353234, 0.08, 0.125, 0.145, 0.105, 0.095, 0.105, 0.125, 0.075, 0.12, 0.08, 0.095, 0.055, 0.08, 0.105, 0.08, 0.1, 0.055, 0.09, 0.125, 0.065, 0.09, 0.1, 0.1, 0.1, 0.155, 0.115, 0.105, 0.1, 0.085, 0.115, 0.1, 0.13, 0.105, 0.12, 0.1, 0.08, 0.105, 0.105, 0.07, 0.125, 0.115, 0.095, 0.125, 0.07, 0.14, 0.1, 0.085, 0.09, 0.10050251256281408]"
59,"[0.06965174129353234, 0.08, 0.125, 0.145, 0.105, 0.095, 0.105, 0.125, 0.075, 0.12, 0.08, 0.095, 0.055, 0.08, 0.105, 0.08, 0.1, 0.055, 0.09, 0.125, 0.065, 0.09, 0.1, 0.1, 0.1, 0.155, 0.115, 0.105, 0.1, 0.085, 0.115, 0.1, 0.13, 0.105, 0.12, 0.1, 0.08, 0.105, 0.105, 0.07, 0.125, 0.115, 0.095, 0.125, 0.07, 0.14, 0.1, 0.085, 0.09, 0.10050251256281408]"
60,"[0.06965174129353234, 0.08, 0.125, 0.145, 0.105, 0.095, 0.105, 0.125, 0.075, 0.12, 0.08, 0.095, 0.055, 0.08, 0.105, 0.08, 0.1, 0.055, 0.09, 0.125, 0.065, 0.09, 0.1, 0.1, 0.1, 0.155, 0.115, 0.105, 0.1, 0.085, 0.115, 0.1, 0.13, 0.105, 0.12, 0.1, 0.08, 0.105, 0.105, 0.07, 0.125, 0.115, 0.095, 0.125, 0.07, 0.14, 0.1, 0.085, 0.09, 0.10050251256281408]"
61,"[0.06965174129353234, 0.08, 0.125, 0.145, 0.105, 0.095, 0.105, 0.125, 0.075, 0.12, 0.08, 0.095, 0.055, 0.08, 0.105, 0.08, 0.1, 0.055, 0.09, 0.125, 0.065, 0.09, 0.1, 0.1, 0.1, 0.155, 0.115, 0.105, 0.1, 0.085, 0.115, 0.1, 0.13, 0.105, 0.12, 0.1, 0.08, 0.105, 0.105, 0.07, 0.125, 0.115, 0.095, 0.125, 0.07, 0.14, 0.1, 0.085, 0.09, 0.10050251256281408]"
62,"[0.06965174129353234, 0.08, 0.125, 0.145, 0.105, 0.095, 0.105, 0.125, 0.075, 0.12, 0.08, 0.095, 0.055, 0.08, 0.105, 0.08, 0.1, 0.055, 0.09, 0.125, 0.065, 0.09, 0.1, 0.1, 0.1, 0.155, 0.115, 0.105, 0.1, 0.085, 0.115, 0.1, 0.13, 0.105, 0.12, 0.1, 0.08, 0.105, 0.105, 0.07, 0.125, 0.115, 0.095, 0.125, 0.07, 0.14, 0.1, 0.085, 0.09, 0.10050251256281408]"
63,"[0.06965174129353234, 0.08, 0.125, 0.145, 0.105, 0.095, 0.105, 0.125, 0.075, 0.12, 0.08, 0.095, 0.055, 0.08, 0.105, 0.08, 0.1, 0.055, 0.09, 0.125, 0.065, 0.09, 0.1, 0.1, 0.1, 0.155, 0.115, 0.105, 0.1, 0.085, 0.115, 0.1, 0.13, 0.105, 0.12, 0.1, 0.08, 0.105, 0.105, 0.07, 0.125, 0.115, 0.095, 0.125, 0.07, 0.14, 0.1, 0.085, 0.09, 0.10050251256281408]"
64,"[0.06965174129353234, 0.08, 0.125, 0.145, 0.105, 0.095, 0.105, 0.125, 0.075, 0.12, 0.08, 0.095, 0.055, 0.08, 0.105, 0.08, 0.1, 0.055, 0.09, 0.125, 0.065, 0.09, 0.1, 0.1, 0.1, 0.155, 0.115, 0.105, 0.1, 0.085, 0.115, 0.1, 0.13, 0.105, 0.12, 0.1, 0.08, 0.105, 0.105, 0.07, 0.125, 0.115, 0.095, 0.125, 0.07, 0.14, 0.1, 0.085, 0.09, 0.10050251256281408]"
65,"[0.06965174129353234, 0.08, 0.125, 0.145, 0.105, 0.095, 0.105, 0.125, 0.075, 0.12, 0.08, 0.095, 0.055, 0.08, 0.105, 0.08, 0.1, 0.055, 0.09, 0.125, 0.065, 0.09, 0.1, 0.1, 0.1, 0.155, 0.115, 0.105, 0.1, 0.085, 0.115, 0.1, 0.13, 0.105, 0.12, 0.1, 0.08, 0.105, 0.105, 0.07, 0.125, 0.115, 0.095, 0.125, 0.07, 0.14, 0.1, 0.085, 0.09, 0.10050251256281408]"
66,"[0.06965174129353234, 0.08, 0.125, 0.145, 0.105, 0.095, 0.105, 0.125, 0.075, 0.12, 0.08, 0.095, 0.055, 0.08, 0.105, 0.08, 0.1, 0.055, 0.09, 0.125, 0.065, 0.09, 0.1, 0.1, 0.1, 0.155, 0.115, 0.105, 0.1, 0.085, 0.115, 0.1, 0.13, 0.105, 0.12, 0.1, 0.08, 0.105, 0.105, 0.07, 0.125, 0.115, 0.095, 0.125, 0.07, 0.14, 0.1, 0.085, 0.09, 0.10050251256281408]"
67,"[0.06965174129353234, 0.08, 0.125, 0.145, 0.105, 0.095, 0.105, 0.125, 0.075, 0.12, 0.08, 0.095, 0.055, 0.08, 0.105, 0.08, 0.1, 0.055, 0.09, 0.125, 0.065, 0.09, 0.1, 0.1, 0.1, 0.155, 0.115, 0.105, 0.1, 0.085, 0.115, 0.1, 0.13, 0.105, 0.12, 0.1, 0.08, 0.105, 0.105, 0.07, 0.125, 0.115, 0.095, 0.125, 0.07, 0.14, 0.1, 0.085, 0.09, 0.10050251256281408]"
68,"[0.06965174129353234, 0.08, 0.125, 0.145, 0.105, 0.095, 0.105, 0.125, 0.075, 0.12, 0.08, 0.095, 0.055, 0.08, 0.105, 0.08, 0.1, 0.055, 0.09, 0.125, 0.065, 0.09, 0.1, 0.1, 0.1, 0.155, 0.115, 0.105, 0.1, 0.085, 0.115, 0.1, 0.13, 0.105, 0.12, 0.1, 0.08, 0.105, 0.105, 0.07, 0.125, 0.115, 0.095, 0.125, 0.07, 0.14, 0.1, 0.085, 0.09, 0.10050251256281408]"
69,"[0.06965174129353234, 0.08, 0.125, 0.145, 0.105, 0.095, 0.105, 0.125, 0.075, 0.12, 0.08, 0.095, 0.055, 0.08, 0.105, 0.08, 0.1, 0.055, 0.09, 0.125, 0.065, 0.09, 0.1, 0.1, 0.1, 0.155, 0.115, 0.105, 0.1, 0.085, 0.115, 0.1, 0.13, 0.105, 0.12, 0.1, 0.08, 0.105, 0.105, 0.07, 0.125, 0.115, 0.095, 0.125, 0.07, 0.14, 0.1, 0.085, 0.09, 0.10050251256281408]"
70,"[0.06965174129353234, 0.08, 0.125, 0.145, 0.105, 0.095, 0.105, 0.125, 0.075, 0.12, 0.08, 0.095, 0.055, 0.08, 0.105, 0.08, 0.1, 0.055, 0.09, 0.125, 0.065, 0.09, 0.1, 0.1, 0.1, 0.155, 0.115, 0.105, 0.1, 0.085, 0.115, 0.1, 0.13, 0.105, 0.12, 0.1, 0.08, 0.105, 0.105, 0.07, 0.125, 0.115, 0.095, 0.125, 0.07, 0.14, 0.1, 0.085, 0.09, 0.10050251256281408]"
71,"[0.06965174129353234, 0.08, 0.125, 0.145, 0.105, 0.095, 0.105, 0.125, 0.075, 0.12, 0.08, 0.095, 0.055, 0.08, 0.105, 0.08, 0.1, 0.055, 0.09, 0.125, 0.065, 0.09, 0.1, 0.1, 0.1, 0.155, 0.115, 0.105, 0.1, 0.085, 0.115, 0.1, 0.13, 0.105, 0.12, 0.1, 0.08, 0.105, 0.105, 0.07, 0.125, 0.115, 0.095, 0.125, 0.07, 0.14, 0.1, 0.085, 0.09, 0.10050251256281408]"
72,"[0.06965174129353234, 0.08, 0.125, 0.145, 0.105, 0.095, 0.105, 0.125, 0.075, 0.12, 0.08, 0.095, 0.055, 0.08, 0.105, 0.08, 0.1, 0.055, 0.09, 0.125, 0.065, 0.09, 0.1, 0.1, 0.1, 0.155, 0.115, 0.105, 0.1, 0.085, 0.115, 0.1, 0.13, 0.105, 0.12, 0.1, 0.08, 0.105, 0.105, 0.07, 0.125, 0.115, 0.095, 0.125, 0.07, 0.14, 0.1, 0.085, 0.09, 0.10050251256281408]"
73,"[0.06965174129353234, 0.08, 0.125, 0.145, 0.105, 0.095, 0.105, 0.125, 0.075, 0.12, 0.08, 0.095, 0.055, 0.08, 0.105, 0.08, 0.1, 0.055, 0.09, 0.125, 0.065, 0.09, 0.1, 0.1, 0.1, 0.155, 0.115, 0.105, 0.1, 0.085, 0.115, 0.1, 0.13, 0.105, 0.12, 0.1, 0.08, 0.105, 0.105, 0.07, 0.125, 0.115, 0.095, 0.125, 0.07, 0.14, 0.1, 0.085, 0.09, 0.10050251256281408]"
74,"[0.06965174129353234, 0.08, 0.125, 0.145, 0.105, 0.095, 0.105, 0.125, 0.075, 0.12, 0.08, 0.095, 0.055, 0.08, 0.105, 0.08, 0.1, 0.055, 0.09, 0.125, 0.065, 0.09, 0.1, 0.1, 0.1, 0.155, 0.115, 0.105, 0.1, 0.085, 0.115, 0.1, 0.13, 0.105, 0.12, 0.1, 0.08, 0.105, 0.105, 0.07, 0.125, 0.115, 0.095, 0.125, 0.07, 0.14, 0.1, 0.085, 0.09, 0.10050251256281408]"
75,"[0.06965174129353234, 0.08, 0.125, 0.145, 0.105, 0.095, 0.105, 0.125, 0.075, 0.12, 0.08, 0.095, 0.055, 0.08, 0.105, 0.08, 0.1, 0.055, 0.09, 0.125, 0.065, 0.09, 0.1, 0.1, 0.1, 0.155, 0.115, 0.105, 0.1, 0.085, 0.115, 0.1, 0.13, 0.105, 0.12, 0.1, 0.08, 0.105, 0.105, 0.07, 0.125, 0.115, 0.095, 0.125, 0.07, 0.14, 0.1, 0.085, 0.09, 0.10050251256281408]"
76,"[0.06965174129353234, 0.08, 0.125, 0.145, 0.105, 0.095, 0.105, 0.125, 0.075, 0.12, 0.08, 0.095, 0.055, 0.08, 0.105, 0.08, 0.1, 0.055, 0.09, 0.125, 0.065, 0.09, 0.1, 0.1, 0.1, 0.155, 0.115, 0.105, 0.1, 0.085, 0.115, 0.1, 0.13, 0.105, 0.12, 0.1, 0.08, 0.105, 0.105, 0.07, 0.125, 0.115, 0.095, 0.125, 0.07, 0.14, 0.1, 0.085, 0.09, 0.10050251256281408]"
77,"[0.06965174129353234, 0.08, 0.125, 0.145, 0.105, 0.095, 0.105, 0.125, 0.075, 0.12, 0.08, 0.095, 0.055, 0.08, 0.105, 0.08, 0.1, 0.055, 0.09, 0.125, 0.065, 0.09, 0.1, 0.1, 0.1, 0.155, 0.115, 0.105, 0.1, 0.085, 0.115, 0.1, 0.13, 0.105, 0.12, 0.1, 0.08, 0.105, 0.105, 0.07, 0.125, 0.115, 0.095, 0.125, 0.07, 0.14, 0.1, 0.085, 0.09, 0.10050251256281408]"
78,"[0.06965174129353234, 0.08, 0.125, 0.145, 0.105, 0.095, 0.105, 0.125, 0.075, 0.12, 0.08, 0.095, 0.055, 0.08, 0.105, 0.08, 0.1, 0.055, 0.09, 0.125, 0.065, 0.09, 0.1, 0.1, 0.1, 0.155, 0.115, 0.105, 0.1, 0.085, 0.115, 0.1, 0.13, 0.105, 0.12, 0.1, 0.08, 0.105, 0.105, 0.07, 0.125, 0.115, 0.095, 0.125, 0.07, 0.14, 0.1, 0.085, 0.09, 0.10050251256281408]"
79,"[0.06965174129353234, 0.08, 0.125, 0.145, 0.105, 0.095, 0.105, 0.125, 0.075, 0.12, 0.08, 0.095, 0.055, 0.08, 0.105, 0.08, 0.1, 0.055, 0.09, 0.125, 0.065, 0.09, 0.1, 0.1, 0.1, 0.155, 0.115, 0.105, 0.1, 0.085, 0.115, 0.1, 0.13, 0.105, 0.12, 0.1, 0.08, 0.105, 0.105, 0.07, 0.125, 0.115, 0.095, 0.125, 0.07, 0.14, 0.1, 0.085, 0.09, 0.10050251256281408]"
80,"[0.06965174129353234, 0.08, 0.125, 0.145, 0.105, 0.095, 0.105, 0.125, 0.075, 0.12, 0.08, 0.095, 0.055, 0.08, 0.105, 0.08, 0.1, 0.055, 0.09, 0.125, 0.065, 0.09, 0.1, 0.1, 0.1, 0.155, 0.115, 0.105, 0.1, 0.085, 0.115, 0.1, 0.13, 0.105, 0.12, 0.1, 0.08, 0.105, 0.105, 0.07, 0.125, 0.115, 0.095, 0.125, 0.07, 0.14, 0.1, 0.085, 0.09, 0.10050251256281408]"
81,"[0.06965174129353234, 0.08, 0.125, 0.145, 0.105, 0.095, 0.105, 0.125, 0.075, 0.12, 0.08, 0.095, 0.055, 0.08, 0.105, 0.08, 0.1, 0.055, 0.09, 0.125, 0.065, 0.09, 0.1, 0.1, 0.1, 0.155, 0.115, 0.105, 0.1, 0.085, 0.115, 0.1, 0.13, 0.105, 0.12, 0.1, 0.08, 0.105, 0.105, 0.07, 0.125, 0.115, 0.095, 0.125, 0.07, 0.14, 0.1, 0.085, 0.09, 0.10050251256281408]"
82,"[0.06965174129353234, 0.08, 0.125, 0.145, 0.105, 0.095, 0.105, 0.125, 0.075, 0.12, 0.08, 0.095, 0.055, 0.08, 0.105, 0.08, 0.1, 0.055, 0.09, 0.125, 0.065, 0.09, 0.1, 0.1, 0.1, 0.155, 0.115, 0.105, 0.1, 0.085, 0.115, 0.1, 0.13, 0.105, 0.12, 0.1, 0.08, 0.105, 0.105, 0.07, 0.125, 0.115, 0.095, 0.125, 0.07, 0.14, 0.1, 0.085, 0.09, 0.10050251256281408]"
83,"[0.06965174129353234, 0.08, 0.125, 0.145, 0.105, 0.095, 0.105, 0.125, 0.075, 0.12, 0.08, 0.095, 0.055, 0.08, 0.105, 0.08, 0.1, 0.055, 0.09, 0.125, 0.065, 0.09, 0.1, 0.1, 0.1, 0.155, 0.115, 0.105, 0.1, 0.085, 0.115, 0.1, 0.13, 0.105, 0.12, 0.1, 0.08, 0.105, 0.105, 0.07, 0.125, 0.115, 0.095, 0.125, 0.07, 0.14, 0.1, 0.085, 0.09, 0.10050251256281408]"
84,"[0.06965174129353234, 0.08, 0.125, 0.145, 0.105, 0.095, 0.105, 0.125, 0.075, 0.12, 0.08, 0.095, 0.055, 0.08, 0.105, 0.08, 0.1, 0.055, 0.09, 0.125, 0.065, 0.09, 0.1, 0.1, 0.1, 0.155, 0.115, 0.105, 0.1, 0.085, 0.115, 0.1, 0.13, 0.105, 0.12, 0.1, 0.08, 0.105, 0.105, 0.07, 0.125, 0.115, 0.095, 0.125, 0.07, 0.14, 0.1, 0.085, 0.09, 0.10050251256281408]"
85,"[0.06965174129353234, 0.08, 0.125, 0.145, 0.105, 0.095, 0.105, 0.125, 0.075, 0.12, 0.08, 0.095, 0.055, 0.08, 0.105, 0.08, 0.1, 0.055, 0.09, 0.125, 0.065, 0.09, 0.1, 0.1, 0.1, 0.155, 0.115, 0.105, 0.1, 0.085, 0.115, 0.1, 0.13, 0.105, 0.12, 0.1, 0.08, 0.105, 0.105, 0.07, 0.125, 0.115, 0.095, 0.125, 0.07, 0.14, 0.1, 0.085, 0.09, 0.10050251256281408]"
86,"[0.06965174129353234, 0.08, 0.125, 0.145, 0.105, 0.095, 0.105, 0.125, 0.075, 0.12, 0.08, 0.095, 0.055, 0.08, 0.105, 0.08, 0.1, 0.055, 0.09, 0.125, 0.065, 0.09, 0.1, 0.1, 0.1, 0.155, 0.115, 0.105, 0.1, 0.085, 0.115, 0.1, 0.13, 0.105, 0.12, 0.1, 0.08, 0.105, 0.105, 0.07, 0.125, 0.115, 0.095, 0.125, 0.07, 0.14, 0.1, 0.085, 0.09, 0.10050251256281408]"
87,"[0.06965174129353234, 0.08, 0.125, 0.145, 0.105, 0.095, 0.105, 0.125, 0.075, 0.12, 0.08, 0.095, 0.055, 0.08, 0.105, 0.08, 0.1, 0.055, 0.09, 0.125, 0.065, 0.09, 0.1, 0.1, 0.1, 0.155, 0.115, 0.105, 0.1, 0.085, 0.115, 0.1, 0.13, 0.105, 0.12, 0.1, 0.08, 0.105, 0.105, 0.07, 0.125, 0.115, 0.095, 0.125, 0.07, 0.14, 0.1, 0.085, 0.09, 0.10050251256281408]"
88,"[0.06965174129353234, 0.08, 0.125, 0.145, 0.105, 0.095, 0.105, 0.125, 0.075, 0.12, 0.08, 0.095, 0.055, 0.08, 0.105, 0.08, 0.1, 0.055, 0.09, 0.125, 0.065, 0.09, 0.1, 0.1, 0.1, 0.155, 0.115, 0.105, 0.1, 0.085, 0.115, 0.1, 0.13, 0.105, 0.12, 0.1, 0.08, 0.105, 0.105, 0.07, 0.125, 0.115, 0.095, 0.125, 0.07, 0.14, 0.1, 0.085, 0.09, 0.10050251256281408]"
89,"[0.06965174129353234, 0.08, 0.125, 0.145, 0.105, 0.095, 0.105, 0.125, 0.075, 0.12, 0.08, 0.095, 0.055, 0.08, 0.105, 0.08, 0.1, 0.055, 0.09, 0.125, 0.065, 0.09, 0.1, 0.1, 0.1, 0.155, 0.115, 0.105, 0.1, 0.085, 0.115, 0.1, 0.13, 0.105, 0.12, 0.1, 0.08, 0.105, 0.105, 0.07, 0.125, 0.115, 0.095, 0.125, 0.07, 0.14, 0.1, 0.085, 0.09, 0.10050251256281408]"
90,"[0.06965174129353234, 0.08, 0.125, 0.145, 0.105, 0.095, 0.105, 0.125, 0.075, 0.12, 0.08, 0.095, 0.055, 0.08, 0.105, 0.08, 0.1, 0.055, 0.09, 0.125, 0.065, 0.09, 0.1, 0.1, 0.1, 0.155, 0.115, 0.105, 0.1, 0.085, 0.115, 0.1, 0.13, 0.105, 0.12, 0.1, 0.08, 0.105, 0.105, 0.07, 0.125, 0.115, 0.095, 0.125, 0.07, 0.14, 0.1, 0.085, 0.09, 0.10050251256281408]"
91,"[0.06965174129353234, 0.08, 0.125, 0.145, 0.105, 0.095, 0.105, 0.125, 0.075, 0.12, 0.08, 0.095, 0.055, 0.08, 0.105, 0.08, 0.1, 0.055, 0.09, 0.125, 0.065, 0.09, 0.1, 0.1, 0.1, 0.155, 0.115, 0.105, 0.1, 0.085, 0.115, 0.1, 0.13, 0.105, 0.12, 0.1, 0.08, 0.105, 0.105, 0.07, 0.125, 0.115, 0.095, 0.125, 0.07, 0.14, 0.1, 0.085, 0.09, 0.10050251256281408]"
92,"[0.06965174129353234, 0.08, 0.125, 0.145, 0.105, 0.095, 0.105, 0.125, 0.075, 0.12, 0.08, 0.095, 0.055, 0.08, 0.105, 0.08, 0.1, 0.055, 0.09, 0.125, 0.065, 0.09, 0.1, 0.1, 0.1, 0.155, 0.115, 0.105, 0.1, 0.085, 0.115, 0.1, 0.13, 0.105, 0.12, 0.1, 0.08, 0.105, 0.105, 0.07, 0.125, 0.115, 0.095, 0.125, 0.07, 0.14, 0.1, 0.085, 0.09, 0.10050251256281408]"
93,"[0.06965174129353234, 0.08, 0.125, 0.145, 0.105, 0.095, 0.105, 0.125, 0.075, 0.12, 0.08, 0.095, 0.055, 0.08, 0.105, 0.08, 0.1, 0.055, 0.09, 0.125, 0.065, 0.09, 0.1, 0.1, 0.1, 0.155, 0.115, 0.105, 0.1, 0.085, 0.115, 0.1, 0.13, 0.105, 0.12, 0.1, 0.08, 0.105, 0.105, 0.07, 0.125, 0.115, 0.095, 0.125, 0.07, 0.14, 0.1, 0.085, 0.09, 0.10050251256281408]"
94,"[0.06965174129353234, 0.08, 0.125, 0.145, 0.105, 0.095, 0.105, 0.125, 0.075, 0.12, 0.08, 0.095, 0.055, 0.08, 0.105, 0.08, 0.1, 0.055, 0.09, 0.125, 0.065, 0.09, 0.1, 0.1, 0.1, 0.155, 0.115, 0.105, 0.1, 0.085, 0.115, 0.1, 0.13, 0.105, 0.12, 0.1, 0.08, 0.105, 0.105, 0.07, 0.125, 0.115, 0.095, 0.125, 0.07, 0.14, 0.1, 0.085, 0.09, 0.10050251256281408]"
95,"[0.06965174129353234, 0.08, 0.125, 0.145, 0.105, 0.095, 0.105, 0.125, 0.075, 0.12, 0.08, 0.095, 0.055, 0.08, 0.105, 0.08, 0.1, 0.055, 0.09, 0.125, 0.065, 0.09, 0.1, 0.1, 0.1, 0.155, 0.115, 0.105, 0.1, 0.085, 0.115, 0.1, 0.13, 0.105, 0.12, 0.1, 0.08, 0.105, 0.105, 0.07, 0.125, 0.115, 0.095, 0.125, 0.07, 0.14, 0.1, 0.085, 0.09, 0.10050251256281408]"
96,"[0.06965174129353234, 0.08, 0.125, 0.145, 0.105, 0.095, 0.105, 0.125, 0.075, 0.12, 0.08, 0.095, 0.055, 0.08, 0.105, 0.08, 0.1, 0.055, 0.09, 0.125, 0.065, 0.09, 0.1, 0.1, 0.1, 0.155, 0.115, 0.105, 0.1, 0.085, 0.115, 0.1, 0.13, 0.105, 0.12, 0.1, 0.08, 0.105, 0.105, 0.07, 0.125, 0.115, 0.095, 0.125, 0.07, 0.14, 0.1, 0.085, 0.09, 0.10050251256281408]"
97,"[0.06965174129353234, 0.08, 0.125, 0.145, 0.105, 0.095, 0.105, 0.125, 0.075, 0.12, 0.08, 0.095, 0.055, 0.08, 0.105, 0.08, 0.1, 0.055, 0.09, 0.125, 0.065, 0.09, 0.1, 0.1, 0.1, 0.155, 0.115, 0.105, 0.1, 0.085, 0.115, 0.1, 0.13, 0.105, 0.12, 0.1, 0.08, 0.105, 0.105, 0.07, 0.125, 0.115, 0.095, 0.125, 0.07, 0.14, 0.1, 0.085, 0.09, 0.10050251256281408]"
98,"[0.06965174129353234, 0.08, 0.125, 0.145, 0.105, 0.095, 0.105, 0.125, 0.075, 0.12, 0.08, 0.095, 0.055, 0.08, 0.105, 0.08, 0.1, 0.055, 0.09, 0.125, 0.065, 0.09, 0.1, 0.1, 0.1, 0.155, 0.115, 0.105, 0.1, 0.085, 0.115, 0.1, 0.13, 0.105, 0.12, 0.1, 0.08, 0.105, 0.105, 0.07, 0.125, 0.115, 0.095, 0.125, 0.07, 0.14, 0.1, 0.085, 0.09, 0.10050251256281408]"
99,"[0.06965174129353234, 0.08, 0.125, 0.145, 0.105, 0.095, 0.105, 0.125, 0.075, 0.12, 0.08, 0.095, 0.055, 0.08, 0.105, 0.08, 0.1, 0.055, 0.09, 0.125, 0.065, 0.09, 0.1, 0.1, 0.1, 0.155, 0.115, 0.105, 0.1, 0.085, 0.115, 0.1, 0.13, 0.105, 0.12, 0.1, 0.08, 0.105, 0.105, 0.07, 0.125, 0.115, 0.095, 0.125, 0.07, 0.14, 0.1, 0.085, 0.09, 0.10050251256281408]"
