eigenvector_centrality,"[2, 14, 19, 7, 1]"
0,"[tensor(0.0057, device='cuda:2'), tensor(0.0058, device='cuda:2'), tensor(0.0058, device='cuda:2'), tensor(0.0058, device='cuda:2'), tensor(0.0058, device='cuda:2'), tensor(0.0058, device='cuda:2'), tensor(0.0058, device='cuda:2'), tensor(0.0058, device='cuda:2'), tensor(0.0058, device='cuda:2'), tensor(0.0058, device='cuda:2'), tensor(0.0058, device='cuda:2'), tensor(0.0058, device='cuda:2'), tensor(0.0058, device='cuda:2'), tensor(0.0058, device='cuda:2'), tensor(0.0058, device='cuda:2'), tensor(0.0058, device='cuda:2'), tensor(0.0058, device='cuda:2'), tensor(0.0058, device='cuda:2'), tensor(0.0058, device='cuda:2'), tensor(0.0058, device='cuda:2'), tensor(0.0058, device='cuda:2'), tensor(0.0058, device='cuda:2'), tensor(0.0058, device='cuda:2'), tensor(0.0058, device='cuda:2'), tensor(0.0058, device='cuda:2')]"
1,"[tensor(0.0057, device='cuda:2'), tensor(0.0058, device='cuda:2'), tensor(0.0058, device='cuda:2'), tensor(0.0058, device='cuda:2'), tensor(0.0058, device='cuda:2'), tensor(0.0058, device='cuda:2'), tensor(0.0058, device='cuda:2'), tensor(0.0058, device='cuda:2'), tensor(0.0058, device='cuda:2'), tensor(0.0058, device='cuda:2'), tensor(0.0058, device='cuda:2'), tensor(0.0058, device='cuda:2'), tensor(0.0058, device='cuda:2'), tensor(0.0058, device='cuda:2'), tensor(0.0058, device='cuda:2'), tensor(0.0058, device='cuda:2'), tensor(0.0058, device='cuda:2'), tensor(0.0058, device='cuda:2'), tensor(0.0058, device='cuda:2'), tensor(0.0058, device='cuda:2'), tensor(0.0058, device='cuda:2'), tensor(0.0058, device='cuda:2'), tensor(0.0058, device='cuda:2'), tensor(0.0058, device='cuda:2'), tensor(0.0058, device='cuda:2')]"
2,"[tensor(0.0057, device='cuda:2'), tensor(0.0058, device='cuda:2'), tensor(0.0058, device='cuda:2'), tensor(0.0058, device='cuda:2'), tensor(0.0058, device='cuda:2'), tensor(0.0058, device='cuda:2'), tensor(0.0058, device='cuda:2'), tensor(0.0058, device='cuda:2'), tensor(0.0058, device='cuda:2'), tensor(0.0058, device='cuda:2'), tensor(0.0058, device='cuda:2'), tensor(0.0058, device='cuda:2'), tensor(0.0058, device='cuda:2'), tensor(0.0058, device='cuda:2'), tensor(0.0058, device='cuda:2'), tensor(0.0058, device='cuda:2'), tensor(0.0058, device='cuda:2'), tensor(0.0058, device='cuda:2'), tensor(0.0058, device='cuda:2'), tensor(0.0058, device='cuda:2'), tensor(0.0058, device='cuda:2'), tensor(0.0058, device='cuda:2'), tensor(0.0058, device='cuda:2'), tensor(0.0058, device='cuda:2'), tensor(0.0058, device='cuda:2')]"
3,"[tensor(0.0057, device='cuda:2'), tensor(0.0058, device='cuda:2'), tensor(0.0058, device='cuda:2'), tensor(0.0058, device='cuda:2'), tensor(0.0058, device='cuda:2'), tensor(0.0058, device='cuda:2'), tensor(0.0058, device='cuda:2'), tensor(0.0058, device='cuda:2'), tensor(0.0058, device='cuda:2'), tensor(0.0058, device='cuda:2'), tensor(0.0058, device='cuda:2'), tensor(0.0058, device='cuda:2'), tensor(0.0058, device='cuda:2'), tensor(0.0058, device='cuda:2'), tensor(0.0058, device='cuda:2'), tensor(0.0058, device='cuda:2'), tensor(0.0058, device='cuda:2'), tensor(0.0058, device='cuda:2'), tensor(0.0058, device='cuda:2'), tensor(0.0058, device='cuda:2'), tensor(0.0058, device='cuda:2'), tensor(0.0058, device='cuda:2'), tensor(0.0058, device='cuda:2'), tensor(0.0058, device='cuda:2'), tensor(0.0058, device='cuda:2')]"
4,"[tensor(0.0057, device='cuda:2'), tensor(0.0058, device='cuda:2'), tensor(0.0058, device='cuda:2'), tensor(0.0058, device='cuda:2'), tensor(0.0058, device='cuda:2'), tensor(0.0058, device='cuda:2'), tensor(0.0058, device='cuda:2'), tensor(0.0058, device='cuda:2'), tensor(0.0058, device='cuda:2'), tensor(0.0058, device='cuda:2'), tensor(0.0058, device='cuda:2'), tensor(0.0058, device='cuda:2'), tensor(0.0058, device='cuda:2'), tensor(0.0058, device='cuda:2'), tensor(0.0058, device='cuda:2'), tensor(0.0058, device='cuda:2'), tensor(0.0058, device='cuda:2'), tensor(0.0058, device='cuda:2'), tensor(0.0058, device='cuda:2'), tensor(0.0058, device='cuda:2'), tensor(0.0058, device='cuda:2'), tensor(0.0058, device='cuda:2'), tensor(0.0058, device='cuda:2'), tensor(0.0058, device='cuda:2'), tensor(0.0058, device='cuda:2')]"
5,"[tensor(0.0057, device='cuda:2'), tensor(0.0058, device='cuda:2'), tensor(0.0058, device='cuda:2'), tensor(0.0058, device='cuda:2'), tensor(0.0058, device='cuda:2'), tensor(0.0058, device='cuda:2'), tensor(0.0058, device='cuda:2'), tensor(0.0057, device='cuda:2'), tensor(0.0058, device='cuda:2'), tensor(0.0058, device='cuda:2'), tensor(0.0058, device='cuda:2'), tensor(0.0058, device='cuda:2'), tensor(0.0058, device='cuda:2'), tensor(0.0058, device='cuda:2'), tensor(0.0058, device='cuda:2'), tensor(0.0058, device='cuda:2'), tensor(0.0058, device='cuda:2'), tensor(0.0058, device='cuda:2'), tensor(0.0058, device='cuda:2'), tensor(0.0058, device='cuda:2'), tensor(0.0058, device='cuda:2'), tensor(0.0058, device='cuda:2'), tensor(0.0058, device='cuda:2'), tensor(0.0058, device='cuda:2'), tensor(0.0058, device='cuda:2')]"
6,"[tensor(0.0057, device='cuda:2'), tensor(0.0057, device='cuda:2'), tensor(0.0057, device='cuda:2'), tensor(0.0057, device='cuda:2'), tensor(0.0057, device='cuda:2'), tensor(0.0057, device='cuda:2'), tensor(0.0057, device='cuda:2'), tensor(0.0057, device='cuda:2'), tensor(0.0057, device='cuda:2'), tensor(0.0057, device='cuda:2'), tensor(0.0057, device='cuda:2'), tensor(0.0057, device='cuda:2'), tensor(0.0057, device='cuda:2'), tensor(0.0057, device='cuda:2'), tensor(0.0057, device='cuda:2'), tensor(0.0057, device='cuda:2'), tensor(0.0057, device='cuda:2'), tensor(0.0057, device='cuda:2'), tensor(0.0057, device='cuda:2'), tensor(0.0057, device='cuda:2'), tensor(0.0057, device='cuda:2'), tensor(0.0057, device='cuda:2'), tensor(0.0057, device='cuda:2'), tensor(0.0057, device='cuda:2'), tensor(0.0058, device='cuda:2')]"
7,"[tensor(0.0057, device='cuda:2'), tensor(0.0057, device='cuda:2'), tensor(0.0057, device='cuda:2'), tensor(0.0057, device='cuda:2'), tensor(0.0057, device='cuda:2'), tensor(0.0057, device='cuda:2'), tensor(0.0057, device='cuda:2'), tensor(0.0057, device='cuda:2'), tensor(0.0057, device='cuda:2'), tensor(0.0057, device='cuda:2'), tensor(0.0057, device='cuda:2'), tensor(0.0057, device='cuda:2'), tensor(0.0057, device='cuda:2'), tensor(0.0057, device='cuda:2'), tensor(0.0057, device='cuda:2'), tensor(0.0057, device='cuda:2'), tensor(0.0057, device='cuda:2'), tensor(0.0057, device='cuda:2'), tensor(0.0057, device='cuda:2'), tensor(0.0057, device='cuda:2'), tensor(0.0057, device='cuda:2'), tensor(0.0057, device='cuda:2'), tensor(0.0057, device='cuda:2'), tensor(0.0057, device='cuda:2'), tensor(0.0057, device='cuda:2')]"
8,"[tensor(0.0057, device='cuda:2'), tensor(0.0057, device='cuda:2'), tensor(0.0057, device='cuda:2'), tensor(0.0057, device='cuda:2'), tensor(0.0057, device='cuda:2'), tensor(0.0057, device='cuda:2'), tensor(0.0057, device='cuda:2'), tensor(0.0057, device='cuda:2'), tensor(0.0057, device='cuda:2'), tensor(0.0057, device='cuda:2'), tensor(0.0057, device='cuda:2'), tensor(0.0057, device='cuda:2'), tensor(0.0057, device='cuda:2'), tensor(0.0057, device='cuda:2'), tensor(0.0057, device='cuda:2'), tensor(0.0057, device='cuda:2'), tensor(0.0057, device='cuda:2'), tensor(0.0057, device='cuda:2'), tensor(0.0057, device='cuda:2'), tensor(0.0057, device='cuda:2'), tensor(0.0057, device='cuda:2'), tensor(0.0057, device='cuda:2'), tensor(0.0057, device='cuda:2'), tensor(0.0057, device='cuda:2'), tensor(0.0057, device='cuda:2')]"
9,"[tensor(0.0057, device='cuda:2'), tensor(0.0057, device='cuda:2'), tensor(0.0057, device='cuda:2'), tensor(0.0057, device='cuda:2'), tensor(0.0057, device='cuda:2'), tensor(0.0057, device='cuda:2'), tensor(0.0057, device='cuda:2'), tensor(0.0057, device='cuda:2'), tensor(0.0056, device='cuda:2'), tensor(0.0057, device='cuda:2'), tensor(0.0057, device='cuda:2'), tensor(0.0057, device='cuda:2'), tensor(0.0057, device='cuda:2'), tensor(0.0057, device='cuda:2'), tensor(0.0057, device='cuda:2'), tensor(0.0057, device='cuda:2'), tensor(0.0057, device='cuda:2'), tensor(0.0057, device='cuda:2'), tensor(0.0057, device='cuda:2'), tensor(0.0057, device='cuda:2'), tensor(0.0056, device='cuda:2'), tensor(0.0057, device='cuda:2'), tensor(0.0057, device='cuda:2'), tensor(0.0057, device='cuda:2'), tensor(0.0057, device='cuda:2')]"
10,"[tensor(0.0056, device='cuda:2'), tensor(0.0056, device='cuda:2'), tensor(0.0056, device='cuda:2'), tensor(0.0056, device='cuda:2'), tensor(0.0056, device='cuda:2'), tensor(0.0056, device='cuda:2'), tensor(0.0056, device='cuda:2'), tensor(0.0056, device='cuda:2'), tensor(0.0056, device='cuda:2'), tensor(0.0056, device='cuda:2'), tensor(0.0056, device='cuda:2'), tensor(0.0056, device='cuda:2'), tensor(0.0056, device='cuda:2'), tensor(0.0056, device='cuda:2'), tensor(0.0056, device='cuda:2'), tensor(0.0056, device='cuda:2'), tensor(0.0056, device='cuda:2'), tensor(0.0056, device='cuda:2'), tensor(0.0056, device='cuda:2'), tensor(0.0056, device='cuda:2'), tensor(0.0056, device='cuda:2'), tensor(0.0056, device='cuda:2'), tensor(0.0056, device='cuda:2'), tensor(0.0056, device='cuda:2'), tensor(0.0056, device='cuda:2')]"
11,"[tensor(0.0055, device='cuda:2'), tensor(0.0055, device='cuda:2'), tensor(0.0055, device='cuda:2'), tensor(0.0055, device='cuda:2'), tensor(0.0055, device='cuda:2'), tensor(0.0055, device='cuda:2'), tensor(0.0055, device='cuda:2'), tensor(0.0055, device='cuda:2'), tensor(0.0055, device='cuda:2'), tensor(0.0055, device='cuda:2'), tensor(0.0055, device='cuda:2'), tensor(0.0055, device='cuda:2'), tensor(0.0055, device='cuda:2'), tensor(0.0055, device='cuda:2'), tensor(0.0055, device='cuda:2'), tensor(0.0055, device='cuda:2'), tensor(0.0055, device='cuda:2'), tensor(0.0055, device='cuda:2'), tensor(0.0055, device='cuda:2'), tensor(0.0055, device='cuda:2'), tensor(0.0055, device='cuda:2'), tensor(0.0055, device='cuda:2'), tensor(0.0055, device='cuda:2'), tensor(0.0055, device='cuda:2'), tensor(0.0055, device='cuda:2')]"
12,"[tensor(0.0054, device='cuda:2'), tensor(0.0054, device='cuda:2'), tensor(0.0054, device='cuda:2'), tensor(0.0054, device='cuda:2'), tensor(0.0055, device='cuda:2'), tensor(0.0054, device='cuda:2'), tensor(0.0055, device='cuda:2'), tensor(0.0054, device='cuda:2'), tensor(0.0054, device='cuda:2'), tensor(0.0054, device='cuda:2'), tensor(0.0055, device='cuda:2'), tensor(0.0054, device='cuda:2'), tensor(0.0054, device='cuda:2'), tensor(0.0054, device='cuda:2'), tensor(0.0054, device='cuda:2'), tensor(0.0054, device='cuda:2'), tensor(0.0054, device='cuda:2'), tensor(0.0054, device='cuda:2'), tensor(0.0054, device='cuda:2'), tensor(0.0054, device='cuda:2'), tensor(0.0055, device='cuda:2'), tensor(0.0055, device='cuda:2'), tensor(0.0054, device='cuda:2'), tensor(0.0054, device='cuda:2'), tensor(0.0054, device='cuda:2')]"
13,"[tensor(0.0054, device='cuda:2'), tensor(0.0053, device='cuda:2'), tensor(0.0053, device='cuda:2'), tensor(0.0053, device='cuda:2'), tensor(0.0053, device='cuda:2'), tensor(0.0054, device='cuda:2'), tensor(0.0053, device='cuda:2'), tensor(0.0053, device='cuda:2'), tensor(0.0053, device='cuda:2'), tensor(0.0053, device='cuda:2'), tensor(0.0053, device='cuda:2'), tensor(0.0053, device='cuda:2'), tensor(0.0053, device='cuda:2'), tensor(0.0053, device='cuda:2'), tensor(0.0053, device='cuda:2'), tensor(0.0054, device='cuda:2'), tensor(0.0053, device='cuda:2'), tensor(0.0054, device='cuda:2'), tensor(0.0054, device='cuda:2'), tensor(0.0053, device='cuda:2'), tensor(0.0053, device='cuda:2'), tensor(0.0053, device='cuda:2'), tensor(0.0052, device='cuda:2'), tensor(0.0054, device='cuda:2'), tensor(0.0053, device='cuda:2')]"
14,"[tensor(0.0052, device='cuda:2'), tensor(0.0052, device='cuda:2'), tensor(0.0051, device='cuda:2'), tensor(0.0052, device='cuda:2'), tensor(0.0053, device='cuda:2'), tensor(0.0052, device='cuda:2'), tensor(0.0054, device='cuda:2'), tensor(0.0052, device='cuda:2'), tensor(0.0052, device='cuda:2'), tensor(0.0053, device='cuda:2'), tensor(0.0053, device='cuda:2'), tensor(0.0052, device='cuda:2'), tensor(0.0051, device='cuda:2'), tensor(0.0053, device='cuda:2'), tensor(0.0051, device='cuda:2'), tensor(0.0052, device='cuda:2'), tensor(0.0051, device='cuda:2'), tensor(0.0052, device='cuda:2'), tensor(0.0052, device='cuda:2'), tensor(0.0052, device='cuda:2'), tensor(0.0054, device='cuda:2'), tensor(0.0053, device='cuda:2'), tensor(0.0052, device='cuda:2'), tensor(0.0051, device='cuda:2'), tensor(0.0051, device='cuda:2')]"
15,"[tensor(0.0053, device='cuda:2'), tensor(0.0051, device='cuda:2'), tensor(0.0050, device='cuda:2'), tensor(0.0051, device='cuda:2'), tensor(0.0051, device='cuda:2'), tensor(0.0052, device='cuda:2'), tensor(0.0051, device='cuda:2'), tensor(0.0050, device='cuda:2'), tensor(0.0051, device='cuda:2'), tensor(0.0052, device='cuda:2'), tensor(0.0051, device='cuda:2'), tensor(0.0052, device='cuda:2'), tensor(0.0051, device='cuda:2'), tensor(0.0051, device='cuda:2'), tensor(0.0050, device='cuda:2'), tensor(0.0053, device='cuda:2'), tensor(0.0051, device='cuda:2'), tensor(0.0052, device='cuda:2'), tensor(0.0052, device='cuda:2'), tensor(0.0051, device='cuda:2'), tensor(0.0051, device='cuda:2'), tensor(0.0051, device='cuda:2'), tensor(0.0051, device='cuda:2'), tensor(0.0052, device='cuda:2'), tensor(0.0051, device='cuda:2')]"
16,"[tensor(0.0050, device='cuda:2'), tensor(0.0051, device='cuda:2'), tensor(0.0050, device='cuda:2'), tensor(0.0051, device='cuda:2'), tensor(0.0052, device='cuda:2'), tensor(0.0050, device='cuda:2'), tensor(0.0053, device='cuda:2'), tensor(0.0051, device='cuda:2'), tensor(0.0051, device='cuda:2'), tensor(0.0051, device='cuda:2'), tensor(0.0052, device='cuda:2'), tensor(0.0050, device='cuda:2'), tensor(0.0051, device='cuda:2'), tensor(0.0051, device='cuda:2'), tensor(0.0049, device='cuda:2'), tensor(0.0050, device='cuda:2'), tensor(0.0050, device='cuda:2'), tensor(0.0050, device='cuda:2'), tensor(0.0050, device='cuda:2'), tensor(0.0051, device='cuda:2'), tensor(0.0052, device='cuda:2'), tensor(0.0052, device='cuda:2'), tensor(0.0051, device='cuda:2'), tensor(0.0050, device='cuda:2'), tensor(0.0050, device='cuda:2')]"
17,"[tensor(0.0051, device='cuda:2'), tensor(0.0050, device='cuda:2'), tensor(0.0049, device='cuda:2'), tensor(0.0050, device='cuda:2'), tensor(0.0050, device='cuda:2'), tensor(0.0051, device='cuda:2'), tensor(0.0050, device='cuda:2'), tensor(0.0050, device='cuda:2'), tensor(0.0049, device='cuda:2'), tensor(0.0051, device='cuda:2'), tensor(0.0049, device='cuda:2'), tensor(0.0051, device='cuda:2'), tensor(0.0050, device='cuda:2'), tensor(0.0050, device='cuda:2'), tensor(0.0049, device='cuda:2'), tensor(0.0051, device='cuda:2'), tensor(0.0050, device='cuda:2'), tensor(0.0051, device='cuda:2'), tensor(0.0051, device='cuda:2'), tensor(0.0049, device='cuda:2'), tensor(0.0049, device='cuda:2'), tensor(0.0050, device='cuda:2'), tensor(0.0050, device='cuda:2'), tensor(0.0051, device='cuda:2'), tensor(0.0050, device='cuda:2')]"
18,"[tensor(0.0048, device='cuda:2'), tensor(0.0050, device='cuda:2'), tensor(0.0049, device='cuda:2'), tensor(0.0050, device='cuda:2'), tensor(0.0050, device='cuda:2'), tensor(0.0049, device='cuda:2'), tensor(0.0052, device='cuda:2'), tensor(0.0051, device='cuda:2'), tensor(0.0051, device='cuda:2'), tensor(0.0050, device='cuda:2'), tensor(0.0051, device='cuda:2'), tensor(0.0049, device='cuda:2'), tensor(0.0049, device='cuda:2'), tensor(0.0050, device='cuda:2'), tensor(0.0048, device='cuda:2'), tensor(0.0049, device='cuda:2'), tensor(0.0049, device='cuda:2'), tensor(0.0049, device='cuda:2'), tensor(0.0049, device='cuda:2'), tensor(0.0050, device='cuda:2'), tensor(0.0051, device='cuda:2'), tensor(0.0050, device='cuda:2'), tensor(0.0050, device='cuda:2'), tensor(0.0049, device='cuda:2'), tensor(0.0049, device='cuda:2')]"
19,"[tensor(0.0050, device='cuda:2'), tensor(0.0049, device='cuda:2'), tensor(0.0049, device='cuda:2'), tensor(0.0049, device='cuda:2'), tensor(0.0049, device='cuda:2'), tensor(0.0050, device='cuda:2'), tensor(0.0049, device='cuda:2'), tensor(0.0049, device='cuda:2'), tensor(0.0049, device='cuda:2'), tensor(0.0050, device='cuda:2'), tensor(0.0048, device='cuda:2'), tensor(0.0050, device='cuda:2'), tensor(0.0049, device='cuda:2'), tensor(0.0049, device='cuda:2'), tensor(0.0048, device='cuda:2'), tensor(0.0050, device='cuda:2'), tensor(0.0049, device='cuda:2'), tensor(0.0050, device='cuda:2'), tensor(0.0050, device='cuda:2'), tensor(0.0048, device='cuda:2'), tensor(0.0048, device='cuda:2'), tensor(0.0048, device='cuda:2'), tensor(0.0049, device='cuda:2'), tensor(0.0050, device='cuda:2'), tensor(0.0049, device='cuda:2')]"
20,"[tensor(0.0047, device='cuda:2'), tensor(0.0049, device='cuda:2'), tensor(0.0048, device='cuda:2'), tensor(0.0049, device='cuda:2'), tensor(0.0049, device='cuda:2'), tensor(0.0048, device='cuda:2'), tensor(0.0051, device='cuda:2'), tensor(0.0050, device='cuda:2'), tensor(0.0050, device='cuda:2'), tensor(0.0049, device='cuda:2'), tensor(0.0050, device='cuda:2'), tensor(0.0048, device='cuda:2'), tensor(0.0049, device='cuda:2'), tensor(0.0049, device='cuda:2'), tensor(0.0047, device='cuda:2'), tensor(0.0048, device='cuda:2'), tensor(0.0048, device='cuda:2'), tensor(0.0048, device='cuda:2'), tensor(0.0049, device='cuda:2'), tensor(0.0049, device='cuda:2'), tensor(0.0050, device='cuda:2'), tensor(0.0049, device='cuda:2'), tensor(0.0049, device='cuda:2'), tensor(0.0048, device='cuda:2'), tensor(0.0048, device='cuda:2')]"
21,"[tensor(0.0049, device='cuda:2'), tensor(0.0048, device='cuda:2'), tensor(0.0048, device='cuda:2'), tensor(0.0048, device='cuda:2'), tensor(0.0048, device='cuda:2'), tensor(0.0049, device='cuda:2'), tensor(0.0048, device='cuda:2'), tensor(0.0048, device='cuda:2'), tensor(0.0048, device='cuda:2'), tensor(0.0049, device='cuda:2'), tensor(0.0048, device='cuda:2'), tensor(0.0049, device='cuda:2'), tensor(0.0048, device='cuda:2'), tensor(0.0048, device='cuda:2'), tensor(0.0047, device='cuda:2'), tensor(0.0049, device='cuda:2'), tensor(0.0049, device='cuda:2'), tensor(0.0048, device='cuda:2'), tensor(0.0049, device='cuda:2'), tensor(0.0047, device='cuda:2'), tensor(0.0047, device='cuda:2'), tensor(0.0048, device='cuda:2'), tensor(0.0049, device='cuda:2'), tensor(0.0049, device='cuda:2'), tensor(0.0049, device='cuda:2')]"
22,"[tensor(0.0046, device='cuda:2'), tensor(0.0048, device='cuda:2'), tensor(0.0048, device='cuda:2'), tensor(0.0048, device='cuda:2'), tensor(0.0048, device='cuda:2'), tensor(0.0048, device='cuda:2'), tensor(0.0049, device='cuda:2'), tensor(0.0049, device='cuda:2'), tensor(0.0049, device='cuda:2'), tensor(0.0048, device='cuda:2'), tensor(0.0049, device='cuda:2'), tensor(0.0047, device='cuda:2'), tensor(0.0048, device='cuda:2'), tensor(0.0048, device='cuda:2'), tensor(0.0046, device='cuda:2'), tensor(0.0047, device='cuda:2'), tensor(0.0047, device='cuda:2'), tensor(0.0047, device='cuda:2'), tensor(0.0048, device='cuda:2'), tensor(0.0048, device='cuda:2'), tensor(0.0049, device='cuda:2'), tensor(0.0049, device='cuda:2'), tensor(0.0048, device='cuda:2'), tensor(0.0047, device='cuda:2'), tensor(0.0048, device='cuda:2')]"
23,"[tensor(0.0048, device='cuda:2'), tensor(0.0047, device='cuda:2'), tensor(0.0047, device='cuda:2'), tensor(0.0047, device='cuda:2'), tensor(0.0048, device='cuda:2'), tensor(0.0049, device='cuda:2'), tensor(0.0048, device='cuda:2'), tensor(0.0048, device='cuda:2'), tensor(0.0047, device='cuda:2'), tensor(0.0048, device='cuda:2'), tensor(0.0047, device='cuda:2'), tensor(0.0048, device='cuda:2'), tensor(0.0047, device='cuda:2'), tensor(0.0047, device='cuda:2'), tensor(0.0047, device='cuda:2'), tensor(0.0048, device='cuda:2'), tensor(0.0048, device='cuda:2'), tensor(0.0047, device='cuda:2'), tensor(0.0048, device='cuda:2'), tensor(0.0047, device='cuda:2'), tensor(0.0047, device='cuda:2'), tensor(0.0047, device='cuda:2'), tensor(0.0048, device='cuda:2'), tensor(0.0048, device='cuda:2'), tensor(0.0048, device='cuda:2')]"
24,"[tensor(0.0046, device='cuda:2'), tensor(0.0047, device='cuda:2'), tensor(0.0047, device='cuda:2'), tensor(0.0047, device='cuda:2'), tensor(0.0048, device='cuda:2'), tensor(0.0047, device='cuda:2'), tensor(0.0049, device='cuda:2'), tensor(0.0048, device='cuda:2'), tensor(0.0048, device='cuda:2'), tensor(0.0047, device='cuda:2'), tensor(0.0048, device='cuda:2'), tensor(0.0047, device='cuda:2'), tensor(0.0047, device='cuda:2'), tensor(0.0047, device='cuda:2'), tensor(0.0045, device='cuda:2'), tensor(0.0047, device='cuda:2'), tensor(0.0047, device='cuda:2'), tensor(0.0047, device='cuda:2'), tensor(0.0048, device='cuda:2'), tensor(0.0047, device='cuda:2'), tensor(0.0048, device='cuda:2'), tensor(0.0048, device='cuda:2'), tensor(0.0047, device='cuda:2'), tensor(0.0047, device='cuda:2'), tensor(0.0047, device='cuda:2')]"
25,"[tensor(0.0047, device='cuda:2'), tensor(0.0049, device='cuda:2'), tensor(0.0049, device='cuda:2'), tensor(0.0047, device='cuda:2'), tensor(0.0048, device='cuda:2'), tensor(0.0048, device='cuda:2'), tensor(0.0047, device='cuda:2'), tensor(0.0049, device='cuda:2'), tensor(0.0047, device='cuda:2'), tensor(0.0048, device='cuda:2'), tensor(0.0046, device='cuda:2'), tensor(0.0047, device='cuda:2'), tensor(0.0046, device='cuda:2'), tensor(0.0047, device='cuda:2'), tensor(0.0047, device='cuda:2'), tensor(0.0047, device='cuda:2'), tensor(0.0047, device='cuda:2'), tensor(0.0046, device='cuda:2'), tensor(0.0047, device='cuda:2'), tensor(0.0049, device='cuda:2'), tensor(0.0046, device='cuda:2'), tensor(0.0047, device='cuda:2'), tensor(0.0047, device='cuda:2'), tensor(0.0047, device='cuda:2'), tensor(0.0047, device='cuda:2')]"
26,"[tensor(0.0046, device='cuda:2'), tensor(0.0051, device='cuda:2'), tensor(0.0051, device='cuda:2'), tensor(0.0047, device='cuda:2'), tensor(0.0047, device='cuda:2'), tensor(0.0047, device='cuda:2'), tensor(0.0049, device='cuda:2'), tensor(0.0050, device='cuda:2'), tensor(0.0048, device='cuda:2'), tensor(0.0047, device='cuda:2'), tensor(0.0048, device='cuda:2'), tensor(0.0047, device='cuda:2'), tensor(0.0047, device='cuda:2'), tensor(0.0047, device='cuda:2'), tensor(0.0049, device='cuda:2'), tensor(0.0047, device='cuda:2'), tensor(0.0047, device='cuda:2'), tensor(0.0047, device='cuda:2'), tensor(0.0048, device='cuda:2'), tensor(0.0050, device='cuda:2'), tensor(0.0047, device='cuda:2'), tensor(0.0048, device='cuda:2'), tensor(0.0047, device='cuda:2'), tensor(0.0047, device='cuda:2'), tensor(0.0047, device='cuda:2')]"
27,"[tensor(0.0049, device='cuda:2'), tensor(0.0052, device='cuda:2'), tensor(0.0052, device='cuda:2'), tensor(0.0048, device='cuda:2'), tensor(0.0048, device='cuda:2'), tensor(0.0048, device='cuda:2'), tensor(0.0048, device='cuda:2'), tensor(0.0052, device='cuda:2'), tensor(0.0047, device='cuda:2'), tensor(0.0049, device='cuda:2'), tensor(0.0047, device='cuda:2'), tensor(0.0048, device='cuda:2'), tensor(0.0047, device='cuda:2'), tensor(0.0047, device='cuda:2'), tensor(0.0051, device='cuda:2'), tensor(0.0048, device='cuda:2'), tensor(0.0047, device='cuda:2'), tensor(0.0047, device='cuda:2'), tensor(0.0048, device='cuda:2'), tensor(0.0052, device='cuda:2'), tensor(0.0047, device='cuda:2'), tensor(0.0047, device='cuda:2'), tensor(0.0049, device='cuda:2'), tensor(0.0048, device='cuda:2'), tensor(0.0048, device='cuda:2')]"
28,"[tensor(0.0047, device='cuda:2'), tensor(0.0053, device='cuda:2'), tensor(0.0053, device='cuda:2'), tensor(0.0048, device='cuda:2'), tensor(0.0048, device='cuda:2'), tensor(0.0049, device='cuda:2'), tensor(0.0050, device='cuda:2'), tensor(0.0053, device='cuda:2'), tensor(0.0050, device='cuda:2'), tensor(0.0049, device='cuda:2'), tensor(0.0048, device='cuda:2'), tensor(0.0048, device='cuda:2'), tensor(0.0049, device='cuda:2'), tensor(0.0048, device='cuda:2'), tensor(0.0052, device='cuda:2'), tensor(0.0048, device='cuda:2'), tensor(0.0048, device='cuda:2'), tensor(0.0048, device='cuda:2'), tensor(0.0049, device='cuda:2'), tensor(0.0053, device='cuda:2'), tensor(0.0048, device='cuda:2'), tensor(0.0049, device='cuda:2'), tensor(0.0048, device='cuda:2'), tensor(0.0049, device='cuda:2'), tensor(0.0049, device='cuda:2')]"
29,"[tensor(0.0050, device='cuda:2'), tensor(0.0054, device='cuda:2'), tensor(0.0054, device='cuda:2'), tensor(0.0049, device='cuda:2'), tensor(0.0050, device='cuda:2'), tensor(0.0050, device='cuda:2'), tensor(0.0050, device='cuda:2'), tensor(0.0054, device='cuda:2'), tensor(0.0050, device='cuda:2'), tensor(0.0050, device='cuda:2'), tensor(0.0049, device='cuda:2'), tensor(0.0050, device='cuda:2'), tensor(0.0049, device='cuda:2'), tensor(0.0049, device='cuda:2'), tensor(0.0054, device='cuda:2'), tensor(0.0050, device='cuda:2'), tensor(0.0049, device='cuda:2'), tensor(0.0049, device='cuda:2'), tensor(0.0050, device='cuda:2'), tensor(0.0053, device='cuda:2'), tensor(0.0048, device='cuda:2'), tensor(0.0049, device='cuda:2'), tensor(0.0050, device='cuda:2'), tensor(0.0050, device='cuda:2'), tensor(0.0050, device='cuda:2')]"
30,"[tensor(0.0050, device='cuda:2'), tensor(0.0055, device='cuda:2'), tensor(0.0055, device='cuda:2'), tensor(0.0050, device='cuda:2'), tensor(0.0050, device='cuda:2'), tensor(0.0050, device='cuda:2'), tensor(0.0052, device='cuda:2'), tensor(0.0054, device='cuda:2'), tensor(0.0050, device='cuda:2'), tensor(0.0051, device='cuda:2'), tensor(0.0051, device='cuda:2'), tensor(0.0050, device='cuda:2'), tensor(0.0050, device='cuda:2'), tensor(0.0050, device='cuda:2'), tensor(0.0053, device='cuda:2'), tensor(0.0050, device='cuda:2'), tensor(0.0050, device='cuda:2'), tensor(0.0050, device='cuda:2'), tensor(0.0050, device='cuda:2'), tensor(0.0055, device='cuda:2'), tensor(0.0049, device='cuda:2'), tensor(0.0050, device='cuda:2'), tensor(0.0051, device='cuda:2'), tensor(0.0050, device='cuda:2'), tensor(0.0051, device='cuda:2')]"
31,"[tensor(0.0051, device='cuda:2'), tensor(0.0054, device='cuda:2'), tensor(0.0054, device='cuda:2'), tensor(0.0050, device='cuda:2'), tensor(0.0051, device='cuda:2'), tensor(0.0052, device='cuda:2'), tensor(0.0051, device='cuda:2'), tensor(0.0055, device='cuda:2'), tensor(0.0052, device='cuda:2'), tensor(0.0051, device='cuda:2'), tensor(0.0050, device='cuda:2'), tensor(0.0052, device='cuda:2'), tensor(0.0051, device='cuda:2'), tensor(0.0050, device='cuda:2'), tensor(0.0054, device='cuda:2'), tensor(0.0051, device='cuda:2'), tensor(0.0051, device='cuda:2'), tensor(0.0051, device='cuda:2'), tensor(0.0052, device='cuda:2'), tensor(0.0054, device='cuda:2'), tensor(0.0050, device='cuda:2'), tensor(0.0051, device='cuda:2'), tensor(0.0051, device='cuda:2'), tensor(0.0052, device='cuda:2'), tensor(0.0051, device='cuda:2')]"
32,"[tensor(0.0051, device='cuda:2'), tensor(0.0055, device='cuda:2'), tensor(0.0055, device='cuda:2'), tensor(0.0051, device='cuda:2'), tensor(0.0051, device='cuda:2'), tensor(0.0051, device='cuda:2'), tensor(0.0053, device='cuda:2'), tensor(0.0056, device='cuda:2'), tensor(0.0051, device='cuda:2'), tensor(0.0052, device='cuda:2'), tensor(0.0052, device='cuda:2'), tensor(0.0051, device='cuda:2'), tensor(0.0051, device='cuda:2'), tensor(0.0052, device='cuda:2'), tensor(0.0053, device='cuda:2'), tensor(0.0051, device='cuda:2'), tensor(0.0051, device='cuda:2'), tensor(0.0051, device='cuda:2'), tensor(0.0051, device='cuda:2'), tensor(0.0055, device='cuda:2'), tensor(0.0052, device='cuda:2'), tensor(0.0051, device='cuda:2'), tensor(0.0052, device='cuda:2'), tensor(0.0051, device='cuda:2'), tensor(0.0052, device='cuda:2')]"
33,"[tensor(0.0052, device='cuda:2'), tensor(0.0054, device='cuda:2'), tensor(0.0054, device='cuda:2'), tensor(0.0051, device='cuda:2'), tensor(0.0051, device='cuda:2'), tensor(0.0053, device='cuda:2'), tensor(0.0052, device='cuda:2'), tensor(0.0055, device='cuda:2'), tensor(0.0053, device='cuda:2'), tensor(0.0052, device='cuda:2'), tensor(0.0051, device='cuda:2'), tensor(0.0053, device='cuda:2'), tensor(0.0051, device='cuda:2'), tensor(0.0051, device='cuda:2'), tensor(0.0054, device='cuda:2'), tensor(0.0052, device='cuda:2'), tensor(0.0052, device='cuda:2'), tensor(0.0052, device='cuda:2'), tensor(0.0052, device='cuda:2'), tensor(0.0054, device='cuda:2'), tensor(0.0051, device='cuda:2'), tensor(0.0052, device='cuda:2'), tensor(0.0052, device='cuda:2'), tensor(0.0052, device='cuda:2'), tensor(0.0052, device='cuda:2')]"
34,"[tensor(0.0052, device='cuda:2'), tensor(0.0055, device='cuda:2'), tensor(0.0055, device='cuda:2'), tensor(0.0052, device='cuda:2'), tensor(0.0052, device='cuda:2'), tensor(0.0051, device='cuda:2'), tensor(0.0054, device='cuda:2'), tensor(0.0056, device='cuda:2'), tensor(0.0052, device='cuda:2'), tensor(0.0053, device='cuda:2'), tensor(0.0053, device='cuda:2'), tensor(0.0051, device='cuda:2'), tensor(0.0052, device='cuda:2'), tensor(0.0053, device='cuda:2'), tensor(0.0053, device='cuda:2'), tensor(0.0051, device='cuda:2'), tensor(0.0051, device='cuda:2'), tensor(0.0051, device='cuda:2'), tensor(0.0052, device='cuda:2'), tensor(0.0055, device='cuda:2'), tensor(0.0053, device='cuda:2'), tensor(0.0052, device='cuda:2'), tensor(0.0052, device='cuda:2'), tensor(0.0051, device='cuda:2'), tensor(0.0052, device='cuda:2')]"
35,"[tensor(0.0052, device='cuda:2'), tensor(0.0054, device='cuda:2'), tensor(0.0054, device='cuda:2'), tensor(0.0052, device='cuda:2'), tensor(0.0052, device='cuda:2'), tensor(0.0054, device='cuda:2'), tensor(0.0052, device='cuda:2'), tensor(0.0055, device='cuda:2'), tensor(0.0054, device='cuda:2'), tensor(0.0052, device='cuda:2'), tensor(0.0051, device='cuda:2'), tensor(0.0053, device='cuda:2'), tensor(0.0052, device='cuda:2'), tensor(0.0051, device='cuda:2'), tensor(0.0054, device='cuda:2'), tensor(0.0054, device='cuda:2'), tensor(0.0052, device='cuda:2'), tensor(0.0053, device='cuda:2'), tensor(0.0053, device='cuda:2'), tensor(0.0054, device='cuda:2'), tensor(0.0051, device='cuda:2'), tensor(0.0052, device='cuda:2'), tensor(0.0052, device='cuda:2'), tensor(0.0053, device='cuda:2'), tensor(0.0052, device='cuda:2')]"
36,"[tensor(0.0052, device='cuda:2'), tensor(0.0055, device='cuda:2'), tensor(0.0055, device='cuda:2'), tensor(0.0053, device='cuda:2'), tensor(0.0052, device='cuda:2'), tensor(0.0052, device='cuda:2'), tensor(0.0054, device='cuda:2'), tensor(0.0056, device='cuda:2'), tensor(0.0052, device='cuda:2'), tensor(0.0053, device='cuda:2'), tensor(0.0054, device='cuda:2'), tensor(0.0052, device='cuda:2'), tensor(0.0052, device='cuda:2'), tensor(0.0053, device='cuda:2'), tensor(0.0053, device='cuda:2'), tensor(0.0052, device='cuda:2'), tensor(0.0052, device='cuda:2'), tensor(0.0052, device='cuda:2'), tensor(0.0052, device='cuda:2'), tensor(0.0055, device='cuda:2'), tensor(0.0054, device='cuda:2'), tensor(0.0053, device='cuda:2'), tensor(0.0053, device='cuda:2'), tensor(0.0052, device='cuda:2'), tensor(0.0052, device='cuda:2')]"
37,"[tensor(0.0053, device='cuda:2'), tensor(0.0054, device='cuda:2'), tensor(0.0054, device='cuda:2'), tensor(0.0052, device='cuda:2'), tensor(0.0052, device='cuda:2'), tensor(0.0054, device='cuda:2'), tensor(0.0052, device='cuda:2'), tensor(0.0055, device='cuda:2'), tensor(0.0054, device='cuda:2'), tensor(0.0053, device='cuda:2'), tensor(0.0052, device='cuda:2'), tensor(0.0054, device='cuda:2'), tensor(0.0053, device='cuda:2'), tensor(0.0052, device='cuda:2'), tensor(0.0054, device='cuda:2'), tensor(0.0054, device='cuda:2'), tensor(0.0052, device='cuda:2'), tensor(0.0054, device='cuda:2'), tensor(0.0054, device='cuda:2'), tensor(0.0054, device='cuda:2'), tensor(0.0052, device='cuda:2'), tensor(0.0052, device='cuda:2'), tensor(0.0053, device='cuda:2'), tensor(0.0054, device='cuda:2'), tensor(0.0053, device='cuda:2')]"
38,"[tensor(0.0052, device='cuda:2'), tensor(0.0055, device='cuda:2'), tensor(0.0055, device='cuda:2'), tensor(0.0054, device='cuda:2'), tensor(0.0053, device='cuda:2'), tensor(0.0052, device='cuda:2'), tensor(0.0055, device='cuda:2'), tensor(0.0056, device='cuda:2'), tensor(0.0052, device='cuda:2'), tensor(0.0054, device='cuda:2'), tensor(0.0054, device='cuda:2'), tensor(0.0052, device='cuda:2'), tensor(0.0053, device='cuda:2'), tensor(0.0054, device='cuda:2'), tensor(0.0053, device='cuda:2'), tensor(0.0052, device='cuda:2'), tensor(0.0052, device='cuda:2'), tensor(0.0052, device='cuda:2'), tensor(0.0053, device='cuda:2'), tensor(0.0055, device='cuda:2'), tensor(0.0054, device='cuda:2'), tensor(0.0054, device='cuda:2'), tensor(0.0054, device='cuda:2'), tensor(0.0052, device='cuda:2'), tensor(0.0053, device='cuda:2')]"
39,"[tensor(0.0054, device='cuda:2'), tensor(0.0055, device='cuda:2'), tensor(0.0054, device='cuda:2'), tensor(0.0052, device='cuda:2'), tensor(0.0053, device='cuda:2'), tensor(0.0055, device='cuda:2'), tensor(0.0053, device='cuda:2'), tensor(0.0055, device='cuda:2'), tensor(0.0054, device='cuda:2'), tensor(0.0053, device='cuda:2'), tensor(0.0052, device='cuda:2'), tensor(0.0055, device='cuda:2'), tensor(0.0053, device='cuda:2'), tensor(0.0052, device='cuda:2'), tensor(0.0054, device='cuda:2'), tensor(0.0054, device='cuda:2'), tensor(0.0053, device='cuda:2'), tensor(0.0054, device='cuda:2'), tensor(0.0054, device='cuda:2'), tensor(0.0054, device='cuda:2'), tensor(0.0052, device='cuda:2'), tensor(0.0053, device='cuda:2'), tensor(0.0053, device='cuda:2'), tensor(0.0054, device='cuda:2'), tensor(0.0053, device='cuda:2')]"
40,"[tensor(0.0052, device='cuda:2'), tensor(0.0055, device='cuda:2'), tensor(0.0055, device='cuda:2'), tensor(0.0054, device='cuda:2'), tensor(0.0053, device='cuda:2'), tensor(0.0053, device='cuda:2'), tensor(0.0055, device='cuda:2'), tensor(0.0056, device='cuda:2'), tensor(0.0052, device='cuda:2'), tensor(0.0055, device='cuda:2'), tensor(0.0054, device='cuda:2'), tensor(0.0053, device='cuda:2'), tensor(0.0053, device='cuda:2'), tensor(0.0054, device='cuda:2'), tensor(0.0053, device='cuda:2'), tensor(0.0052, device='cuda:2'), tensor(0.0053, device='cuda:2'), tensor(0.0053, device='cuda:2'), tensor(0.0053, device='cuda:2'), tensor(0.0055, device='cuda:2'), tensor(0.0054, device='cuda:2'), tensor(0.0054, device='cuda:2'), tensor(0.0054, device='cuda:2'), tensor(0.0053, device='cuda:2'), tensor(0.0053, device='cuda:2')]"
41,"[tensor(0.0054, device='cuda:2'), tensor(0.0055, device='cuda:2'), tensor(0.0054, device='cuda:2'), tensor(0.0053, device='cuda:2'), tensor(0.0053, device='cuda:2'), tensor(0.0055, device='cuda:2'), tensor(0.0053, device='cuda:2'), tensor(0.0055, device='cuda:2'), tensor(0.0055, device='cuda:2'), tensor(0.0053, device='cuda:2'), tensor(0.0052, device='cuda:2'), tensor(0.0055, device='cuda:2'), tensor(0.0053, device='cuda:2'), tensor(0.0053, device='cuda:2'), tensor(0.0054, device='cuda:2'), tensor(0.0055, device='cuda:2'), tensor(0.0053, device='cuda:2'), tensor(0.0054, device='cuda:2'), tensor(0.0055, device='cuda:2'), tensor(0.0054, device='cuda:2'), tensor(0.0052, device='cuda:2'), tensor(0.0053, device='cuda:2'), tensor(0.0053, device='cuda:2'), tensor(0.0055, device='cuda:2'), tensor(0.0054, device='cuda:2')]"
42,"[tensor(0.0053, device='cuda:2'), tensor(0.0055, device='cuda:2'), tensor(0.0055, device='cuda:2'), tensor(0.0055, device='cuda:2'), tensor(0.0054, device='cuda:2'), tensor(0.0053, device='cuda:2'), tensor(0.0055, device='cuda:2'), tensor(0.0056, device='cuda:2'), tensor(0.0053, device='cuda:2'), tensor(0.0055, device='cuda:2'), tensor(0.0054, device='cuda:2'), tensor(0.0053, device='cuda:2'), tensor(0.0053, device='cuda:2'), tensor(0.0054, device='cuda:2'), tensor(0.0054, device='cuda:2'), tensor(0.0053, device='cuda:2'), tensor(0.0053, device='cuda:2'), tensor(0.0053, device='cuda:2'), tensor(0.0053, device='cuda:2'), tensor(0.0055, device='cuda:2'), tensor(0.0055, device='cuda:2'), tensor(0.0054, device='cuda:2'), tensor(0.0055, device='cuda:2'), tensor(0.0053, device='cuda:2'), tensor(0.0053, device='cuda:2')]"
43,"[tensor(0.0054, device='cuda:2'), tensor(0.0055, device='cuda:2'), tensor(0.0054, device='cuda:2'), tensor(0.0053, device='cuda:2'), tensor(0.0053, device='cuda:2'), tensor(0.0055, device='cuda:2'), tensor(0.0053, device='cuda:2'), tensor(0.0055, device='cuda:2'), tensor(0.0055, device='cuda:2'), tensor(0.0053, device='cuda:2'), tensor(0.0053, device='cuda:2'), tensor(0.0055, device='cuda:2'), tensor(0.0053, device='cuda:2'), tensor(0.0053, device='cuda:2'), tensor(0.0055, device='cuda:2'), tensor(0.0055, device='cuda:2'), tensor(0.0054, device='cuda:2'), tensor(0.0055, device='cuda:2'), tensor(0.0055, device='cuda:2'), tensor(0.0054, device='cuda:2'), tensor(0.0053, device='cuda:2'), tensor(0.0053, device='cuda:2'), tensor(0.0053, device='cuda:2'), tensor(0.0055, device='cuda:2'), tensor(0.0054, device='cuda:2')]"
44,"[tensor(0.0053, device='cuda:2'), tensor(0.0055, device='cuda:2'), tensor(0.0055, device='cuda:2'), tensor(0.0055, device='cuda:2'), tensor(0.0054, device='cuda:2'), tensor(0.0053, device='cuda:2'), tensor(0.0055, device='cuda:2'), tensor(0.0056, device='cuda:2'), tensor(0.0053, device='cuda:2'), tensor(0.0055, device='cuda:2'), tensor(0.0054, device='cuda:2'), tensor(0.0053, device='cuda:2'), tensor(0.0054, device='cuda:2'), tensor(0.0054, device='cuda:2'), tensor(0.0054, device='cuda:2'), tensor(0.0053, device='cuda:2'), tensor(0.0053, device='cuda:2'), tensor(0.0053, device='cuda:2'), tensor(0.0053, device='cuda:2'), tensor(0.0055, device='cuda:2'), tensor(0.0055, device='cuda:2'), tensor(0.0055, device='cuda:2'), tensor(0.0055, device='cuda:2'), tensor(0.0053, device='cuda:2'), tensor(0.0053, device='cuda:2')]"
45,"[tensor(0.0055, device='cuda:2'), tensor(0.0055, device='cuda:2'), tensor(0.0054, device='cuda:2'), tensor(0.0053, device='cuda:2'), tensor(0.0053, device='cuda:2'), tensor(0.0055, device='cuda:2'), tensor(0.0053, device='cuda:2'), tensor(0.0055, device='cuda:2'), tensor(0.0055, device='cuda:2'), tensor(0.0053, device='cuda:2'), tensor(0.0053, device='cuda:2'), tensor(0.0055, device='cuda:2'), tensor(0.0054, device='cuda:2'), tensor(0.0053, device='cuda:2'), tensor(0.0055, device='cuda:2'), tensor(0.0055, device='cuda:2'), tensor(0.0055, device='cuda:2'), tensor(0.0055, device='cuda:2'), tensor(0.0055, device='cuda:2'), tensor(0.0054, device='cuda:2'), tensor(0.0053, device='cuda:2'), tensor(0.0053, device='cuda:2'), tensor(0.0053, device='cuda:2'), tensor(0.0055, device='cuda:2'), tensor(0.0054, device='cuda:2')]"
46,"[tensor(0.0053, device='cuda:2'), tensor(0.0055, device='cuda:2'), tensor(0.0055, device='cuda:2'), tensor(0.0055, device='cuda:2'), tensor(0.0054, device='cuda:2'), tensor(0.0053, device='cuda:2'), tensor(0.0055, device='cuda:2'), tensor(0.0056, device='cuda:2'), tensor(0.0053, device='cuda:2'), tensor(0.0055, device='cuda:2'), tensor(0.0055, device='cuda:2'), tensor(0.0053, device='cuda:2'), tensor(0.0054, device='cuda:2'), tensor(0.0054, device='cuda:2'), tensor(0.0054, device='cuda:2'), tensor(0.0053, device='cuda:2'), tensor(0.0053, device='cuda:2'), tensor(0.0053, device='cuda:2'), tensor(0.0053, device='cuda:2'), tensor(0.0055, device='cuda:2'), tensor(0.0055, device='cuda:2'), tensor(0.0055, device='cuda:2'), tensor(0.0055, device='cuda:2'), tensor(0.0053, device='cuda:2'), tensor(0.0053, device='cuda:2')]"
47,"[tensor(0.0055, device='cuda:2'), tensor(0.0055, device='cuda:2'), tensor(0.0055, device='cuda:2'), tensor(0.0053, device='cuda:2'), tensor(0.0053, device='cuda:2'), tensor(0.0055, device='cuda:2'), tensor(0.0053, device='cuda:2'), tensor(0.0055, device='cuda:2'), tensor(0.0055, device='cuda:2'), tensor(0.0054, device='cuda:2'), tensor(0.0053, device='cuda:2'), tensor(0.0055, device='cuda:2'), tensor(0.0054, device='cuda:2'), tensor(0.0053, device='cuda:2'), tensor(0.0055, device='cuda:2'), tensor(0.0055, device='cuda:2'), tensor(0.0055, device='cuda:2'), tensor(0.0055, device='cuda:2'), tensor(0.0055, device='cuda:2'), tensor(0.0054, device='cuda:2'), tensor(0.0053, device='cuda:2'), tensor(0.0053, device='cuda:2'), tensor(0.0053, device='cuda:2'), tensor(0.0055, device='cuda:2'), tensor(0.0054, device='cuda:2')]"
48,"[tensor(0.0053, device='cuda:2'), tensor(0.0055, device='cuda:2'), tensor(0.0055, device='cuda:2'), tensor(0.0055, device='cuda:2'), tensor(0.0055, device='cuda:2'), tensor(0.0053, device='cuda:2'), tensor(0.0055, device='cuda:2'), tensor(0.0056, device='cuda:2'), tensor(0.0053, device='cuda:2'), tensor(0.0055, device='cuda:2'), tensor(0.0055, device='cuda:2'), tensor(0.0053, device='cuda:2'), tensor(0.0054, device='cuda:2'), tensor(0.0055, device='cuda:2'), tensor(0.0054, device='cuda:2'), tensor(0.0053, device='cuda:2'), tensor(0.0053, device='cuda:2'), tensor(0.0053, device='cuda:2'), tensor(0.0053, device='cuda:2'), tensor(0.0055, device='cuda:2'), tensor(0.0055, device='cuda:2'), tensor(0.0055, device='cuda:2'), tensor(0.0055, device='cuda:2'), tensor(0.0053, device='cuda:2'), tensor(0.0054, device='cuda:2')]"
49,"[tensor(0.0055, device='cuda:2'), tensor(0.0055, device='cuda:2'), tensor(0.0055, device='cuda:2'), tensor(0.0053, device='cuda:2'), tensor(0.0053, device='cuda:2'), tensor(0.0055, device='cuda:2'), tensor(0.0053, device='cuda:2'), tensor(0.0055, device='cuda:2'), tensor(0.0055, device='cuda:2'), tensor(0.0054, device='cuda:2'), tensor(0.0053, device='cuda:2'), tensor(0.0055, device='cuda:2'), tensor(0.0054, device='cuda:2'), tensor(0.0053, device='cuda:2'), tensor(0.0055, device='cuda:2'), tensor(0.0055, device='cuda:2'), tensor(0.0055, device='cuda:2'), tensor(0.0055, device='cuda:2'), tensor(0.0055, device='cuda:2'), tensor(0.0055, device='cuda:2'), tensor(0.0053, device='cuda:2'), tensor(0.0054, device='cuda:2'), tensor(0.0054, device='cuda:2'), tensor(0.0055, device='cuda:2'), tensor(0.0055, device='cuda:2')]"
50,"[tensor(0.0053, device='cuda:2'), tensor(0.0055, device='cuda:2'), tensor(0.0055, device='cuda:2'), tensor(0.0055, device='cuda:2'), tensor(0.0055, device='cuda:2'), tensor(0.0053, device='cuda:2'), tensor(0.0055, device='cuda:2'), tensor(0.0056, device='cuda:2'), tensor(0.0053, device='cuda:2'), tensor(0.0055, device='cuda:2'), tensor(0.0055, device='cuda:2'), tensor(0.0054, device='cuda:2'), tensor(0.0054, device='cuda:2'), tensor(0.0055, device='cuda:2'), tensor(0.0054, device='cuda:2'), tensor(0.0053, device='cuda:2'), tensor(0.0053, device='cuda:2'), tensor(0.0053, device='cuda:2'), tensor(0.0053, device='cuda:2'), tensor(0.0055, device='cuda:2'), tensor(0.0055, device='cuda:2'), tensor(0.0055, device='cuda:2'), tensor(0.0055, device='cuda:2'), tensor(0.0053, device='cuda:2'), tensor(0.0054, device='cuda:2')]"
51,"[tensor(0.0055, device='cuda:2'), tensor(0.0055, device='cuda:2'), tensor(0.0055, device='cuda:2'), tensor(0.0053, device='cuda:2'), tensor(0.0053, device='cuda:2'), tensor(0.0055, device='cuda:2'), tensor(0.0053, device='cuda:2'), tensor(0.0055, device='cuda:2'), tensor(0.0055, device='cuda:2'), tensor(0.0054, device='cuda:2'), tensor(0.0053, device='cuda:2'), tensor(0.0055, device='cuda:2'), tensor(0.0054, device='cuda:2'), tensor(0.0053, device='cuda:2'), tensor(0.0055, device='cuda:2'), tensor(0.0055, device='cuda:2'), tensor(0.0055, device='cuda:2'), tensor(0.0055, device='cuda:2'), tensor(0.0055, device='cuda:2'), tensor(0.0055, device='cuda:2'), tensor(0.0053, device='cuda:2'), tensor(0.0054, device='cuda:2'), tensor(0.0054, device='cuda:2'), tensor(0.0055, device='cuda:2'), tensor(0.0055, device='cuda:2')]"
52,"[tensor(0.0053, device='cuda:2'), tensor(0.0055, device='cuda:2'), tensor(0.0055, device='cuda:2'), tensor(0.0055, device='cuda:2'), tensor(0.0055, device='cuda:2'), tensor(0.0053, device='cuda:2'), tensor(0.0055, device='cuda:2'), tensor(0.0056, device='cuda:2'), tensor(0.0053, device='cuda:2'), tensor(0.0055, device='cuda:2'), tensor(0.0055, device='cuda:2'), tensor(0.0054, device='cuda:2'), tensor(0.0054, device='cuda:2'), tensor(0.0055, device='cuda:2'), tensor(0.0054, device='cuda:2'), tensor(0.0053, device='cuda:2'), tensor(0.0053, device='cuda:2'), tensor(0.0053, device='cuda:2'), tensor(0.0053, device='cuda:2'), tensor(0.0055, device='cuda:2'), tensor(0.0055, device='cuda:2'), tensor(0.0055, device='cuda:2'), tensor(0.0055, device='cuda:2'), tensor(0.0053, device='cuda:2'), tensor(0.0054, device='cuda:2')]"
53,"[tensor(0.0055, device='cuda:2'), tensor(0.0055, device='cuda:2'), tensor(0.0055, device='cuda:2'), tensor(0.0053, device='cuda:2'), tensor(0.0053, device='cuda:2'), tensor(0.0055, device='cuda:2'), tensor(0.0053, device='cuda:2'), tensor(0.0055, device='cuda:2'), tensor(0.0055, device='cuda:2'), tensor(0.0054, device='cuda:2'), tensor(0.0053, device='cuda:2'), tensor(0.0055, device='cuda:2'), tensor(0.0055, device='cuda:2'), tensor(0.0053, device='cuda:2'), tensor(0.0055, device='cuda:2'), tensor(0.0055, device='cuda:2'), tensor(0.0055, device='cuda:2'), tensor(0.0055, device='cuda:2'), tensor(0.0055, device='cuda:2'), tensor(0.0055, device='cuda:2'), tensor(0.0053, device='cuda:2'), tensor(0.0054, device='cuda:2'), tensor(0.0054, device='cuda:2'), tensor(0.0055, device='cuda:2'), tensor(0.0055, device='cuda:2')]"
54,"[tensor(0.0053, device='cuda:2'), tensor(0.0055, device='cuda:2'), tensor(0.0055, device='cuda:2'), tensor(0.0055, device='cuda:2'), tensor(0.0055, device='cuda:2'), tensor(0.0053, device='cuda:2'), tensor(0.0055, device='cuda:2'), tensor(0.0056, device='cuda:2'), tensor(0.0053, device='cuda:2'), tensor(0.0055, device='cuda:2'), tensor(0.0055, device='cuda:2'), tensor(0.0054, device='cuda:2'), tensor(0.0054, device='cuda:2'), tensor(0.0055, device='cuda:2'), tensor(0.0054, device='cuda:2'), tensor(0.0053, device='cuda:2'), tensor(0.0053, device='cuda:2'), tensor(0.0053, device='cuda:2'), tensor(0.0054, device='cuda:2'), tensor(0.0055, device='cuda:2'), tensor(0.0055, device='cuda:2'), tensor(0.0055, device='cuda:2'), tensor(0.0055, device='cuda:2'), tensor(0.0053, device='cuda:2'), tensor(0.0054, device='cuda:2')]"
55,"[tensor(0.0055, device='cuda:2'), tensor(0.0055, device='cuda:2'), tensor(0.0055, device='cuda:2'), tensor(0.0053, device='cuda:2'), tensor(0.0054, device='cuda:2'), tensor(0.0055, device='cuda:2'), tensor(0.0053, device='cuda:2'), tensor(0.0055, device='cuda:2'), tensor(0.0055, device='cuda:2'), tensor(0.0054, device='cuda:2'), tensor(0.0053, device='cuda:2'), tensor(0.0055, device='cuda:2'), tensor(0.0055, device='cuda:2'), tensor(0.0054, device='cuda:2'), tensor(0.0055, device='cuda:2'), tensor(0.0055, device='cuda:2'), tensor(0.0055, device='cuda:2'), tensor(0.0055, device='cuda:2'), tensor(0.0055, device='cuda:2'), tensor(0.0055, device='cuda:2'), tensor(0.0053, device='cuda:2'), tensor(0.0054, device='cuda:2'), tensor(0.0054, device='cuda:2'), tensor(0.0055, device='cuda:2'), tensor(0.0055, device='cuda:2')]"
56,"[tensor(0.0053, device='cuda:2'), tensor(0.0056, device='cuda:2'), tensor(0.0055, device='cuda:2'), tensor(0.0055, device='cuda:2'), tensor(0.0055, device='cuda:2'), tensor(0.0053, device='cuda:2'), tensor(0.0055, device='cuda:2'), tensor(0.0056, device='cuda:2'), tensor(0.0053, device='cuda:2'), tensor(0.0055, device='cuda:2'), tensor(0.0055, device='cuda:2'), tensor(0.0054, device='cuda:2'), tensor(0.0054, device='cuda:2'), tensor(0.0055, device='cuda:2'), tensor(0.0054, device='cuda:2'), tensor(0.0053, device='cuda:2'), tensor(0.0053, device='cuda:2'), tensor(0.0053, device='cuda:2'), tensor(0.0054, device='cuda:2'), tensor(0.0055, device='cuda:2'), tensor(0.0055, device='cuda:2'), tensor(0.0055, device='cuda:2'), tensor(0.0055, device='cuda:2'), tensor(0.0053, device='cuda:2'), tensor(0.0054, device='cuda:2')]"
57,"[tensor(0.0055, device='cuda:2'), tensor(0.0055, device='cuda:2'), tensor(0.0055, device='cuda:2'), tensor(0.0053, device='cuda:2'), tensor(0.0054, device='cuda:2'), tensor(0.0055, device='cuda:2'), tensor(0.0053, device='cuda:2'), tensor(0.0055, device='cuda:2'), tensor(0.0055, device='cuda:2'), tensor(0.0054, device='cuda:2'), tensor(0.0053, device='cuda:2'), tensor(0.0055, device='cuda:2'), tensor(0.0055, device='cuda:2'), tensor(0.0054, device='cuda:2'), tensor(0.0055, device='cuda:2'), tensor(0.0055, device='cuda:2'), tensor(0.0055, device='cuda:2'), tensor(0.0055, device='cuda:2'), tensor(0.0055, device='cuda:2'), tensor(0.0055, device='cuda:2'), tensor(0.0053, device='cuda:2'), tensor(0.0054, device='cuda:2'), tensor(0.0054, device='cuda:2'), tensor(0.0055, device='cuda:2'), tensor(0.0055, device='cuda:2')]"
58,"[tensor(0.0053, device='cuda:2'), tensor(0.0056, device='cuda:2'), tensor(0.0055, device='cuda:2'), tensor(0.0055, device='cuda:2'), tensor(0.0055, device='cuda:2'), tensor(0.0053, device='cuda:2'), tensor(0.0055, device='cuda:2'), tensor(0.0056, device='cuda:2'), tensor(0.0053, device='cuda:2'), tensor(0.0055, device='cuda:2'), tensor(0.0055, device='cuda:2'), tensor(0.0054, device='cuda:2'), tensor(0.0054, device='cuda:2'), tensor(0.0055, device='cuda:2'), tensor(0.0054, device='cuda:2'), tensor(0.0053, device='cuda:2'), tensor(0.0053, device='cuda:2'), tensor(0.0054, device='cuda:2'), tensor(0.0054, device='cuda:2'), tensor(0.0055, device='cuda:2'), tensor(0.0055, device='cuda:2'), tensor(0.0055, device='cuda:2'), tensor(0.0055, device='cuda:2'), tensor(0.0053, device='cuda:2'), tensor(0.0054, device='cuda:2')]"
59,"[tensor(0.0055, device='cuda:2'), tensor(0.0055, device='cuda:2'), tensor(0.0055, device='cuda:2'), tensor(0.0053, device='cuda:2'), tensor(0.0054, device='cuda:2'), tensor(0.0055, device='cuda:2'), tensor(0.0053, device='cuda:2'), tensor(0.0055, device='cuda:2'), tensor(0.0055, device='cuda:2'), tensor(0.0054, device='cuda:2'), tensor(0.0053, device='cuda:2'), tensor(0.0055, device='cuda:2'), tensor(0.0055, device='cuda:2'), tensor(0.0054, device='cuda:2'), tensor(0.0055, device='cuda:2'), tensor(0.0055, device='cuda:2'), tensor(0.0055, device='cuda:2'), tensor(0.0055, device='cuda:2'), tensor(0.0055, device='cuda:2'), tensor(0.0055, device='cuda:2'), tensor(0.0053, device='cuda:2'), tensor(0.0054, device='cuda:2'), tensor(0.0054, device='cuda:2'), tensor(0.0055, device='cuda:2'), tensor(0.0055, device='cuda:2')]"
60,"[tensor(0.0053, device='cuda:2'), tensor(0.0056, device='cuda:2'), tensor(0.0055, device='cuda:2'), tensor(0.0055, device='cuda:2'), tensor(0.0055, device='cuda:2'), tensor(0.0053, device='cuda:2'), tensor(0.0055, device='cuda:2'), tensor(0.0056, device='cuda:2'), tensor(0.0053, device='cuda:2'), tensor(0.0055, device='cuda:2'), tensor(0.0055, device='cuda:2'), tensor(0.0054, device='cuda:2'), tensor(0.0054, device='cuda:2'), tensor(0.0055, device='cuda:2'), tensor(0.0054, device='cuda:2'), tensor(0.0054, device='cuda:2'), tensor(0.0053, device='cuda:2'), tensor(0.0054, device='cuda:2'), tensor(0.0054, device='cuda:2'), tensor(0.0055, device='cuda:2'), tensor(0.0055, device='cuda:2'), tensor(0.0055, device='cuda:2'), tensor(0.0055, device='cuda:2'), tensor(0.0053, device='cuda:2'), tensor(0.0054, device='cuda:2')]"
61,"[tensor(0.0055, device='cuda:2'), tensor(0.0055, device='cuda:2'), tensor(0.0055, device='cuda:2'), tensor(0.0054, device='cuda:2'), tensor(0.0054, device='cuda:2'), tensor(0.0055, device='cuda:2'), tensor(0.0053, device='cuda:2'), tensor(0.0055, device='cuda:2'), tensor(0.0055, device='cuda:2'), tensor(0.0054, device='cuda:2'), tensor(0.0053, device='cuda:2'), tensor(0.0055, device='cuda:2'), tensor(0.0055, device='cuda:2'), tensor(0.0054, device='cuda:2'), tensor(0.0055, device='cuda:2'), tensor(0.0055, device='cuda:2'), tensor(0.0055, device='cuda:2'), tensor(0.0055, device='cuda:2'), tensor(0.0055, device='cuda:2'), tensor(0.0055, device='cuda:2'), tensor(0.0053, device='cuda:2'), tensor(0.0054, device='cuda:2'), tensor(0.0054, device='cuda:2'), tensor(0.0055, device='cuda:2'), tensor(0.0055, device='cuda:2')]"
62,"[tensor(0.0053, device='cuda:2'), tensor(0.0056, device='cuda:2'), tensor(0.0055, device='cuda:2'), tensor(0.0055, device='cuda:2'), tensor(0.0055, device='cuda:2'), tensor(0.0053, device='cuda:2'), tensor(0.0055, device='cuda:2'), tensor(0.0056, device='cuda:2'), tensor(0.0053, device='cuda:2'), tensor(0.0055, device='cuda:2'), tensor(0.0055, device='cuda:2'), tensor(0.0054, device='cuda:2'), tensor(0.0054, device='cuda:2'), tensor(0.0055, device='cuda:2'), tensor(0.0054, device='cuda:2'), tensor(0.0054, device='cuda:2'), tensor(0.0054, device='cuda:2'), tensor(0.0054, device='cuda:2'), tensor(0.0054, device='cuda:2'), tensor(0.0055, device='cuda:2'), tensor(0.0055, device='cuda:2'), tensor(0.0055, device='cuda:2'), tensor(0.0055, device='cuda:2'), tensor(0.0053, device='cuda:2'), tensor(0.0054, device='cuda:2')]"
63,"[tensor(0.0055, device='cuda:2'), tensor(0.0055, device='cuda:2'), tensor(0.0055, device='cuda:2'), tensor(0.0054, device='cuda:2'), tensor(0.0054, device='cuda:2'), tensor(0.0055, device='cuda:2'), tensor(0.0053, device='cuda:2'), tensor(0.0055, device='cuda:2'), tensor(0.0055, device='cuda:2'), tensor(0.0054, device='cuda:2'), tensor(0.0053, device='cuda:2'), tensor(0.0055, device='cuda:2'), tensor(0.0055, device='cuda:2'), tensor(0.0054, device='cuda:2'), tensor(0.0055, device='cuda:2'), tensor(0.0055, device='cuda:2'), tensor(0.0055, device='cuda:2'), tensor(0.0055, device='cuda:2'), tensor(0.0055, device='cuda:2'), tensor(0.0055, device='cuda:2'), tensor(0.0053, device='cuda:2'), tensor(0.0054, device='cuda:2'), tensor(0.0054, device='cuda:2'), tensor(0.0055, device='cuda:2'), tensor(0.0055, device='cuda:2')]"
64,"[tensor(0.0054, device='cuda:2'), tensor(0.0056, device='cuda:2'), tensor(0.0055, device='cuda:2'), tensor(0.0055, device='cuda:2'), tensor(0.0055, device='cuda:2'), tensor(0.0054, device='cuda:2'), tensor(0.0055, device='cuda:2'), tensor(0.0056, device='cuda:2'), tensor(0.0053, device='cuda:2'), tensor(0.0055, device='cuda:2'), tensor(0.0055, device='cuda:2'), tensor(0.0054, device='cuda:2'), tensor(0.0054, device='cuda:2'), tensor(0.0055, device='cuda:2'), tensor(0.0054, device='cuda:2'), tensor(0.0054, device='cuda:2'), tensor(0.0054, device='cuda:2'), tensor(0.0054, device='cuda:2'), tensor(0.0054, device='cuda:2'), tensor(0.0056, device='cuda:2'), tensor(0.0055, device='cuda:2'), tensor(0.0055, device='cuda:2'), tensor(0.0055, device='cuda:2'), tensor(0.0053, device='cuda:2'), tensor(0.0054, device='cuda:2')]"
65,"[tensor(0.0055, device='cuda:2'), tensor(0.0055, device='cuda:2'), tensor(0.0055, device='cuda:2'), tensor(0.0054, device='cuda:2'), tensor(0.0054, device='cuda:2'), tensor(0.0055, device='cuda:2'), tensor(0.0053, device='cuda:2'), tensor(0.0055, device='cuda:2'), tensor(0.0055, device='cuda:2'), tensor(0.0054, device='cuda:2'), tensor(0.0053, device='cuda:2'), tensor(0.0055, device='cuda:2'), tensor(0.0055, device='cuda:2'), tensor(0.0054, device='cuda:2'), tensor(0.0055, device='cuda:2'), tensor(0.0055, device='cuda:2'), tensor(0.0055, device='cuda:2'), tensor(0.0055, device='cuda:2'), tensor(0.0055, device='cuda:2'), tensor(0.0055, device='cuda:2'), tensor(0.0053, device='cuda:2'), tensor(0.0054, device='cuda:2'), tensor(0.0054, device='cuda:2'), tensor(0.0055, device='cuda:2'), tensor(0.0055, device='cuda:2')]"
66,"[tensor(0.0054, device='cuda:2'), tensor(0.0056, device='cuda:2'), tensor(0.0055, device='cuda:2'), tensor(0.0055, device='cuda:2'), tensor(0.0055, device='cuda:2'), tensor(0.0054, device='cuda:2'), tensor(0.0055, device='cuda:2'), tensor(0.0056, device='cuda:2'), tensor(0.0053, device='cuda:2'), tensor(0.0055, device='cuda:2'), tensor(0.0055, device='cuda:2'), tensor(0.0054, device='cuda:2'), tensor(0.0054, device='cuda:2'), tensor(0.0055, device='cuda:2'), tensor(0.0054, device='cuda:2'), tensor(0.0054, device='cuda:2'), tensor(0.0054, device='cuda:2'), tensor(0.0054, device='cuda:2'), tensor(0.0054, device='cuda:2'), tensor(0.0056, device='cuda:2'), tensor(0.0055, device='cuda:2'), tensor(0.0055, device='cuda:2'), tensor(0.0055, device='cuda:2'), tensor(0.0054, device='cuda:2'), tensor(0.0054, device='cuda:2')]"
67,"[tensor(0.0055, device='cuda:2'), tensor(0.0055, device='cuda:2'), tensor(0.0055, device='cuda:2'), tensor(0.0054, device='cuda:2'), tensor(0.0054, device='cuda:2'), tensor(0.0055, device='cuda:2'), tensor(0.0054, device='cuda:2'), tensor(0.0055, device='cuda:2'), tensor(0.0055, device='cuda:2'), tensor(0.0054, device='cuda:2'), tensor(0.0053, device='cuda:2'), tensor(0.0055, device='cuda:2'), tensor(0.0055, device='cuda:2'), tensor(0.0054, device='cuda:2'), tensor(0.0055, device='cuda:2'), tensor(0.0055, device='cuda:2'), tensor(0.0055, device='cuda:2'), tensor(0.0055, device='cuda:2'), tensor(0.0055, device='cuda:2'), tensor(0.0055, device='cuda:2'), tensor(0.0053, device='cuda:2'), tensor(0.0054, device='cuda:2'), tensor(0.0054, device='cuda:2'), tensor(0.0055, device='cuda:2'), tensor(0.0055, device='cuda:2')]"
68,"[tensor(0.0054, device='cuda:2'), tensor(0.0056, device='cuda:2'), tensor(0.0055, device='cuda:2'), tensor(0.0055, device='cuda:2'), tensor(0.0055, device='cuda:2'), tensor(0.0054, device='cuda:2'), tensor(0.0055, device='cuda:2'), tensor(0.0056, device='cuda:2'), tensor(0.0053, device='cuda:2'), tensor(0.0055, device='cuda:2'), tensor(0.0055, device='cuda:2'), tensor(0.0054, device='cuda:2'), tensor(0.0054, device='cuda:2'), tensor(0.0055, device='cuda:2'), tensor(0.0054, device='cuda:2'), tensor(0.0054, device='cuda:2'), tensor(0.0054, device='cuda:2'), tensor(0.0054, device='cuda:2'), tensor(0.0054, device='cuda:2'), tensor(0.0056, device='cuda:2'), tensor(0.0055, device='cuda:2'), tensor(0.0055, device='cuda:2'), tensor(0.0055, device='cuda:2'), tensor(0.0054, device='cuda:2'), tensor(0.0054, device='cuda:2')]"
69,"[tensor(0.0055, device='cuda:2'), tensor(0.0055, device='cuda:2'), tensor(0.0055, device='cuda:2'), tensor(0.0054, device='cuda:2'), tensor(0.0054, device='cuda:2'), tensor(0.0055, device='cuda:2'), tensor(0.0054, device='cuda:2'), tensor(0.0055, device='cuda:2'), tensor(0.0055, device='cuda:2'), tensor(0.0054, device='cuda:2'), tensor(0.0053, device='cuda:2'), tensor(0.0055, device='cuda:2'), tensor(0.0055, device='cuda:2'), tensor(0.0054, device='cuda:2'), tensor(0.0055, device='cuda:2'), tensor(0.0055, device='cuda:2'), tensor(0.0055, device='cuda:2'), tensor(0.0055, device='cuda:2'), tensor(0.0055, device='cuda:2'), tensor(0.0055, device='cuda:2'), tensor(0.0053, device='cuda:2'), tensor(0.0054, device='cuda:2'), tensor(0.0054, device='cuda:2'), tensor(0.0055, device='cuda:2'), tensor(0.0055, device='cuda:2')]"
70,"[tensor(0.0054, device='cuda:2'), tensor(0.0056, device='cuda:2'), tensor(0.0056, device='cuda:2'), tensor(0.0055, device='cuda:2'), tensor(0.0055, device='cuda:2'), tensor(0.0054, device='cuda:2'), tensor(0.0056, device='cuda:2'), tensor(0.0056, device='cuda:2'), tensor(0.0053, device='cuda:2'), tensor(0.0055, device='cuda:2'), tensor(0.0055, device='cuda:2'), tensor(0.0054, device='cuda:2'), tensor(0.0054, device='cuda:2'), tensor(0.0055, device='cuda:2'), tensor(0.0055, device='cuda:2'), tensor(0.0054, device='cuda:2'), tensor(0.0054, device='cuda:2'), tensor(0.0054, device='cuda:2'), tensor(0.0054, device='cuda:2'), tensor(0.0056, device='cuda:2'), tensor(0.0055, device='cuda:2'), tensor(0.0055, device='cuda:2'), tensor(0.0055, device='cuda:2'), tensor(0.0054, device='cuda:2'), tensor(0.0054, device='cuda:2')]"
71,"[tensor(0.0055, device='cuda:2'), tensor(0.0055, device='cuda:2'), tensor(0.0055, device='cuda:2'), tensor(0.0054, device='cuda:2'), tensor(0.0054, device='cuda:2'), tensor(0.0055, device='cuda:2'), tensor(0.0054, device='cuda:2'), tensor(0.0055, device='cuda:2'), tensor(0.0055, device='cuda:2'), tensor(0.0054, device='cuda:2'), tensor(0.0053, device='cuda:2'), tensor(0.0055, device='cuda:2'), tensor(0.0055, device='cuda:2'), tensor(0.0054, device='cuda:2'), tensor(0.0055, device='cuda:2'), tensor(0.0055, device='cuda:2'), tensor(0.0055, device='cuda:2'), tensor(0.0055, device='cuda:2'), tensor(0.0055, device='cuda:2'), tensor(0.0055, device='cuda:2'), tensor(0.0053, device='cuda:2'), tensor(0.0054, device='cuda:2'), tensor(0.0054, device='cuda:2'), tensor(0.0055, device='cuda:2'), tensor(0.0055, device='cuda:2')]"
72,"[tensor(0.0054, device='cuda:2'), tensor(0.0056, device='cuda:2'), tensor(0.0056, device='cuda:2'), tensor(0.0055, device='cuda:2'), tensor(0.0055, device='cuda:2'), tensor(0.0054, device='cuda:2'), tensor(0.0056, device='cuda:2'), tensor(0.0056, device='cuda:2'), tensor(0.0053, device='cuda:2'), tensor(0.0055, device='cuda:2'), tensor(0.0055, device='cuda:2'), tensor(0.0054, device='cuda:2'), tensor(0.0054, device='cuda:2'), tensor(0.0055, device='cuda:2'), tensor(0.0055, device='cuda:2'), tensor(0.0054, device='cuda:2'), tensor(0.0054, device='cuda:2'), tensor(0.0054, device='cuda:2'), tensor(0.0054, device='cuda:2'), tensor(0.0056, device='cuda:2'), tensor(0.0055, device='cuda:2'), tensor(0.0055, device='cuda:2'), tensor(0.0055, device='cuda:2'), tensor(0.0054, device='cuda:2'), tensor(0.0054, device='cuda:2')]"
73,"[tensor(0.0055, device='cuda:2'), tensor(0.0055, device='cuda:2'), tensor(0.0055, device='cuda:2'), tensor(0.0054, device='cuda:2'), tensor(0.0054, device='cuda:2'), tensor(0.0055, device='cuda:2'), tensor(0.0054, device='cuda:2'), tensor(0.0055, device='cuda:2'), tensor(0.0055, device='cuda:2'), tensor(0.0054, device='cuda:2'), tensor(0.0053, device='cuda:2'), tensor(0.0055, device='cuda:2'), tensor(0.0055, device='cuda:2'), tensor(0.0054, device='cuda:2'), tensor(0.0055, device='cuda:2'), tensor(0.0055, device='cuda:2'), tensor(0.0055, device='cuda:2'), tensor(0.0055, device='cuda:2'), tensor(0.0055, device='cuda:2'), tensor(0.0055, device='cuda:2'), tensor(0.0053, device='cuda:2'), tensor(0.0054, device='cuda:2'), tensor(0.0054, device='cuda:2'), tensor(0.0055, device='cuda:2'), tensor(0.0055, device='cuda:2')]"
74,"[tensor(0.0054, device='cuda:2'), tensor(0.0056, device='cuda:2'), tensor(0.0056, device='cuda:2'), tensor(0.0055, device='cuda:2'), tensor(0.0055, device='cuda:2'), tensor(0.0054, device='cuda:2'), tensor(0.0056, device='cuda:2'), tensor(0.0056, device='cuda:2'), tensor(0.0053, device='cuda:2'), tensor(0.0055, device='cuda:2'), tensor(0.0055, device='cuda:2'), tensor(0.0054, device='cuda:2'), tensor(0.0054, device='cuda:2'), tensor(0.0055, device='cuda:2'), tensor(0.0055, device='cuda:2'), tensor(0.0054, device='cuda:2'), tensor(0.0054, device='cuda:2'), tensor(0.0054, device='cuda:2'), tensor(0.0054, device='cuda:2'), tensor(0.0056, device='cuda:2'), tensor(0.0055, device='cuda:2'), tensor(0.0055, device='cuda:2'), tensor(0.0055, device='cuda:2'), tensor(0.0054, device='cuda:2'), tensor(0.0054, device='cuda:2')]"
75,"[tensor(0.0055, device='cuda:2'), tensor(0.0055, device='cuda:2'), tensor(0.0055, device='cuda:2'), tensor(0.0054, device='cuda:2'), tensor(0.0054, device='cuda:2'), tensor(0.0055, device='cuda:2'), tensor(0.0054, device='cuda:2'), tensor(0.0055, device='cuda:2'), tensor(0.0055, device='cuda:2'), tensor(0.0054, device='cuda:2'), tensor(0.0054, device='cuda:2'), tensor(0.0055, device='cuda:2'), tensor(0.0055, device='cuda:2'), tensor(0.0054, device='cuda:2'), tensor(0.0055, device='cuda:2'), tensor(0.0055, device='cuda:2'), tensor(0.0055, device='cuda:2'), tensor(0.0055, device='cuda:2'), tensor(0.0055, device='cuda:2'), tensor(0.0055, device='cuda:2'), tensor(0.0053, device='cuda:2'), tensor(0.0054, device='cuda:2'), tensor(0.0054, device='cuda:2'), tensor(0.0055, device='cuda:2'), tensor(0.0055, device='cuda:2')]"
76,"[tensor(0.0054, device='cuda:2'), tensor(0.0056, device='cuda:2'), tensor(0.0056, device='cuda:2'), tensor(0.0055, device='cuda:2'), tensor(0.0055, device='cuda:2'), tensor(0.0054, device='cuda:2'), tensor(0.0056, device='cuda:2'), tensor(0.0056, device='cuda:2'), tensor(0.0053, device='cuda:2'), tensor(0.0055, device='cuda:2'), tensor(0.0055, device='cuda:2'), tensor(0.0054, device='cuda:2'), tensor(0.0054, device='cuda:2'), tensor(0.0055, device='cuda:2'), tensor(0.0055, device='cuda:2'), tensor(0.0054, device='cuda:2'), tensor(0.0054, device='cuda:2'), tensor(0.0054, device='cuda:2'), tensor(0.0054, device='cuda:2'), tensor(0.0056, device='cuda:2'), tensor(0.0055, device='cuda:2'), tensor(0.0055, device='cuda:2'), tensor(0.0055, device='cuda:2'), tensor(0.0054, device='cuda:2'), tensor(0.0054, device='cuda:2')]"
77,"[tensor(0.0055, device='cuda:2'), tensor(0.0055, device='cuda:2'), tensor(0.0055, device='cuda:2'), tensor(0.0054, device='cuda:2'), tensor(0.0054, device='cuda:2'), tensor(0.0055, device='cuda:2'), tensor(0.0054, device='cuda:2'), tensor(0.0055, device='cuda:2'), tensor(0.0055, device='cuda:2'), tensor(0.0054, device='cuda:2'), tensor(0.0054, device='cuda:2'), tensor(0.0055, device='cuda:2'), tensor(0.0055, device='cuda:2'), tensor(0.0054, device='cuda:2'), tensor(0.0055, device='cuda:2'), tensor(0.0055, device='cuda:2'), tensor(0.0055, device='cuda:2'), tensor(0.0055, device='cuda:2'), tensor(0.0055, device='cuda:2'), tensor(0.0055, device='cuda:2'), tensor(0.0054, device='cuda:2'), tensor(0.0054, device='cuda:2'), tensor(0.0054, device='cuda:2'), tensor(0.0055, device='cuda:2'), tensor(0.0055, device='cuda:2')]"
78,"[tensor(0.0054, device='cuda:2'), tensor(0.0056, device='cuda:2'), tensor(0.0056, device='cuda:2'), tensor(0.0055, device='cuda:2'), tensor(0.0055, device='cuda:2'), tensor(0.0054, device='cuda:2'), tensor(0.0056, device='cuda:2'), tensor(0.0056, device='cuda:2'), tensor(0.0054, device='cuda:2'), tensor(0.0055, device='cuda:2'), tensor(0.0055, device='cuda:2'), tensor(0.0054, device='cuda:2'), tensor(0.0054, device='cuda:2'), tensor(0.0055, device='cuda:2'), tensor(0.0055, device='cuda:2'), tensor(0.0054, device='cuda:2'), tensor(0.0054, device='cuda:2'), tensor(0.0054, device='cuda:2'), tensor(0.0054, device='cuda:2'), tensor(0.0056, device='cuda:2'), tensor(0.0055, device='cuda:2'), tensor(0.0055, device='cuda:2'), tensor(0.0055, device='cuda:2'), tensor(0.0054, device='cuda:2'), tensor(0.0054, device='cuda:2')]"
79,"[tensor(0.0055, device='cuda:2'), tensor(0.0055, device='cuda:2'), tensor(0.0055, device='cuda:2'), tensor(0.0054, device='cuda:2'), tensor(0.0054, device='cuda:2'), tensor(0.0055, device='cuda:2'), tensor(0.0054, device='cuda:2'), tensor(0.0055, device='cuda:2'), tensor(0.0055, device='cuda:2'), tensor(0.0054, device='cuda:2'), tensor(0.0054, device='cuda:2'), tensor(0.0055, device='cuda:2'), tensor(0.0055, device='cuda:2'), tensor(0.0054, device='cuda:2'), tensor(0.0055, device='cuda:2'), tensor(0.0055, device='cuda:2'), tensor(0.0055, device='cuda:2'), tensor(0.0055, device='cuda:2'), tensor(0.0055, device='cuda:2'), tensor(0.0055, device='cuda:2'), tensor(0.0054, device='cuda:2'), tensor(0.0054, device='cuda:2'), tensor(0.0054, device='cuda:2'), tensor(0.0055, device='cuda:2'), tensor(0.0055, device='cuda:2')]"
80,"[tensor(0.0054, device='cuda:2'), tensor(0.0056, device='cuda:2'), tensor(0.0056, device='cuda:2'), tensor(0.0055, device='cuda:2'), tensor(0.0055, device='cuda:2'), tensor(0.0054, device='cuda:2'), tensor(0.0056, device='cuda:2'), tensor(0.0056, device='cuda:2'), tensor(0.0054, device='cuda:2'), tensor(0.0055, device='cuda:2'), tensor(0.0055, device='cuda:2'), tensor(0.0054, device='cuda:2'), tensor(0.0054, device='cuda:2'), tensor(0.0055, device='cuda:2'), tensor(0.0055, device='cuda:2'), tensor(0.0054, device='cuda:2'), tensor(0.0054, device='cuda:2'), tensor(0.0054, device='cuda:2'), tensor(0.0054, device='cuda:2'), tensor(0.0056, device='cuda:2'), tensor(0.0055, device='cuda:2'), tensor(0.0055, device='cuda:2'), tensor(0.0055, device='cuda:2'), tensor(0.0054, device='cuda:2'), tensor(0.0054, device='cuda:2')]"
81,"[tensor(0.0055, device='cuda:2'), tensor(0.0055, device='cuda:2'), tensor(0.0055, device='cuda:2'), tensor(0.0054, device='cuda:2'), tensor(0.0054, device='cuda:2'), tensor(0.0055, device='cuda:2'), tensor(0.0054, device='cuda:2'), tensor(0.0055, device='cuda:2'), tensor(0.0055, device='cuda:2'), tensor(0.0054, device='cuda:2'), tensor(0.0054, device='cuda:2'), tensor(0.0055, device='cuda:2'), tensor(0.0055, device='cuda:2'), tensor(0.0054, device='cuda:2'), tensor(0.0055, device='cuda:2'), tensor(0.0055, device='cuda:2'), tensor(0.0055, device='cuda:2'), tensor(0.0055, device='cuda:2'), tensor(0.0055, device='cuda:2'), tensor(0.0055, device='cuda:2'), tensor(0.0054, device='cuda:2'), tensor(0.0054, device='cuda:2'), tensor(0.0054, device='cuda:2'), tensor(0.0055, device='cuda:2'), tensor(0.0055, device='cuda:2')]"
82,"[tensor(0.0054, device='cuda:2'), tensor(0.0056, device='cuda:2'), tensor(0.0056, device='cuda:2'), tensor(0.0055, device='cuda:2'), tensor(0.0055, device='cuda:2'), tensor(0.0054, device='cuda:2'), tensor(0.0056, device='cuda:2'), tensor(0.0056, device='cuda:2'), tensor(0.0054, device='cuda:2'), tensor(0.0055, device='cuda:2'), tensor(0.0055, device='cuda:2'), tensor(0.0054, device='cuda:2'), tensor(0.0054, device='cuda:2'), tensor(0.0055, device='cuda:2'), tensor(0.0055, device='cuda:2'), tensor(0.0054, device='cuda:2'), tensor(0.0054, device='cuda:2'), tensor(0.0054, device='cuda:2'), tensor(0.0054, device='cuda:2'), tensor(0.0056, device='cuda:2'), tensor(0.0055, device='cuda:2'), tensor(0.0055, device='cuda:2'), tensor(0.0055, device='cuda:2'), tensor(0.0054, device='cuda:2'), tensor(0.0054, device='cuda:2')]"
83,"[tensor(0.0055, device='cuda:2'), tensor(0.0055, device='cuda:2'), tensor(0.0055, device='cuda:2'), tensor(0.0054, device='cuda:2'), tensor(0.0054, device='cuda:2'), tensor(0.0055, device='cuda:2'), tensor(0.0054, device='cuda:2'), tensor(0.0055, device='cuda:2'), tensor(0.0055, device='cuda:2'), tensor(0.0054, device='cuda:2'), tensor(0.0054, device='cuda:2'), tensor(0.0055, device='cuda:2'), tensor(0.0055, device='cuda:2'), tensor(0.0054, device='cuda:2'), tensor(0.0055, device='cuda:2'), tensor(0.0055, device='cuda:2'), tensor(0.0055, device='cuda:2'), tensor(0.0055, device='cuda:2'), tensor(0.0055, device='cuda:2'), tensor(0.0055, device='cuda:2'), tensor(0.0054, device='cuda:2'), tensor(0.0054, device='cuda:2'), tensor(0.0054, device='cuda:2'), tensor(0.0055, device='cuda:2'), tensor(0.0055, device='cuda:2')]"
84,"[tensor(0.0054, device='cuda:2'), tensor(0.0056, device='cuda:2'), tensor(0.0056, device='cuda:2'), tensor(0.0056, device='cuda:2'), tensor(0.0055, device='cuda:2'), tensor(0.0054, device='cuda:2'), tensor(0.0056, device='cuda:2'), tensor(0.0056, device='cuda:2'), tensor(0.0054, device='cuda:2'), tensor(0.0055, device='cuda:2'), tensor(0.0055, device='cuda:2'), tensor(0.0054, device='cuda:2'), tensor(0.0054, device='cuda:2'), tensor(0.0055, device='cuda:2'), tensor(0.0055, device='cuda:2'), tensor(0.0054, device='cuda:2'), tensor(0.0054, device='cuda:2'), tensor(0.0054, device='cuda:2'), tensor(0.0054, device='cuda:2'), tensor(0.0056, device='cuda:2'), tensor(0.0055, device='cuda:2'), tensor(0.0055, device='cuda:2'), tensor(0.0055, device='cuda:2'), tensor(0.0054, device='cuda:2'), tensor(0.0054, device='cuda:2')]"
85,"[tensor(0.0055, device='cuda:2'), tensor(0.0055, device='cuda:2'), tensor(0.0055, device='cuda:2'), tensor(0.0054, device='cuda:2'), tensor(0.0054, device='cuda:2'), tensor(0.0055, device='cuda:2'), tensor(0.0054, device='cuda:2'), tensor(0.0055, device='cuda:2'), tensor(0.0055, device='cuda:2'), tensor(0.0054, device='cuda:2'), tensor(0.0054, device='cuda:2'), tensor(0.0055, device='cuda:2'), tensor(0.0055, device='cuda:2'), tensor(0.0054, device='cuda:2'), tensor(0.0056, device='cuda:2'), tensor(0.0055, device='cuda:2'), tensor(0.0055, device='cuda:2'), tensor(0.0055, device='cuda:2'), tensor(0.0056, device='cuda:2'), tensor(0.0055, device='cuda:2'), tensor(0.0054, device='cuda:2'), tensor(0.0054, device='cuda:2'), tensor(0.0054, device='cuda:2'), tensor(0.0055, device='cuda:2'), tensor(0.0055, device='cuda:2')]"
86,"[tensor(0.0054, device='cuda:2'), tensor(0.0056, device='cuda:2'), tensor(0.0056, device='cuda:2'), tensor(0.0056, device='cuda:2'), tensor(0.0055, device='cuda:2'), tensor(0.0054, device='cuda:2'), tensor(0.0056, device='cuda:2'), tensor(0.0056, device='cuda:2'), tensor(0.0054, device='cuda:2'), tensor(0.0055, device='cuda:2'), tensor(0.0055, device='cuda:2'), tensor(0.0054, device='cuda:2'), tensor(0.0054, device='cuda:2'), tensor(0.0055, device='cuda:2'), tensor(0.0055, device='cuda:2'), tensor(0.0054, device='cuda:2'), tensor(0.0054, device='cuda:2'), tensor(0.0054, device='cuda:2'), tensor(0.0054, device='cuda:2'), tensor(0.0056, device='cuda:2'), tensor(0.0055, device='cuda:2'), tensor(0.0055, device='cuda:2'), tensor(0.0055, device='cuda:2'), tensor(0.0054, device='cuda:2'), tensor(0.0054, device='cuda:2')]"
87,"[tensor(0.0055, device='cuda:2'), tensor(0.0055, device='cuda:2'), tensor(0.0055, device='cuda:2'), tensor(0.0054, device='cuda:2'), tensor(0.0054, device='cuda:2'), tensor(0.0055, device='cuda:2'), tensor(0.0054, device='cuda:2'), tensor(0.0055, device='cuda:2'), tensor(0.0055, device='cuda:2'), tensor(0.0054, device='cuda:2'), tensor(0.0054, device='cuda:2'), tensor(0.0055, device='cuda:2'), tensor(0.0055, device='cuda:2'), tensor(0.0054, device='cuda:2'), tensor(0.0056, device='cuda:2'), tensor(0.0056, device='cuda:2'), tensor(0.0055, device='cuda:2'), tensor(0.0055, device='cuda:2'), tensor(0.0056, device='cuda:2'), tensor(0.0055, device='cuda:2'), tensor(0.0054, device='cuda:2'), tensor(0.0054, device='cuda:2'), tensor(0.0054, device='cuda:2'), tensor(0.0055, device='cuda:2'), tensor(0.0055, device='cuda:2')]"
88,"[tensor(0.0054, device='cuda:2'), tensor(0.0056, device='cuda:2'), tensor(0.0056, device='cuda:2'), tensor(0.0056, device='cuda:2'), tensor(0.0055, device='cuda:2'), tensor(0.0054, device='cuda:2'), tensor(0.0056, device='cuda:2'), tensor(0.0056, device='cuda:2'), tensor(0.0054, device='cuda:2'), tensor(0.0055, device='cuda:2'), tensor(0.0055, device='cuda:2'), tensor(0.0054, device='cuda:2'), tensor(0.0054, device='cuda:2'), tensor(0.0055, device='cuda:2'), tensor(0.0055, device='cuda:2'), tensor(0.0054, device='cuda:2'), tensor(0.0054, device='cuda:2'), tensor(0.0054, device='cuda:2'), tensor(0.0054, device='cuda:2'), tensor(0.0056, device='cuda:2'), tensor(0.0055, device='cuda:2'), tensor(0.0055, device='cuda:2'), tensor(0.0056, device='cuda:2'), tensor(0.0054, device='cuda:2'), tensor(0.0054, device='cuda:2')]"
89,"[tensor(0.0055, device='cuda:2'), tensor(0.0055, device='cuda:2'), tensor(0.0055, device='cuda:2'), tensor(0.0054, device='cuda:2'), tensor(0.0054, device='cuda:2'), tensor(0.0056, device='cuda:2'), tensor(0.0054, device='cuda:2'), tensor(0.0055, device='cuda:2'), tensor(0.0055, device='cuda:2'), tensor(0.0054, device='cuda:2'), tensor(0.0054, device='cuda:2'), tensor(0.0056, device='cuda:2'), tensor(0.0055, device='cuda:2'), tensor(0.0054, device='cuda:2'), tensor(0.0056, device='cuda:2'), tensor(0.0056, device='cuda:2'), tensor(0.0055, device='cuda:2'), tensor(0.0055, device='cuda:2'), tensor(0.0056, device='cuda:2'), tensor(0.0055, device='cuda:2'), tensor(0.0054, device='cuda:2'), tensor(0.0054, device='cuda:2'), tensor(0.0054, device='cuda:2'), tensor(0.0055, device='cuda:2'), tensor(0.0056, device='cuda:2')]"
90,"[tensor(0.0054, device='cuda:2'), tensor(0.0056, device='cuda:2'), tensor(0.0056, device='cuda:2'), tensor(0.0056, device='cuda:2'), tensor(0.0055, device='cuda:2'), tensor(0.0054, device='cuda:2'), tensor(0.0056, device='cuda:2'), tensor(0.0056, device='cuda:2'), tensor(0.0054, device='cuda:2'), tensor(0.0055, device='cuda:2'), tensor(0.0055, device='cuda:2'), tensor(0.0054, device='cuda:2'), tensor(0.0054, device='cuda:2'), tensor(0.0055, device='cuda:2'), tensor(0.0055, device='cuda:2'), tensor(0.0054, device='cuda:2'), tensor(0.0054, device='cuda:2'), tensor(0.0054, device='cuda:2'), tensor(0.0054, device='cuda:2'), tensor(0.0056, device='cuda:2'), tensor(0.0055, device='cuda:2'), tensor(0.0055, device='cuda:2'), tensor(0.0056, device='cuda:2'), tensor(0.0054, device='cuda:2'), tensor(0.0054, device='cuda:2')]"
91,"[tensor(0.0055, device='cuda:2'), tensor(0.0055, device='cuda:2'), tensor(0.0055, device='cuda:2'), tensor(0.0054, device='cuda:2'), tensor(0.0054, device='cuda:2'), tensor(0.0056, device='cuda:2'), tensor(0.0054, device='cuda:2'), tensor(0.0055, device='cuda:2'), tensor(0.0055, device='cuda:2'), tensor(0.0054, device='cuda:2'), tensor(0.0054, device='cuda:2'), tensor(0.0056, device='cuda:2'), tensor(0.0056, device='cuda:2'), tensor(0.0054, device='cuda:2'), tensor(0.0056, device='cuda:2'), tensor(0.0056, device='cuda:2'), tensor(0.0055, device='cuda:2'), tensor(0.0055, device='cuda:2'), tensor(0.0056, device='cuda:2'), tensor(0.0055, device='cuda:2'), tensor(0.0054, device='cuda:2'), tensor(0.0054, device='cuda:2'), tensor(0.0054, device='cuda:2'), tensor(0.0056, device='cuda:2'), tensor(0.0056, device='cuda:2')]"
92,"[tensor(0.0054, device='cuda:2'), tensor(0.0056, device='cuda:2'), tensor(0.0056, device='cuda:2'), tensor(0.0056, device='cuda:2'), tensor(0.0055, device='cuda:2'), tensor(0.0054, device='cuda:2'), tensor(0.0056, device='cuda:2'), tensor(0.0056, device='cuda:2'), tensor(0.0054, device='cuda:2'), tensor(0.0055, device='cuda:2'), tensor(0.0055, device='cuda:2'), tensor(0.0054, device='cuda:2'), tensor(0.0054, device='cuda:2'), tensor(0.0055, device='cuda:2'), tensor(0.0055, device='cuda:2'), tensor(0.0054, device='cuda:2'), tensor(0.0054, device='cuda:2'), tensor(0.0054, device='cuda:2'), tensor(0.0054, device='cuda:2'), tensor(0.0056, device='cuda:2'), tensor(0.0055, device='cuda:2'), tensor(0.0055, device='cuda:2'), tensor(0.0056, device='cuda:2'), tensor(0.0054, device='cuda:2'), tensor(0.0054, device='cuda:2')]"
93,"[tensor(0.0055, device='cuda:2'), tensor(0.0055, device='cuda:2'), tensor(0.0055, device='cuda:2'), tensor(0.0054, device='cuda:2'), tensor(0.0054, device='cuda:2'), tensor(0.0056, device='cuda:2'), tensor(0.0054, device='cuda:2'), tensor(0.0055, device='cuda:2'), tensor(0.0055, device='cuda:2'), tensor(0.0054, device='cuda:2'), tensor(0.0054, device='cuda:2'), tensor(0.0056, device='cuda:2'), tensor(0.0056, device='cuda:2'), tensor(0.0054, device='cuda:2'), tensor(0.0056, device='cuda:2'), tensor(0.0056, device='cuda:2'), tensor(0.0055, device='cuda:2'), tensor(0.0055, device='cuda:2'), tensor(0.0056, device='cuda:2'), tensor(0.0055, device='cuda:2'), tensor(0.0054, device='cuda:2'), tensor(0.0054, device='cuda:2'), tensor(0.0054, device='cuda:2'), tensor(0.0056, device='cuda:2'), tensor(0.0056, device='cuda:2')]"
94,"[tensor(0.0054, device='cuda:2'), tensor(0.0056, device='cuda:2'), tensor(0.0056, device='cuda:2'), tensor(0.0056, device='cuda:2'), tensor(0.0055, device='cuda:2'), tensor(0.0054, device='cuda:2'), tensor(0.0056, device='cuda:2'), tensor(0.0056, device='cuda:2'), tensor(0.0054, device='cuda:2'), tensor(0.0055, device='cuda:2'), tensor(0.0055, device='cuda:2'), tensor(0.0054, device='cuda:2'), tensor(0.0055, device='cuda:2'), tensor(0.0055, device='cuda:2'), tensor(0.0055, device='cuda:2'), tensor(0.0054, device='cuda:2'), tensor(0.0054, device='cuda:2'), tensor(0.0054, device='cuda:2'), tensor(0.0054, device='cuda:2'), tensor(0.0056, device='cuda:2'), tensor(0.0056, device='cuda:2'), tensor(0.0055, device='cuda:2'), tensor(0.0056, device='cuda:2'), tensor(0.0054, device='cuda:2'), tensor(0.0054, device='cuda:2')]"
95,"[tensor(0.0055, device='cuda:2'), tensor(0.0055, device='cuda:2'), tensor(0.0055, device='cuda:2'), tensor(0.0054, device='cuda:2'), tensor(0.0054, device='cuda:2'), tensor(0.0056, device='cuda:2'), tensor(0.0054, device='cuda:2'), tensor(0.0055, device='cuda:2'), tensor(0.0056, device='cuda:2'), tensor(0.0054, device='cuda:2'), tensor(0.0054, device='cuda:2'), tensor(0.0056, device='cuda:2'), tensor(0.0056, device='cuda:2'), tensor(0.0054, device='cuda:2'), tensor(0.0056, device='cuda:2'), tensor(0.0056, device='cuda:2'), tensor(0.0055, device='cuda:2'), tensor(0.0055, device='cuda:2'), tensor(0.0056, device='cuda:2'), tensor(0.0055, device='cuda:2'), tensor(0.0054, device='cuda:2'), tensor(0.0054, device='cuda:2'), tensor(0.0054, device='cuda:2'), tensor(0.0056, device='cuda:2'), tensor(0.0056, device='cuda:2')]"
96,"[tensor(0.0054, device='cuda:2'), tensor(0.0056, device='cuda:2'), tensor(0.0056, device='cuda:2'), tensor(0.0056, device='cuda:2'), tensor(0.0055, device='cuda:2'), tensor(0.0054, device='cuda:2'), tensor(0.0056, device='cuda:2'), tensor(0.0056, device='cuda:2'), tensor(0.0054, device='cuda:2'), tensor(0.0055, device='cuda:2'), tensor(0.0056, device='cuda:2'), tensor(0.0054, device='cuda:2'), tensor(0.0055, device='cuda:2'), tensor(0.0055, device='cuda:2'), tensor(0.0055, device='cuda:2'), tensor(0.0054, device='cuda:2'), tensor(0.0054, device='cuda:2'), tensor(0.0054, device='cuda:2'), tensor(0.0054, device='cuda:2'), tensor(0.0056, device='cuda:2'), tensor(0.0055, device='cuda:2'), tensor(0.0055, device='cuda:2'), tensor(0.0056, device='cuda:2'), tensor(0.0054, device='cuda:2'), tensor(0.0054, device='cuda:2')]"
97,"[tensor(0.0055, device='cuda:2'), tensor(0.0055, device='cuda:2'), tensor(0.0055, device='cuda:2'), tensor(0.0054, device='cuda:2'), tensor(0.0054, device='cuda:2'), tensor(0.0056, device='cuda:2'), tensor(0.0054, device='cuda:2'), tensor(0.0055, device='cuda:2'), tensor(0.0056, device='cuda:2'), tensor(0.0054, device='cuda:2'), tensor(0.0054, device='cuda:2'), tensor(0.0056, device='cuda:2'), tensor(0.0056, device='cuda:2'), tensor(0.0054, device='cuda:2'), tensor(0.0056, device='cuda:2'), tensor(0.0056, device='cuda:2'), tensor(0.0055, device='cuda:2'), tensor(0.0056, device='cuda:2'), tensor(0.0056, device='cuda:2'), tensor(0.0055, device='cuda:2'), tensor(0.0054, device='cuda:2'), tensor(0.0054, device='cuda:2'), tensor(0.0054, device='cuda:2'), tensor(0.0056, device='cuda:2'), tensor(0.0056, device='cuda:2')]"
98,"[tensor(0.0054, device='cuda:2'), tensor(0.0056, device='cuda:2'), tensor(0.0056, device='cuda:2'), tensor(0.0056, device='cuda:2'), tensor(0.0055, device='cuda:2'), tensor(0.0054, device='cuda:2'), tensor(0.0056, device='cuda:2'), tensor(0.0056, device='cuda:2'), tensor(0.0054, device='cuda:2'), tensor(0.0055, device='cuda:2'), tensor(0.0056, device='cuda:2'), tensor(0.0054, device='cuda:2'), tensor(0.0054, device='cuda:2'), tensor(0.0055, device='cuda:2'), tensor(0.0055, device='cuda:2'), tensor(0.0054, device='cuda:2'), tensor(0.0054, device='cuda:2'), tensor(0.0054, device='cuda:2'), tensor(0.0054, device='cuda:2'), tensor(0.0056, device='cuda:2'), tensor(0.0056, device='cuda:2'), tensor(0.0056, device='cuda:2'), tensor(0.0056, device='cuda:2'), tensor(0.0054, device='cuda:2'), tensor(0.0054, device='cuda:2')]"
99,"[tensor(0.0055, device='cuda:2'), tensor(0.0055, device='cuda:2'), tensor(0.0055, device='cuda:2'), tensor(0.0054, device='cuda:2'), tensor(0.0054, device='cuda:2'), tensor(0.0056, device='cuda:2'), tensor(0.0054, device='cuda:2'), tensor(0.0055, device='cuda:2'), tensor(0.0056, device='cuda:2'), tensor(0.0054, device='cuda:2'), tensor(0.0054, device='cuda:2'), tensor(0.0056, device='cuda:2'), tensor(0.0056, device='cuda:2'), tensor(0.0054, device='cuda:2'), tensor(0.0056, device='cuda:2'), tensor(0.0056, device='cuda:2'), tensor(0.0055, device='cuda:2'), tensor(0.0056, device='cuda:2'), tensor(0.0056, device='cuda:2'), tensor(0.0055, device='cuda:2'), tensor(0.0054, device='cuda:2'), tensor(0.0054, device='cuda:2'), tensor(0.0054, device='cuda:2'), tensor(0.0056, device='cuda:2'), tensor(0.0056, device='cuda:2')]"
